0.6784943342208862,1.2070894241333008,25.932050704956055
0.8342829346656799,3.1107475757598877,28.013896942138672
0.5460258722305298,3.112326145172119,91.952392578125
0.5927816033363342,2.647893190383911,49.99652099609375
0.666203498840332,2.4520511627197266,5.382102012634277
0.6061626076698303,3.76888108253479,0.7122330069541931
0.509766161441803,2.87056565284729,0.5471072196960449
0.5788724422454834,2.944669723510742,0.43722543120384216
0.810885488986969,1.6458171606063843,0.07834023982286453
0.5174180269241333,2.7588376998901367,0.5251624584197998
0.7106893062591553,2.8533029556274414,0.3110791742801666
0.6189663410186768,1.728743553161621,0.006052020005881786
0.8555800318717957,6.195744037628174,0.005947487894445658
0.721690833568573,6.586188316345215,0.013119413517415524
0.7995278835296631,6.8355255126953125,0.008714339695870876
0.7073061466217041,5.863475799560547,0.010052378289401531
0.7943959832191467,7.794593811035156,0.00835786759853363
0.6923235058784485,7.213714599609375,0.013281639665365219
0.6490121483802795,6.950240612030029,0.01627792790532112
0.7159166932106018,7.7441935539245605,0.014999554492533207
0.6713247895240784,7.689072132110596,0.015317514538764954
0.7143679857254028,7.920767784118652,0.014566296711564064
0.604378342628479,5.986240386962891,0.01793966069817543
0.649220883846283,7.213132858276367,0.02012542076408863
0.7614535093307495,9.046467781066895,0.017817934975028038
0.744496762752533,7.935609340667725,0.017122317105531693
0.6890082955360413,6.7305097579956055,0.019099459052085876
0.5450301766395569,3.798872947692871,2.369990348815918
0.5742928981781006,4.575776100158691,2.5349647998809814
0.5015498995780945,3.9451100826263428,2.9301939010620117
0.7093691825866699,8.44018268585205,2.584348201751709
0.3588050901889801,6.599582672119141,3.683427333831787
0.4535515010356903,2.1666786670684814,0.9050662517547607
0.5342505574226379,7.583858966827393,2.292243719100952
0.40375760197639465,7.392614364624023,3.7849786281585693
0.33081158995628357,6.523189067840576,4.574998378753662
0.2988412380218506,5.209038734436035,4.254478454589844
0.4020445942878723,7.696026802062988,4.20732307434082
0.5994867086410522,5.333361625671387,1.2489427328109741
0.571062445640564,9.385034561157227,1.875393033027649
0.5654871463775635,11.981316566467285,3.411433458328247
0.6030788421630859,11.861078262329102,2.3726229667663574
0.6010746955871582,9.390146255493164,2.735377073287964
0.515543520450592,10.287443161010742,4.349658012390137
0.7584789395332336,17.839500427246094,2.800194025039673
0.6423085927963257,6.857521057128906,1.8824608325958252
0.6811720728874207,11.86777114868164,2.738184928894043
0.5791023373603821,4.538869857788086,1.6261589527130127
0.8056821823120117,23.18821907043457,2.756831645965576
0.7553346753120422,5.674055099487305,1.1361874341964722
0.6564080715179443,12.95899486541748,4.193375587463379
0.7656031847000122,11.072216033935547,2.095588207244873
0.51214599609375,3.896758556365967,2.289936065673828
0.6309865713119507,7.782937526702881,2.807950019836426
0.7066279649734497,6.119692802429199,1.5674049854278564
0.6293864250183105,6.19453239440918,2.2502784729003906
0.7467586994171143,10.409343719482422,2.1777169704437256
0.6885142922401428,12.736175537109375,3.5545778274536133
0.7374969720840454,7.200017929077148,1.580998182296753
0.7009537816047668,9.654264450073242,2.5409250259399414
0.6802639961242676,11.048896789550781,3.2037363052368164
0.7164875268936157,11.760478973388672,2.870861053466797
0.5637183785438538,4.581357002258301,2.1873719692230225
0.5744413733482361,5.522111892700195,2.523729085922241
0.7488996386528015,12.998590469360352,2.6484999656677246
0.638518750667572,10.697425842285156,3.66666579246521
0.6231774091720581,8.375228881835938,3.0662102699279785
0.6972235441207886,9.1376953125,2.4025180339813232
0.6424626111984253,11.374938011169434,3.8326807022094727
0.5533377528190613,5.569916725158691,2.584341526031494
0.5817006826400757,7.693141937255859,3.179828405380249
0.7733180522918701,13.406156539916992,2.2587873935699463
0.7103183269500732,11.030969619750977,2.58579421043396
0.6811408400535583,8.799195289611816,2.3676486015319824
0.5329799056053162,4.844619274139404,2.4400384426116943
0.8574394583702087,41.86320114135742,4.0007429122924805
0.4380427896976471,4.541714668273926,2.098461627960205
0.6716607809066772,15.98880386352539,2.815031051635742
0.5175259709358215,8.635107040405273,2.8993728160858154
0.4785293936729431,5.383362770080566,2.098627805709839
0.6427079439163208,7.861977577209473,1.5635151863098145
0.5293542146682739,11.059157371520996,3.5174694061279297
0.49292871356010437,6.249446868896484,2.2997841835021973
0.4963974952697754,9.417192459106445,3.417750358581543
0.5778130888938904,13.285204887390137,3.472532272338867
0.7612209320068359,37.024742126464844,4.154685020446777
0.7867081165313721,29.26260757446289,2.8381435871124268
0.5487992167472839,9.85710620880127,2.899120807647705
0.7855604290962219,33.20639419555664,3.242706298828125
0.5020444393157959,17.145801544189453,6.083684921264648
0.9111032485961914,81.46002960205078,2.843306064605713
0.3614545464515686,3.7885055541992188,2.3942341804504395
0.6584673523902893,0.08839753270149231,0.016070974990725517
0.7675829529762268,0.24447283148765564,0.024866357445716858
0.44180017709732056,0.09667682647705078,0.032496169209480286
0.5302436351776123,0.2067812979221344,0.053167760372161865
0.34327027201652527,0.02269727736711502,0.019059261307120323
0.017209522426128387,163.57920837402344,0.339399516582489
0.13465161621570587,2691.5361328125,0.6472305059432983
0.14592941105365753,1930.9632568359375,0.5292115211486816
0.04010099172592163,570.6986083984375,0.6397077441215515
0.25125983357429504,5076.05078125,0.7546355724334717
0.04526481404900551,896.1254272460938,0.9429620504379272
0.021010003983974457,312.26220703125,1.0896297693252563
0.12656305730342865,2108.1474609375,1.11495041847229
0.14143091440200806,2262.54150390625,1.0525856018066406
0.11023802310228348,1801.765625,1.114475965499878
0.03227255120873451,660.92138671875,1.518796443939209
0.12439251691102982,2086.875244140625,1.3224917650222778
0.06035425886511803,982.0765991210938,1.3765209913253784
0.3016412854194641,6713.17724609375,1.4802334308624268
0.0030317434575408697,64.77383422851562,2.104743480682373
0.1328262984752655,2499.24951171875,2.1915812492370605
0.07622775435447693,1214.874755859375,1.9784624576568604
0.047465674579143524,982.0068359375,2.690021514892578
0.21542447805404663,4913.14697265625,2.5096232891082764
0.1512097865343094,4781.1103515625,3.764075994491577
0.43681731820106506,17985.857421875,3.4980034828186035
0.04903249815106392,2293.46337890625,2.12611985206604
0.1362716257572174,9047.470703125,2.7410261631011963
0.07328476011753082,5898.474609375,3.56522274017334
0.07259806245565414,7279.26171875,4.686900615692139
0.0002416780625935644,21.302621841430664,4.7683820724487305
0.00024090989609248936,19.11708641052246,4.292819499969482
0.00018733739852905273,16.12599754333496,4.656943321228027
0.0008253243868239224,56.218990325927734,3.6828160285949707
0.00017225486226379871,16.13821029663086,5.068615436553955
0.0002582726301625371,29.222949981689453,6.351361274719238
0.0003083779301960021,24.023338317871094,4.397365570068359
0.0001911567960632965,17.186729431152344,5.075711250305176
0.0007437986205331981,60.499629974365234,4.589344501495361
0.0011523733846843243,89.28369140625,4.369729518890381
0.033250968903303146,3536.473876953125,5.805723190307617
0.08778396993875504,9508.974609375,5.579465389251709
0.21033820509910583,19912.1953125,4.221031188964844
0.04920002445578575,4978.32373046875,5.716884136199951
0.08535807579755783,7032.431640625,4.477797031402588
0.6774395704269409,27.068805694580078,0.2860662341117859
0.5617815852165222,32.22233963012695,0.5578753352165222
0.40678489208221436,17.016651153564453,0.5696285963058472
0.34693461656570435,11.33425521850586,0.4897475838661194
0.5174518823623657,19.471683502197266,0.4168161451816559
0.5095200538635254,27.8448486328125,0.6018508672714233
0.4863872528076172,21.19780921936035,0.5033279657363892
0.43269866704940796,20.824365615844727,0.6139124631881714
0.4302064776420593,26.528884887695312,0.7485033273696899
0.4774453341960907,29.624862670898438,0.709856390953064
0.4306460916996002,26.567033767700195,0.7689727544784546
0.3913397789001465,20.829204559326172,0.7092505693435669
0.40831926465034485,21.41476821899414,0.6793709397315979
0.7658286094665527,145.05978393554688,0.6663012504577637
0.5981644988059998,118.97952270507812,0.6512539386749268
0.5255332589149475,107.28421020507812,0.626226544380188
0.4742463231086731,89.57991027832031,0.6420652270317078
0.5933027267456055,148.81044006347656,0.6595054864883423
0.5207481384277344,111.86569213867188,0.6656150817871094
0.4684942364692688,89.63409423828125,0.6574565768241882
0.4819493293762207,107.42558288574219,0.7465669512748718
0.5194492340087891,122.358642578125,0.7318480014801025
0.6551575064659119,92.02672576904297,0.31316930055618286
0.6862724423408508,98.85113525390625,0.29216480255126953
0.6295568943023682,77.1816177368164,0.2936233580112457
0.8137616515159607,170.75929260253906,0.25266578793525696
0.8023439049720764,155.9396514892578,0.24836835265159607
0.7800924181938171,166.78271484375,0.27636459469795227
0.8266120553016663,211.99269104003906,0.26138171553611755
0.7748223543167114,144.00172424316406,0.24599602818489075
0.6110057830810547,95.810791015625,0.3585498034954071
0.7667622566223145,153.48141479492188,0.27442967891693115
0.6840506196022034,89.05602264404297,0.2268730252981186
0.6723213195800781,97.30303955078125,0.2615700364112854
0.5753858089447021,97.68878173828125,0.39762192964553833
0.501783013343811,47.24933624267578,0.2587548792362213
0.6914994120597839,87.38490295410156,0.21502593159675598
0.5199850797653198,69.29319763183594,0.2754182815551758
0.6476035714149475,110.54937744140625,0.2590101361274719
0.6447558999061584,88.25424194335938,0.2093656361103058
0.6622300148010254,97.14847564697266,0.2133469581604004
0.6357153654098511,84.65048217773438,0.20885539054870605
0.48171111941337585,48.53127670288086,0.22482526302337646
0.5341355800628662,68.8289794921875,0.2584744095802307
0.44677379727363586,60.880470275878906,0.3245871067047119
0.3774297535419464,32.35411071777344,0.23220950365066528
0.39923593401908875,47.92176818847656,0.3137657046318054
0.2875180244445801,23.9935302734375,0.2587028741836548
0.22873061895370483,16.470836639404297,0.24165496230125427
0.10842158645391464,6.28340482711792,0.22482112050056458
0.3953787386417389,44.781715393066406,0.29796767234802246
0.09009005129337311,6.09116268157959,0.26768258213996887
0.3126923441886902,26.217769622802734,0.25074252486228943
0.33028262853622437,30.895328521728516,0.2725818455219269
0.34040412306785583,28.90508270263672,0.2437000572681427
0.4341924786567688,40.250553131103516,0.22822153568267822
0.2761634290218353,23.31924057006836,0.2659420967102051
0.3323418200016022,25.577098846435547,0.2235727161169052
0.1784704476594925,12.867379188537598,0.2577183246612549
0.504395604133606,57.42485427856445,0.24550600349903107
0.26299482583999634,19.462451934814453,0.2373117208480835
0.21154606342315674,8.537384986877441,0.1384505182504654
0.3507240414619446,33.83915328979492,0.27257221937179565
0.16102610528469086,12.062718391418457,0.27346116304397583
0.12490790337324142,7.624829292297363,0.23243005573749542
0.023239433765411377,1.4265992641448975,0.2608932852745056
0.09971305727958679,7.794946670532227,0.3061428368091583
0.42157334089279175,32.95331954956055,0.19667822122573853
0.04803077504038811,2.1416585445404053,0.1846441626548767
0.32678455114364624,32.23809051513672,0.2888975441455841
0.26023146510124207,25.851011276245117,0.3196653425693512
0.09614823013544083,5.795272350311279,0.23698005080223083
0.24063162505626678,16.912206649780273,0.2321571707725525
0.1360340267419815,13.771827697753906,0.38047197461128235
0.017430612817406654,1.3154189586639404,0.3225497305393219
0.03455990552902222,2.077908515930176,0.25249990820884705
0.3742893636226654,25.79274559020996,0.18756234645843506
0.2100221812725067,17.413240432739258,0.28485536575317383
0.023688266053795815,1.6839154958724976,0.30183568596839905
0.06049797311425209,4.352932453155518,0.2939909100532532
0.10547436773777008,6.87943696975708,0.25374287366867065
0.03001764416694641,1.5264225006103516,0.21451471745967865
0.2927137315273285,18.443256378173828,0.19381386041641235
0.04749159514904022,1.4454586505889893,0.1260819137096405
0.09288418292999268,5.30640172958374,0.22525951266288757
0.23136849701404572,13.5877103805542,0.19621053338050842
0.19640417397022247,12.36659049987793,0.21993735432624817
0.032921046018600464,2.0719778537750244,0.2645668685436249
0.02364489994943142,1.388196587562561,0.24916288256645203
0.018908370286226273,1.344999074935913,0.3033468425273895
0.03847503289580345,2.2085070610046387,0.23990671336650848
0.17857865989208221,15.06447982788086,0.3011983633041382
0.2216230034828186,18.73594093322754,0.28603076934814453
0.021043997257947922,1.146262764930725,0.23178277909755707
0.015742149204015732,0.9577944278717041,0.2603030204772949
0.02431637793779373,1.4457935094833374,0.25216129422187805
0.02123146317899227,1.223372459411621,0.24514374136924744
0.02150084264576435,1.1902565956115723,0.23545485734939575
0.07326045632362366,4.577952861785889,0.25172215700149536
0.030688466504216194,1.3168095350265503,0.1807895004749298
0.018921000882983208,1.0418273210525513,0.23481057584285736
0.5455417037010193,31.00967788696289,0.5655479431152344
0.5335055589675903,30.367717742919922,0.5813339948654175
0.46212679147720337,25.978055953979492,0.6619594693183899
0.46871936321258545,23.84646224975586,0.49776408076286316
0.5065118074417114,35.41530227661133,0.6354284286499023
0.3302857279777527,17.626577377319336,0.6243069171905518
0.38852131366729736,21.131364822387695,0.5809308290481567
0.3211458921432495,15.781233787536621,0.5827004909515381
0.43685460090637207,31.03463363647461,0.6988124251365662
0.43806737661361694,27.589801788330078,0.6181904077529907
0.4691045880317688,39.71308135986328,0.785060703754425
0.3241068720817566,20.111318588256836,0.7325895428657532
[tensor(0.6198), tensor(0.1606), tensor(0.2195)],0.857276201248169,0.19150590896606445
[tensor(0.2378), tensor(0.2160), tensor(0.5462)],0.6383116245269775,0.5338430404663086
[tensor(0.2558), tensor(0.1018), tensor(0.6424)],0.4899604618549347,0.1795814484357834
[tensor(0.0964), tensor(0.1045), tensor(0.7991)],1.336094856262207,1.155832052230835
[tensor(0.5629), tensor(0.0559), tensor(0.3812)],2.298062562942505,0.19916653633117676
[tensor(0.8758), tensor(0.0429), tensor(0.0813)],3.3702707290649414,0.14384931325912476
[tensor(0.6106), tensor(0.0615), tensor(0.3279)],3.0937154293060303,0.2718338966369629
[tensor(0.7829), tensor(0.0391), tensor(0.1780)],2.234304189682007,0.09720773249864578
[tensor(0.0127), tensor(0.0054), tensor(0.9819)],2.1261658668518066,0.7829934358596802
[tensor(0.0082), tensor(0.0086), tensor(0.9832)],2.4246034622192383,2.218170166015625
[tensor(0.0056), tensor(0.0127), tensor(0.9817)],1.3764381408691406,3.0792908668518066
[tensor(0.0036), tensor(0.0042), tensor(0.9922)],1.9041424989700317,2.207180976867676
[tensor(0.0050), tensor(0.0129), tensor(0.9821)],1.9785372018814087,4.958384990692139
