60.0 420.0 0
59.94132094514689 420.0189733071104 0
59.88263702443284 420.03792289039495 0
59.82394824743588 420.05684878369425 0
59.765254623702425 420.0757510207066 0
59.70655616274736 420.0946296349874 0
59.647852874054095 420.11348465994945 0
59.58914476707464 420.1323161288626 0
59.530431851229764 420.151124074854 0
59.47171413590897 420.16990853090783 0
59.41299163047065 420.18866952986514 0
59.354264344242154 420.20740710442396 0
59.295532286519865 420.2261212871393 0
59.23679546656927 420.24481211042274 0
59.17805389362507 420.2634796065429 0
59.11930757689122 420.2821238076247 0
59.06055652554108 420.3007447456499 0
59.00180074871743 420.31934245245674 0
58.94304025553258 420.3379169597398 0
58.88427505506845 420.35646829905016 0
58.82550515637668 420.3749965017951 0
58.76673056847866 420.39350159923833 0
58.707951300365636 420.41198362249946 0
58.64916736099883 420.4304426025545 0
58.59037875930945 420.44887857023525 0
58.53158550419885 420.46729155622955 0
58.47278760453855 420.4856815910813 0
58.41398506917036 420.5040487051899 0
58.35517790690643 420.5223929288108 0
58.29636612652936 420.540714292055 0
58.23754973679227 420.559012824889 0
58.178728746418905 420.57728855713503 0
58.11990316410367 420.59554151847067 0
58.06107299851176 420.6137717384289 0
58.00223825827923 420.6319792463981 0
57.943398952013055 420.65016407162176 0
57.884555088291236 420.6683262431987 0
57.825706675662914 420.68646579008265 0
57.76685372264837 420.7045827410825 0
57.707996237739174 420.72267712486206 0
57.64913422939827 420.74074896994 0
57.590267706060004 420.75879830468983 0
57.531396676130285 420.7768251573398 0
57.47252114798659 420.7948295559727 0
57.4136411299781 420.81281152852597 0
57.35475663042578 420.83077110279163 0
57.29586765762244 420.848708306416 0
57.2369742198328 420.8666231668997 0
57.17807632529366 420.884515711598 0
57.11917398221389 420.9023859677198 0
57.06026719877454 420.9202339623286 0
57.00135598312896 420.9380597223417 0
56.942440343402836 420.95586327453043 0
56.88352028769431 420.97364464552 0
56.82459582407405 420.99140386178937 0
56.76566696058531 421.0091409496714 0
56.70673370524405 421.02685593535244 0
56.647796066039014 421.0445488448725 0
56.588854050931786 421.0622197041251 0
56.529907667856904 421.07986853885706 0
56.470956924721946 421.09749537466865 0
56.41200182940758 421.11510023701334 0
56.35304238976767 421.13268315119785 0
56.29407861362939 421.15024414238195 0
56.23511050879323 421.1677832355784 0
56.176138083033145 421.1853004556529 0
56.117161344096644 421.20279582732405 0
56.05818029970483 421.2202693751632 0
55.999194957552504 421.2377211235943 0
55.94020532530826 421.2551510968941 0
55.88121141061457 421.27255931919177 0
55.82221322108783 421.2899458144688 0
55.76321076431849 421.30731060655927 0
55.704204047871116 421.32465371914935 0
55.64519307928449 421.34197517577746 0
55.586177866071665 421.3592749998342 0
55.52715841572009 421.3765532145621 0
55.46813473569165 421.39380984305564 0
55.4091068334228 421.4110449082612 0
55.35007471632458 421.42825843297686 0
55.29103839178279 421.44545043985244 0
55.231997867158 421.4626209513893 0
55.17295314978568 421.47976998994034 0
55.11390424697622 421.49689757770983 0
55.05485116601512 421.5140037367536 0
54.99579391416299 421.5310884889783 0
54.93673249865564 421.54815185614217 0
54.877666926704215 421.5651938598543 0
54.81859720549524 421.58221452157466 0
54.759523342190704 421.5992138626144 0
54.700445343928166 421.6161919041353 0
54.64136321782084 421.6331486671498 0
54.582276970957636 421.6500841725211 0
54.52318661040333 421.66699844096286 0
54.464092143198535 421.68389149303914 0
54.4049935763599 421.70076334916445 0
54.34589091688011 421.7176140296035 0
54.28678417172803 421.73444355447117 0
54.22767334784875 421.7512519437324 0
54.16855845216368 421.7680392172022 0
54.10943949157066 421.7848053945454 0
54.050316472944004 421.8015504952766 0
53.99118940313463 421.81827453876014 0
53.9320582889701 421.83497754420995 0
53.87292313725473 421.85165953068946 0
53.81378395476969 421.86832051711167 0
53.75464074827306 421.88496052223866 0
53.69549352449992 421.9015795646819 0
53.63634229016247 421.91817766290194 0
53.577187051950055 421.9347548352084 0
53.51802781652931 421.95131109975983 0
53.458864590544216 421.96784647456354 0
53.39969738061618 421.98436097747566 0
53.34052619334414 422.00085462620103 0
53.281351035304624 422.0173274382929 0
53.22217191305188 422.03377943115305 0
53.16298883311792 422.05021062203156 0
53.10380180201262 422.0666210280268 0
53.0446108262238 422.08301066608533 0
52.985415912217334 422.09937955300165 0
52.92621706643721 422.11572770541824 0
52.86701429530562 422.1320551398255 0
52.80780760522306 422.1483618725615 0
52.7485970025684 422.16464791981196 0
52.689382493698965 422.1809132976101 0
52.63016408495066 422.19715802183674 0
52.570941782638016 422.2133821082199 0
52.51171559305427 422.2295855723347 0
52.452485522471505 422.2457684296037 0
52.39325157714068 422.26193069529614 0
52.334013763291736 422.27807238452846 0
52.2747720871337 422.29419351226375 0
52.21552655485475 422.31029409331177 0
52.15627717262229 422.326374142329 0
52.097023946583086 422.3424336738183 0
52.03776688286329 422.35847270212895 0
51.97850598756858 422.3744912414565 0
51.919241266784205 422.39048930584266 0
51.85997272657511 422.40646690917515 0
51.80070037298597 422.42242406518767 0
51.74142421204135 422.43836078745977 0
51.68214424974573 422.4542770894167 0
51.62286049208361 422.4701729843292 0
51.56357294501961 422.4860484853138 0
51.50428161449855 422.50190360533213 0
51.44498650644551 422.51773835719115 0
51.38568762676597 422.53355275354306 0
51.32638498134585 422.5493468068851 0
51.26707857605163 422.5651205295594 0
51.207768416730396 422.58087393375286 0
51.148454509209984 422.5966070314972 0
51.08913685929902 422.61231983466854 0
51.029815472787014 422.6280123549877 0
50.970490355444475 422.6436846040196 0
50.91116151302298 422.65933659317363 0
50.85182895125526 422.6749683337032 0
50.79249267585526 422.6905798367056 0
50.7331526925183 422.70617111312214 0
50.67380900692109 422.7217421737378 0
50.614461624721855 422.7372930291814 0
50.555110551560404 422.752823689925 0
50.49575579305824 422.7683341662841 0
50.43639735481862 422.7838244684176 0
50.377035242426665 422.7992946063276 0
50.317669461449434 422.81474458985895 0
50.25830001743604 422.83017442869965 0
50.198926915917674 422.8455841323804 0
50.13955016240777 422.86097371027455 0
50.080169762402036 422.8763431715979 0
50.02078572137858 422.8916925254088 0
49.96139804479795 422.90702178060786 0
49.90200673810331 422.9223309459377 0
49.8426118067204 422.93762002998295 0
49.78321325605774 422.9528890411704 0
49.72381109150667 422.96813798776833 0
49.66440531844144 422.98336687788674 0
49.60499594221928 422.9985757194771 0
49.545582968180526 423.0137645203324 0
49.4861664016487 423.02893328808665 0
49.42674624793056 423.04408203021507 0
49.36732251231624 423.0592107540339 0
49.307895200079315 423.07431946670016 0
49.248464316476884 423.08940817521153 0
49.18902986674966 423.1044768864064 0
49.12959185612207 423.1195256069634 0
49.07015028980234 423.1345543434017 0
49.01070517298258 423.1495631020804 0
48.951256510838874 423.1645518891987 0
48.89180430853136 423.17952071079577 0
48.832348571204335 423.19446957275045 0
48.77288930398634 423.2093984807812 0
48.71342651199024 423.2243074404459 0
48.65396020031332 423.2391964571419 0
48.59449037403737 423.25406553610543 0
48.53501703822879 423.2689146824122 0
48.475540197938635 423.2837439009764 0
48.416059858202786 423.2985531965512 0
48.35657602404193 423.31334257372833 0
48.29708870046175 423.328112036938 0
48.23759789245295 423.3428615904487 0
48.17810360499139 423.3575912383671 0
48.11860584303813 423.3723009846379 0
48.059104611539546 423.3869908330437 0
47.99959991542742 423.4016607872047 0
47.94009175961902 423.41631085057884 0
47.8805801490172 423.43094102646137 0
47.82106508851048 423.4455513179849 0
47.761546582973146 423.4601417281191 0
47.70202463726533 423.4747122596705 0
47.6424992562331 423.4892629152828 0
47.582970444708565 423.50379369743587 0
47.52343820750995 423.5183046084464 0
47.46390254944166 423.5327956504674 0
47.40436347529447 423.547266825488 0
47.34482098984546 423.5617181353334 0
47.28527509785826 423.5761495816646 0
47.225725804083034 423.5905611659784 0
47.16617311325662 423.6049528896071 0
47.1066170301026 423.61932475371833 0
47.0470575593314 423.63367675931516 0
46.98749470564039 423.6480089072355 0
46.92792847371394 423.66232119815237 0
46.86835886822356 423.6766136325732 0
46.808785893827945 423.69088621084035 0
46.74920955517309 423.70513893313034 0
46.689629856892374 423.71937179945405 0
46.63004680360667 423.7335848096564 0
46.57046039992439 423.7477779634162 0
46.51087065044163 423.76195126024595 0
46.451277559742216 423.7761046994918 0
46.39168113239782 423.7902382803332 0
46.33208137296807 423.80435200178283 0
46.27247828600058 423.8184458626865 0
46.212871876031095 423.8325198617227 0
46.15326214758356 423.84657399740274 0
46.093649105170236 423.8606082680705 0
46.03403275329175 423.87462267190205 0
45.97441309643722 423.8886172069056 0
45.914790139084324 423.9025918709215 0
45.855163885699426 423.91654666162185 0
45.795534340737625 423.9304815765102 0
45.73590150864286 423.9443966129217 0
45.67626539384804 423.95829176802266 0
45.616626000775085 423.97216703881054 0
45.55698333383502 423.9860224221136 0
45.49733739742811 423.9998579145908 0
45.43768819594392 424.0136735127316 0
45.378035733761415 424.0274692128558 0
45.31838001524904 424.0412450111133 0
45.25872104476482 424.055000903484 0
45.19905882665648 424.0687368857773 0
45.1393933652615 424.0824529536325 0
45.07972466490719 424.0961491025181 0
45.020052729910866 424.1098253277316 0
44.96037756457986 424.12348162439963 0
44.900699173211635 424.1371179874776 0
44.8410175600939 424.1507344117494 0
44.78133272950468 424.1643308918273 0
44.72164468571242 424.1779074221518 0
44.66195343297607 424.1914639969913 0
44.602258975545176 424.2050006104419 0
44.54256131766 424.2185172564275 0
44.482860463551575 424.23201392869896 0
44.42315641744182 424.24549062083463 0
44.363449183543615 424.25894732623965 0
44.30373876606095 424.27238403814584 0
44.24402516918892 424.28580074961167 0
44.184308397113924 424.29919745352174 0
44.12458845401368 424.31257414258687 0
44.06486534405736 424.32593080934373 0
44.00513907140566 424.3392674461547 0
43.94540964021093 424.3525840452074 0
43.885677054617226 424.3658805985149 0
43.825941318760414 424.3791570979152 0
43.766202436768296 424.39241353507106 0
43.706460412760656 424.40564990146987 0
43.64671525084939 424.4188661884233 0
43.58696695513858 424.4320623870671 0
43.527215529724614 424.445238488361 0
43.46746097869625 424.4583944830884 0
43.407703306134714 424.4715303618561 0
43.34794251611382 424.484646115094 0
43.28817861270004 424.49774173305525 0
43.228411599952615 424.51081720581544 0
43.16864148192363 424.52387252327287 0
43.10886826265813 424.53690767514803 0
43.0490919461942 424.54992265098343 0
42.98931253656307 424.5629174401435 0
42.9295300377892 424.5758920318141 0
42.869744453890405 424.5888464150024 0
42.80995578887788 424.6017805785368 0
42.75016404675638 424.61469451106643 0
42.69036923152427 424.6275882010609 0
42.630571347173614 424.6404616368104 0
42.570770397690296 424.653314806425 0
42.51096638705411 424.6661476978347 0
42.451159319238826 424.6789602987891 0
42.391349198212325 424.69175259685716 0
42.33153602793669 424.7045245794268 0
42.271719812368275 424.7172762337049 0
42.21190055545782 424.7300075467169 0
42.15207826115055 424.74271850530647 0
42.09225293338626 424.75540909613534 0
42.03242457609942 424.7680793056831 0
41.97259319321928 424.78072912024675 0
41.91275878866993 424.79335852594073 0
41.852921366370445 424.80596750869626 0
41.79308093023495 424.8185560542614 0
41.73323748417273 424.8311241482007 0
41.673391032088325 424.8436717758947 0
41.613541577881605 424.85619892253993 0
41.55368912544791 424.86870557314876 0
41.493833678678115 424.88119171254857 0
41.43397524145874 424.89365732538204 0
41.37411381767202 424.9061023961065 0
41.314249411196066 424.9185269089939 0
41.2543820259049 424.93093084813034 0
41.19451166566858 424.9433141974159 0
41.13463833435328 424.9556769405642 0
41.07476203582143 424.9680190611024 0
41.01488277393175 424.98034054237047 0
40.95500055253942 424.9926413675214 0
40.89511537549611 425.0049215195205 0
40.83522724665013 425.0171809811454 0
40.77533616984649 425.0294197349853 0
40.715442148927046 425.0416377634414 0
40.655545187730525 425.0538350487258 0
40.59564529009272 425.0660115728617 0
40.53574245984649 425.0781673176831 0
40.47583670082193 425.0903022648341 0
40.41592801684645 425.102416395769 0
40.35601641174485 425.11450969175183 0
40.296101889339454 425.12658213385583 0
40.2361844534502 425.1386337029636 0
40.1762641078947 425.15066437976634 0
40.11634085648843 425.16267414476374 0
40.056414703044716 425.17466297826354 0
39.99648565137492 425.18663086038146 0
39.9365537052885 425.19857777104045 0
39.87661886859314 425.21050368997084 0
39.81668114509482 425.2224085967096 0
39.7567405385979 425.2342924706002 0
39.696797052905296 425.2461552907923 0
39.636850691818495 425.25799703624125 0
39.57690145913771 425.269817685708 0
39.51694935866195 425.2816172177585 0
39.45699439418915 425.29339561076347 0
39.39703656951624 425.305152842898 0
39.33707588843928 425.31688889214144 0
39.27711235475352 425.32860373627665 0
39.21714597225354 425.3402973528899 0
39.15717674473335 425.3519697193704 0
39.09720467598643 425.36362081291014 0
39.03722976980593 425.3752506105033 0
38.9772520299847 425.386859088946 0
38.917271460315405 425.39844622483577 0
38.85728806459064 425.4100119945714 0
38.797301846603034 425.4215563743526 0
38.73731281014534 425.4330793401793 0
38.677320959010544 425.44458086785147 0
38.61732629699197 425.456060932969 0
38.55732882788336 425.46751951093074 0
38.49732855547902 425.47895657693465 0
38.437325483573886 425.49037210597703 0
38.37731961596365 425.5017660728525 0
38.317310956444835 425.51313845215316 0
38.25729950881493 425.52448921826857 0
38.19728527687248 425.5358183453852 0
38.13726826441719 425.5471258074861 0
38.07724847525001 425.5584115783502 0
38.01722591317329 425.56967563155246 0
37.957200581990826 425.5809179404628 0
37.897172485507994 425.5921384782464 0
37.83714162753185 425.6033372178625 0
37.77710801187125 425.6145141320647 0
37.71707164233692 425.62566919340003 0
37.657032522741574 425.63680237420886 0
37.59699065690006 425.6479136466242 0
37.536946048629396 425.6590029825715 0
37.476898701748915 425.6700703537681 0
37.41684862008037 425.6811157317227 0
37.35679580744806 425.6921390877351 0
37.296740267678835 425.7031403928957 0
37.23668200460237 425.714119618085 0
37.17662102205111 425.72507673397325 0
37.116557323860455 425.7360117110198 0
37.0564909138689 425.7469245194728 0
36.99642179591804 425.75781512936885 0
36.93634997385276 425.7686835105323 0
36.876275451521316 425.7795296325748 0
36.81619823277543 425.79035346489496 0
36.75611832147042 425.801154976678 0
36.696035721465286 425.8119341368948 0
36.635950436622835 425.822690914302 0
36.575862470809774 425.833425277441 0
36.51577182789683 425.8441371946378 0
36.45567851175885 425.85482663400256 0
36.3955825262749 425.8654935634287 0
36.33548387532841 425.8761379505928 0
36.27538256280723 425.88675976295406 0
36.21527859260379 425.8973589677534 0
36.155171968615164 425.90793553201354 0
36.09506269474323 425.918489422538 0
36.034950774894696 425.9290206059109 0
35.97483621298133 425.93952904849624 0
35.914719012919946 425.9500147164374 0
35.8545991786326 425.96047757565685 0
35.79447671404666 425.97091759185514 0
35.73435162309493 425.98133473051087 0
35.67422390971575 425.9917289568798 0
35.61409357785312 426.00210023599453 0
35.5539606314568 426.01244853266377 0
35.49382507448243 426.02277381147195 0
35.43368691089162 426.0330760367785 0
35.373546144652096 426.0433551727173 0
35.313402779737785 426.05361118319644 0
35.25325682012893 426.0638440318972 0
35.193108269812214 426.0740536822736 0
35.13295713278085 426.084240097552 0
35.07280341303474 426.0944032407305 0
35.01264711458051 426.1045430745781 0
34.952488241431695 426.1146595616342 0
34.89232679760883 426.1247526642083 0
34.832162787139545 426.134822344379 0
34.771996214058696 426.14486856399367 0
34.71182708240846 426.1548912846675 0
34.651655396238496 426.1648904677834 0
34.59148115960599 426.17486607449086 0
34.53130437657583 426.18481806570577 0
34.47112505122069 426.19474640210933 0
34.41094318762113 426.20465104414785 0
34.350758789865765 426.21453195203185 0
34.29057186205133 426.2243890857355 0
34.2303824082828 426.2342224049959 0
34.170190432673536 426.24403186931255 0
34.109995939345374 426.25381743794657 0
34.04979893242875 426.2635790699201 0
33.989599416062816 426.2733167240156 0
33.92939739439558 426.28303035877525 0
33.869192871583934 426.2927199325 0
33.80898585179391 426.3023854032494 0
33.748776339200695 426.3120267288403 0
33.68856433798875 426.32164386684656 0
33.62834985235201 426.33123677459827 0
33.5681328864939 426.340805409181 0
33.50791344462752 426.3503497274349 0
33.447691530975746 426.35986968595444 0
33.387467149771346 426.3693652410872 0
33.32724030525709 426.3788363489334 0
33.2670110016859 426.38828296534524 0
33.20677924332094 426.39770504592576 0
33.14654503443572 426.4071025460285 0
33.08630837931428 426.4164754207567 0
33.02606928225126 426.4258236249621 0
32.96582774755202 426.4351471132449 0
32.90558377953278 426.4444458399523 0
32.84533738252075 426.4537197591781 0
32.78508856085422 426.46296882476184 0
32.724837318882706 426.4721929902879 0
32.664583660967054 426.48139220908485 0
32.60432759147958 426.4905664342245 0
32.54406911480421 426.4997156185212 0
32.48380823533653 426.508839714531 0
32.423544957484005 426.51793867455075 0
32.36327928566603 426.5270124506173 0
32.303011224314105 426.53606099450667 0
32.24274077787189 426.54508425773327 0
32.18246795079543 426.5540821915488 0
32.12219274755317 426.56305474694176 0
32.061915172626186 426.5720018746362 0
32.00163523050823 426.5809235250912 0
31.94135292570588 426.5898196484996 0
31.881068262738687 426.5986901947874 0
31.82078124613928 426.60753511361287 0
31.760491880453507 426.6163543543653 0
31.700200170240542 426.6251478661645 0
31.63990612007303 426.63391559785975 0
31.579609734537208 426.6426574980286 0
31.519311018233033 426.6513735149763 0
31.459009975774332 426.66006359673463 0
31.39870661178888 426.6687276910611 0
31.338400930918585 426.67736574543784 0
31.27809293781958 426.68597770707055 0
31.217782637162376 426.6945635228879 0
31.15747003363198 426.70312313954014 0
31.09715513192803 426.7116565033982 0
31.036837936764922 426.720163560553 0
30.976518452871947 426.72864425681377 0
30.916196684993423 426.7370985377077 0
30.855872637888822 426.7455263484787 0
30.7955463163329 426.753927634086 0
30.73521772511585 426.76230233920364 0
30.67488686904341 426.77065040821896 0
30.614553752937017 426.77897178523193 0
30.554218381633923 426.78726641405365 0
30.49388075998734 426.7955342382056 0
30.433540892866596 426.80377520091844 0
30.373198785157214 426.81198924513075 0
30.312854441761104 426.82017631348816 0
30.252507867596677 426.828336348342 0
30.192159067598986 426.8364692917483 0
30.131808046719854 426.8445750854666 0
30.07145480992801 426.8526536709588 0
30.011099362209265 426.8607049893879 0
29.950741708566586 426.8687289816169 0
29.89038185402029 426.8767255882078 0
29.830019803608163 426.8846947494199 0
29.769655562385587 426.89263640520915 0
29.709289135425717 426.90055049522647 0
29.648920527819577 426.90843695881676 0
29.58854974467623 426.9162957350176 0
29.528176791122917 426.92412676255816 0
29.467801672305193 426.93192997985744 0
29.40742439338707 426.93970532502357 0
29.34704495955117 426.9474527358521 0
29.28666337599885 426.9551721498249 0
29.226279647950363 426.96286350410884 0
29.165893780645 426.97052673555436 0
29.10550577934123 426.9781617806942 0
29.045115649316845 426.985768575742 0
28.984723395869118 426.9933470565909 0
28.924329024314943 427.00089715881234 0
28.863932539990962 427.0084188176545 0
28.803533948253758 427.0159119680408 0
28.74313325447996 427.0233765445689 0
28.682730464066424 427.03081248150875 0
28.622325582430353 427.0382197128014 0
28.56191861500947 427.04559817205757 0
28.501509567262172 427.05294779255615 0
28.44109844466765 427.0602685072426 0
28.38068525272608 427.06756024872755 0
28.32026999695875 427.0748229492853 0
28.259852682908225 427.08205654085225 0
28.19943331613848 427.08926095502534 0
28.139011902235097 427.09643612306047 0
28.078588446805373 427.10358197587107 0
28.018162955478505 427.1106984440262 0
27.957735433905736 427.11778545774933 0
27.897305887760513 427.12484294691643 0
27.836874322738645 427.1318708410544 0
27.77644074455846 427.13886906933965 0
27.716005158960968 427.1458375605959 0
27.65556757171001 427.1527762432931 0
27.595127988592438 427.15968504554525 0
27.534686415418243 427.16656389510894 0
27.47424285802076 427.17341271938164 0
27.413797322256787 427.1802314453997 0
27.35334981400678 427.1870199998368 0
27.292900339175002 427.1937783090021 0
27.232448903689686 427.2005062988384 0
27.171995513503205 427.2072038949203 0
27.111540174592236 427.21387102245257 0
27.051082892957925 427.22050760626786 0
26.990623674626065 427.22711357082517 0
26.930162525647244 427.23368884020795 0
26.869699452097034 427.240233338122 0
26.80923446007614 427.2467469878935 0
26.748767555710597 427.25322971246743 0
26.68829874515191 427.2596814344051 0
26.627828034577252 427.2661020758825 0
26.56735543018963 427.27249155868805 0
26.50688093821804 427.2788498042208 0
26.446404564917668 427.28517673348813 0
26.38592631657005 427.29147226710387 0
26.32544619948326 427.2977363252861 0
26.264964219992066 427.303968827855 0
26.204480384458122 427.3101696942307 0
26.14399469927016 427.31633884343125 0
26.083507170844133 427.32247619407025 0
26.023017805623436 427.3285816643547 0
25.96252661007906 427.33465517208293 0
25.902033590709774 427.3406966346419 0
25.84153875404234 427.34670596900554 0
25.78104210663165 427.3526830917318 0
25.72054365506095 427.35862791896085 0
25.66004340594201 427.36454036641237 0
25.599541365915304 427.37042034938327 0
25.539037541650217 427.37626778274546 0
25.478531939845215 427.3820825809431 0
25.41802456722805 427.38786465799035 0
25.35751543055594 427.39361392746883 0
25.297004536615766 427.3993303025252 0
25.236491892224265 427.4050136958684 0
25.17597750422823 427.4106640197673 0
25.115461379504694 427.41628118604797 0
25.05494352496113 427.42186510609116 0
24.994423947535648 427.4274156908296 0
24.933902654197208 427.4329328507453 0
24.8733796519458 427.4384164958669 0
24.81285494781264 427.4438665357668 0
24.752328548860405 427.4492828795585 0
24.69180046218341 427.4546654358939 0
24.6312706949078 427.4600141129603 0
24.5707392541918 427.46532881847753 0
24.51020614722588 427.47060945969514 0
24.44967138123297 427.47585594338955 0
24.389134963468695 427.4810681758609 0
24.328596901221566 427.48624606293015 0
24.268057201813175 427.4913895099362 0
24.207515872598442 427.49649842173255 0
24.14697292096582 427.50157270268437 0
24.086428354337485 427.50661225666545 0
24.025882180169585 427.5116169870549 0
23.965334405952447 427.5165867967339 0
23.90478503921079 427.5215215880828 0
23.84423408750395 427.52642126297735 0
23.78368155842611 427.5312857227858 0
23.72312745960652 427.5361148683654 0
23.662571798709713 427.54090860005897 0
23.602014583435743 427.5456668176916 0
23.541455821520415 427.550389420567 0
23.480895520735494 427.5550763074643 0
23.420333688888974 427.55972737663416 0
23.359770333825267 427.5643425257953 0
23.29920546342548 427.5689216521312 0
23.238639085607616 427.57346465228585 0
23.17807120832683 427.57797142236046 0
23.117501839575667 427.5824418579096 0
23.0569309873843 427.5868758539374 0
22.996358659820764 427.59127330489355 0
22.935784864991223 427.5956341046697 0
22.8752096110402 427.5999581465954 0
22.814632906150816 427.6042453234339 0
22.75405475854506 427.6084955273784 0
22.69347517648403 427.61270865004803 0
22.632894168268184 427.6168845824834 0
22.572311742237595 427.62102321514266 0
22.511727906772222 427.62512443789717 0
22.45114267029215 427.62918814002734 0
22.39055604125785 427.63321421021817 0
22.329968028170462 427.63720253655487 0
22.269378639572043 427.6411530065186 0
22.20878788404583 427.6450655069818 0
22.14819577021653 427.6489399242036 0
22.087602306750565 427.65277614382546 0
22.027007502356355 427.6565740508663 0
21.966411365784598 427.66033352971795 0
21.90581390582854 427.66405446414007 0
21.845215131324263 427.6677367372558 0
21.784615051150944 427.67138023154627 0
21.724013674231173 427.67498482884633 0
21.6634110095312 427.67855041033897 0
21.602807066061253 427.68207685655045 0
21.54220185287582 427.68556404734517 0
21.48159537907393 427.68901186192045 0
21.420987653799465 427.69242017880134 0
21.360378686241436 427.69578887583504 0
21.299768485634317 427.6991178301858 0
21.239157061258304 427.7024069183291 0
21.178544422439664 427.7056560160464 0
21.117930578550993 427.70886499841953 0
21.057315539011583 427.7120337398246 0
20.996699313287685 427.71516211392674 0
20.93608191089285 427.71824999367385 0
20.87546334138824 427.7212972512911 0
20.814843614382955 427.72430375827446 0
20.75422273953435 427.727269385385 0
20.693600726548354 427.7301940026426 0
20.63297758517982 427.7330774793197 0
20.572353325232832 427.7359196839351 0
20.51172795656107 427.7387204842474 0
20.45110148906812 427.74147974724855 0
20.390473932707827 427.7441973391575 0
20.329845297484642 427.7468731254132 0
20.269215593453964 427.74950697066816 0
20.2085848307225 427.75209873878146 0
20.147953019448604 427.7546482928118 0
20.087320169842638 427.7571554950105 0
20.026686292167348 427.75962020681465 0
19.96605139673821 427.7620422888393 0
19.905415493923797 427.76442160087083 0
19.844778594146174 427.76675800185905 0
19.78414070788124 427.7690513499099 0
19.723501845659126 427.7713015022778 0
19.662862018064565 427.773508315358 0
19.602221235737296 427.77567164467865 0
19.541579509372433 427.7777913448928 0
19.48093684972086 427.77986726977053 0
19.42029326758965 427.78189927219074 0
19.359648773842434 427.78388720413284 0
19.299003379399828 427.7858309166683 0
19.23835709523984 427.7877302599524 0
19.177709932398276 427.78958508321523 0
19.117061901969148 427.7913952347532 0
19.056413015105118 427.7931605619202 0
18.995763283017922 427.7948809111184 0
18.935112716978782 427.79655612778924 0
18.874461328318844 427.79818605640423 0
18.813809128429643 427.79977054045537 0
18.75315612876351 427.8013094224459 0
18.692502340834057 427.8028025438803 0
18.631847776216592 427.8042497452548 0
18.57119244654862 427.80565086604724 0
18.510536363530278 427.807005744707 0
18.4498795389248 427.80831421864474 0
18.389221984559025 427.8095761242222 0
18.32856371232383 427.81079129674134 0
18.26790473417465 427.8119595704338 0
18.207245062131953 427.8130807784503 0
18.146584708281733 427.81415475284894 0
18.085923684776017 427.8151813245847 0
18.025262003833372 427.81616032349774 0
17.96459967773941 427.81709157830187 0
17.90393671884732 427.81797491657295 0
17.84327313957837 427.8188101647369 0
17.78260895242245 427.8195971480578 0
17.721944169938624 427.8203356906256 0
17.66127880475564 427.8210256153434 0
17.600612869572505 427.8216667439152 0
17.53994637715903 427.82225889683303 0
17.479279340356396 427.8228018933636 0
17.418611772077718 427.8232955515355 0
17.35794368530862 427.82373968812556 0
17.29727509310783 427.82413411864513 0
17.236606008607758 427.82447865732655 0
17.175936445015097 427.8247731171086 0
17.115266415611426 427.82501730962264 0
17.054595933753824 427.8252110451779 0
16.993925012875497 427.82535413274684 0
16.93325366648639 427.8254463799499 0
16.872581908173828 427.82548759304046 0
16.81190975160317 427.8254775768896 0
16.75123721051845 427.82541613496994 0
16.690564298743045 427.82530306933984 0
16.629891030180328 427.8251381806273 0
16.56921741881437 427.82492126801327 0
16.50854347871061 427.82465212921505 0
16.447869224016543 427.824330560469 0
16.387194668962444 427.8239563565134 0
16.32651982786207 427.8235293105709 0
16.265844715113396 427.8230492143304 0
16.20516934519932 427.822515857929 0
16.144493732688446 427.8219290299333 0
16.083817892235796 427.82128851732085 0
16.023141838583605 427.8205941054609 0
15.962465586562088 427.8198455780947 0
15.901789151090206 427.81904271731605 0
15.84111254717649 427.818185303551 0
15.780435789919824 427.8172731155373 0
15.719758894510283 427.8163059303038 0
15.659081876229946 427.81528352314905 0
15.598404750453744 427.81420566761966 0
15.537727532650315 427.81307213548865 0
15.477050238382878 427.811882696733 0
15.416372883310089 427.8106371195109 0
15.355695483186956 427.8093351701385 0
15.295018053865727 427.80797661306696 0
15.234340611296815 427.8065612108577 0
15.173663171529732 427.8050887241586 0
15.112985750714026 427.80355891167926 0
15.052308365100245 427.8019715301652 0
14.991631031040912 427.8003263343728 0
14.930953764991505 427.7986230770428 0
14.870276583511473 427.7968615088736 0
14.809599503265247 427.7950413784944 0
14.748922541023273 427.79316243243727 0
14.688245713663068 427.79122441510947 0
14.627569038170286 427.7892270687643 0
14.566892531639791 427.78717013347216 0
14.506216211276778 427.78505334709087 0
14.445540094397874 427.78287644523533 0
14.384864198432274 427.78063916124665 0
14.324188540922908 427.7783412261608 0
14.263513139527607 427.7759823686764 0
14.202838012020287 427.77356231512243 0
14.142163176292168 427.7710807894246 0
14.08148865035301 427.76853751307175 0
14.020814452332349 427.765932205081 0
13.960140600480784 427.7632645819629 0
13.899467113171259 427.76053435768534 0
13.838794008900388 427.75774124363676 0
13.778121306289783 427.7548849485893 0
13.717449024087419 427.75196517866027 0
13.65677718116901 427.7489816372737 0
13.596105796539428 427.7459340251205 0
13.535434889334121 427.7428220401184 0
13.474764478820576 427.7396453773706 0
13.414094584399798 427.73640372912354 0
13.353425225607818 427.7330967847246 0
13.29275642211722 427.7297242305778 0
13.232088193738713 427.72628575009975 0
13.171420560422712 427.7227810236737 0
13.110753542260959 427.7192097286032 0
13.050087159488161 427.71557153906474 0
12.989421432483681 427.7118661260595 0
12.928756381773232 427.7080931573635 0
12.86809202803062 427.7042522974775 0
12.807428392079519 427.70034320757554 0
12.746765494895264 427.696365545452 0
12.686103357606695 427.69231896546813 0
12.62544200149803 427.6882031184972 0
12.564781448010772 427.6840176518684 0
12.504121718745642 427.6797622093094 0
12.443462835464574 427.6754364308883 0
12.382804820092725 427.67103995295327 0
12.322147694720535 427.66657240807217 0
12.261491481605825 427.6620334249695 0
12.200836203175939 427.65742262846294 0
12.140181882029916 427.65273963939813 0
12.079528540940727 427.6479840745818 0
12.018876202857532 427.64315554671396 0
11.958224890908012 427.63825366431774 0
11.897574628400701 427.63327803166857 0
11.836925438827429 427.62822824872103 0
11.776277345865756 427.62310391103426 0
11.71563037338149 427.61790460969587 0
11.654984545431248 427.61262993124365 0
11.594339886265074 427.6072794575859 0
11.533696420329097 427.6018527659196 0
11.47305417226827 427.596349428647 0
11.412413166929143 427.5907690132896 0
11.35177342936271 427.58511108240094 0
11.291134984827313 427.57937519347644 0
11.230497858791606 427.57356089886184 0
11.169862076937587 427.5676677456591 0
11.109227665163699 427.5616952756297 0
11.048594649587987 427.55564302509634 0
10.98796305655134 427.5495105248414 0
10.9273329126208 427.54329730000364 0
10.866704244592938 427.5370028699717 0
10.80607707949732 427.53062674827544 0
10.745451444600032 427.5241684424743 0
10.68482736740731 427.51762745404307 0
10.624204875669234 427.51100327825424 0
10.56358399738352 427.50429540405815 0
10.502964760799387 427.4975033139593 0
10.44234719442153 427.4906264838902 0
10.38173132701418 427.48366438308113 0
10.321117187605253 427.4766164739273 0
10.26050480549062 427.46948221185204 0
10.197484440985779 427.4622578290009 0
10.123008487283846 427.4548052827376 0
10.048576897264185 427.44705116634594 0
9.974190773499247 427.43899511035863 0
9.899851222952243 427.4306367452887 0
9.825559356979555 427.4219757014916 0
9.75131629133569 427.4130116090227 0
9.677123146180888 427.40374409748983 0
9.602981046091465 427.3941727959004 0
9.528891120073055 427.38429733250337 0
9.45485450157681 427.3741173346259 0
9.380872328518697 427.3636324285043 0
9.306945743302032 427.35284223910907 0
9.233075892843345 427.3417463899646 0
9.159263928601717 427.3303445029625 0
9.08551100661173 427.31863619816846 0
9.011818287520157 427.3066210936237 0
8.938186936626526 427.29429880513857 0
8.864618123927722 427.2816689460808 0
8.791113024166771 427.2687311271559 0
8.717672816885951 427.2554849561806 0
8.644298686484397 427.2419300378495 0
8.570991822280385 427.22806597349347 0
8.497753418578428 427.21389236083076 0
8.424584674741407 427.19940879371 0
8.351486795267878 427.1846148618449 0
8.278460989874805 427.1695101505404 0
8.205508473585837 427.15409424041025 0
8.13263046682542 427.1383667070849 0
8.059828195518898 427.1223271209113 0
7.987102891198861 427.10597504664116 0
7.914455791117943 427.08931004311114 0
7.841888138368348 427.0723316629112 0
7.769401182008319 427.0550394520431 0
7.696996177195828 427.03743294956723 0
7.62467438532976 427.01951168723843 0
7.5524370741988776 427.0012751891297 0
7.48028551813885 426.9827229712431 0
7.408220998197662 426.9638545411091 0
7.336244802309734 426.944669397371 0
7.264358225479078 426.92516702935677 0
7.1925625699718445 426.9053469166361 0
7.12085914551864 426.8852085285625 0
7.04924926952698 426.86475132380014 0
6.977734267304306 426.84397474983416 0
6.906315472291965 426.82287824246475 0
6.8349942263106245 426.80146122528345 0
6.763771879817552 426.77972310913106 0
6.692649792176288 426.757663291537 0
6.621629331939184 426.7352811561389 0
6.550711877143385 426.7125760720808 0
6.479898815620789 426.6895473933911 0
6.409191545322599 426.6661944583365 0
6.338591474659095 426.64251658875406 0
6.2681000228552675 426.6185130893572 0
6.197718620323036 426.594183247017 0
6.127448709050762 426.5695263300162 0
6.057291743010849 426.54454158727503 0
5.987249188586222 426.519228247548 0
5.917322525016585 426.4935855185889 0
5.847513244865332 426.4676125862842 0
5.777822854508092 426.44130861375226 0
5.708252874643936 426.4146727404064 0
5.6388048408302955 426.3877040809813 0
5.569480304042779 426.36040172451897 0
5.5002808312610485 426.3327647333143 0
5.431208006082083 426.3047921418165 0
5.362263429362166 426.27648295548465 0
5.29344871988905 426.2478361495951 0
5.224765515085849 426.2188506679982 0
5.156215471748265 426.18952542182075 0
5.08780026681692 426.1598592881126 0
5.019521598186623 426.129851108433 0
4.95138118555455 426.09949968737385 0
4.883380771309437 426.06880379101676 0
4.815522121464032 426.03776214531877 0
4.747807026633203 426.00637343442435 0
4.680237303060239 425.9746362988978 0
4.612814793694102 425.9425493338722 0
4.545541369320534 425.9101110871096 0
4.478418929750162 425.87732005696716 0
4.411449405066937 425.84417469026323 0
4.3446347569405175 425.8106733800375 0
4.277976980006453 425.7768144631985 0
4.211478103318291 425.7425962180506 0
4.145140191876085 425.7080168616939 0
4.07896534823607 425.67307454728785 0
4.012955714206675 425.6377673611696 0
3.9471134726364236 425.6020933198182 0
3.8814408492997003 425.56605036665314 0
3.815940114886872 425.5296363686565 0
3.750613587105737 425.49284911280677 0
3.6854636329018535 425.4556863023099 0
3.6204926708059486 425.4181455526149 0
3.5557031734172493 425.38022438719645 0
3.49109767003237 425.3419202330895 0
3.426678749430193 425.3032304161561 0
3.3624490628240933 425.2641521560645 0
3.2984113269938655 425.2246825609594 0
3.23456832761082 425.1848186217992 0
3.1709229227707207 425.14455720633316 0
3.107478046750617 425.1038950526919 0
3.0442367140070985 425.06282876255807 0
2.981202023435178 425.0213547938846 0
2.9183771629088513 424.97946945312134 0
2.855765414126447 424.9371688869108 0
2.793370157786168 424.8944490732052 0
2.731194879119799 424.85130581175673 0
2.669243173815407 424.8077347139245 0
2.607518754363088 424.7637311917375 0
2.5460254568614085 424.7192904461454 0
2.4847672483262553 424.67440745438273 0
2.423748234548368 424.6290769563618 0
2.362972668550974 424.58329344000305 0
2.302444959704822 424.5370511253973 0
2.2421696835644576 424.4903439476858 0
2.1821515924971644 424.44316553852747 0
2.1223956271844906 424.39550920600857 0
2.0629069290860733 424.34736791283126 0
2.003690853966628 424.2987342525976 0
1.9447529865997728 424.2496004239814 0
1.8860991567770737 424.1999582025526 0
1.8277354567676707 424.14979890998967 0
1.769668260393466 424.0991133803763 0
1.711904243907586 424.0478919232384 0
1.654450408890298 423.99612428292784 0
1.5973141074073984 423.9437995939015 0
1.5405030697122208 423.8909063313783 0
1.4840254348148059 423.83743225677597 0
1.4278897842917808 423.78336435723764 0
1.3721051797696164 423.72868877844695 0
1.3166812045841711 423.67339074979986 0
1.2616280102031863 423.6174545008429 0
1.2069563680986923 423.5608631677019 0
1.152677727876984 423.50359868799586 0
1.0988042826196662 423.44564168245915 0
1.0453490425664984 423.3869713211591 0
0.9923259184871591 423.3275651717902 0
0.9397498163547936 423.267399027024 0
0.8876367452624739 423.2064467072721 0
0.8360039409316828 423.1446798344508 0
0.784870007672398 423.08206757136537 0
0.7342550822974717 423.01857632011496 0
0.6841810243103492 422.95416937136747 0
0.6346716377296552 422.8888064943664 0
0.585752931261935 422.82244345496764 0
0.5374534252889022 422.755031445656 0
0.4898045164433641 422.6865164070863 0
0.44284091361492783 422.6168382148301 0
0.3966011633489082 422.545929697121 0
0.35112828821160835 422.4737154386363 0
0.3064705694321889 422.4001103105091 0
0.2626825159599739 422.3250176459511 0
0.219826077477196 422.24832695123814 0
0.17797218120298014 422.1699109988475 0
0.1372027052403777 422.0896220860375 0
0.09761305088587982 422.0072871462077 0
0.05931555312169767 421.9227012518164 0
0.022444090594363614 421.83561881115605 0
-0.012839543352076398 421.74574137285396 0
-0.04633660641359165 421.65270029042665 0
-0.07779820349637027 421.5560313241927 0
-0.10690528091000862 421.45513606476527 0
-0.1332369590415745 421.3492207188875 0
-0.15621760771380735 421.23719354856877 0
-0.17502203566102278 421.1174806770932 0
-0.18838923162373236 420.98766330571107 0
-0.1942058376663403 420.8436643052647 0
-0.1883699492580178 420.67752337789466 0
-0.1603430394795325 420.4686614784707 0
0.0 420.0 0
0.2803430394795325 419.5918272966499 0
0.4283699492580178 419.44309767126487 0
0.5542058376663404 419.336732516852 0
0.6683892316237324 419.2521527882813 0
0.7750220356610228 419.18139818769305 0
0.8762176077138074 419.12039158592967 0
0.9732369590415746 419.0667141842414 0
1.0669052809100086 419.01879210591255 0
1.15779820349637 418.97553361295223 0
1.2463366064135917 418.93614491210377 0
1.332839543352076 418.90002759398027 0
1.4175559094056365 418.8667174189003 0
1.5006844468783023 418.83584574038036 0
1.5823869491141203 418.80711410704777 0
1.6627972947596221 418.7802769271951 0
1.7420278187970197 418.75512927328043 0
1.8201739225228042 418.7314980787035 0
1.8973174840400262 418.70923564072257 0
1.973529430567811 418.6882147318149 0
2.0488717117883914 418.66832485825637 0
2.123398836651092 418.64946935325867 0
2.197159086385072 418.6315630879548 0
2.270195483556636 418.61453064702226 0
2.342546574711098 418.59830485869446 0
2.4142470687380655 418.58282559854314 0
2.4853283622703444 418.56803880722293 0
2.5558189756896508 418.5538956772187 0
2.6257449177025287 418.5403519743864 0
2.695129992327602 418.52736746796955 0
2.763996059068317 418.51490544863594 0
2.832363254737526 418.5029323184848 0
2.9002501836452064 418.49141724032137 0
2.967674081512841 418.48033183606196 0
3.034650957433502 418.4696499261182 0
3.101195717380334 418.45934730316156 0
3.167322272123015 418.4494015348866 0
3.233043631901307 418.4397917913607 0
3.298371989796814 418.43049869331804 0
3.363318795415829 418.4215041783778 0
3.427894820230384 418.41279138266566 0
3.492110215708219 418.40434453572834 0
3.5559745651851946 418.39614886696165 0
3.6194969302877786 418.38819052204934 0
3.6826858925926014 418.3804564881344 0
3.7455495911097016 418.3729345266347 0
3.808095756092414 418.36561311276904 0
3.8703317396065344 418.3584813809944 0
3.9322645432323293 418.3515290756626 0
3.9939008432229266 418.3447465062996 0
4.055247013400227 418.33812450698895 0
4.116309146033372 418.3316543994092 0
4.177093070913927 418.32532795913045 0
4.237604372815509 418.3191373848263 0
4.297848407502835 418.31307527009886 0
4.357830316435542 418.30713457765034 0
4.417555040295178 418.30130861556694 0
4.477027331449025 418.2955910155077 0
4.536251765451633 418.2899757126136 0
4.595232751673745 418.2844569269758 0
4.653974543138592 418.27902914651446 0
4.712481245636911 418.2736871111421 0
4.770756826184592 418.2684257980931 0
4.828805120880201 418.26324040831724 0
4.886629842213832 418.2581263538434 0
4.944234585873553 418.2530792460308 0
5.0016228370911495 418.24809488463154 0
5.058797976564822 418.24316924759796 0
5.115763285992902 418.2382984815724 0
5.172521953249383 418.2334788930048 0
5.22907707722928 418.2287069398481 0
5.285431672389179 418.22397922378497 0
5.341588673006134 418.21929248294595 0
5.397550937175906 418.2146435850804 0
5.4533212505698065 418.2100295211466 0
5.508902329967629 418.2054473992893 0
5.56429682658275 418.2008944391769 0
5.619507329194051 418.19636796667123 0
5.674536367098146 418.1918654088073 0
5.7293864128942635 418.18738428905993 0
5.784059885113129 418.1829222228779 0
5.8385591507003 418.17847691346736 0
5.892886527363577 418.1740461478067 0
5.947044285793325 418.169627792878 0
6.001034651763931 418.16521979210074 0
6.054859808123916 418.16082016195406 0
6.108521896681708 418.156426988775 0
6.162023019993546 418.1520384257231 0
6.215365243059482 418.1476526898984 0
6.268550594933063 418.1432680596053 0
6.321581070249838 418.1388828717523 0
6.374458630679466 418.1344955193791 0
6.427185206305898 418.13010444930404 0
6.479762696939761 418.12570815988437 0
6.532192973366797 418.12130519888206 0
6.584477878535968 418.11689416143014 0
6.636619228690564 418.112473688093 0
6.68861881444545 418.108042463015 0
6.740478401813377 418.10359921215337 0
6.792199733183081 418.0991427015896 0
6.843784528251736 418.09467173591554 0
6.895234484914152 418.09018515669055 0
6.946551280110949 418.08568184096436 0
6.997736570637833 418.08116069986386 0
7.048791993917916 418.0766206772394 0
7.099719168738951 418.0720607483673 0
7.15051969595722 418.0674799187067 0
7.201195159169704 418.06287722270673 0
7.251747125356064 418.05825172266225 0
7.302177145491908 418.0536025076154 0
7.352486755134668 418.04892869230076 0
7.402677474983415 418.04422941613166 0
7.452750811413779 418.03950384222645 0
7.502708256989152 418.03475115647166 0
7.552551290949237 418.02997056662116 0
7.602281379676964 418.02516130142925 0
7.651899977144733 418.0203226098162 0
7.701408525340906 418.0154537600649 0
7.750808454677399 418.01055403904627 0
7.80010118437921 418.0056227514739 0
7.849288122856615 418.00065921918457 0
7.898370668060815 417.9956627804453 0
7.947350207823711 417.9906327892843 0
7.996228120182447 417.9855686148457 0
8.045005773689377 417.98046964076707 0
8.093684527708035 417.97533526457784 0
8.142265732695694 417.9701648971188 0
8.190750730473018 417.96495796198155 0
8.239140854481361 417.95971389496617 0
8.287437430028156 417.95443214355794 0
8.335641774520923 417.94911216642095 0
8.383755197690267 417.9437534329087 0
8.431779001802338 417.9383554225909 0
8.47971448186115 417.9329176247955 0
8.527562925801123 417.9274395381659 0
8.575325614670241 417.92192067023234 0
8.623003822804172 417.9163605369971 0
8.670598817991682 417.91075866253317 0
8.718111861631654 417.90511457859526 0
8.765544208882059 417.89942782424384 0
8.812897108801142 417.8936979454807 0
8.8601718044811 417.88792449489574 0
8.907369533174577 417.8821070313255 0
8.954491526414161 417.876245119522 0
9.001539010125192 417.87033832983195 0
9.04851320473212 417.8643862378859 0
9.095415325258593 417.8583884242976 0
9.14224658142157 417.85234447437193 0
9.189008177719614 417.8462539778226 0
9.235701313515602 417.84011652849824 0
9.282327183114049 417.8339317241171 0
9.328886975833228 417.82769916601023 0
9.375381876072277 417.82141845887196 0
9.421813063373476 417.8150892105192 0
9.468181712479844 417.8087110316574 0
9.51448899338827 417.8022835356542 0
9.560736071398283 417.7958063383202 0
9.606924107156654 417.78927905769626 0
9.653054256697969 417.7827013138484 0
9.699127671481303 417.77607272866805 0
9.74514549842319 417.76939292567965 0
9.791108879926945 417.76266152985374 0
9.837018953908537 417.75587816742654 0
9.882876853819113 417.74904246572527 0
9.928683708664309 417.74215405299884 0
9.974440643020445 417.7352125582548 0
10.020148777047757 417.7282176111008 0
10.065809226500754 417.72116884159226 0
10.111423102735817 417.7140658800847 0
10.156991512716157 417.7069083570911 0
10.202515559014223 417.69969590314423 0
10.259495194509382 417.6924717630545 0
10.318882812394744 417.68531761314796 0
10.378268672985818 417.67823482380555 0
10.437652805578468 417.6712228504507 0
10.497035239200612 417.6642811554785 0
10.55641600261648 417.65740920811936 0
10.615795124330765 417.6506064843057 0
10.67517263259269 417.64387246654206 0
10.734548555399966 417.6372066437787 0
10.793922920502679 417.6306085112883 0
10.85329575540706 417.6240775705455 0
10.9126670873792 417.61761332910976 0
10.972036943448659 417.6112153005109 0
11.031405350412014 417.6048830041376 0
11.090772334836302 417.59861596512866 0
11.150137923062411 417.5924137142665 0
11.209502141208393 417.58627578787366 0
11.268865015172688 417.58020172771177 0
11.32822657063729 417.57419108088266 0
11.387586833070857 417.5682433997321 0
11.44694582773173 417.56235824175565 0
11.506303579670904 417.55653516950673 0
11.565660113734927 417.5507737505069 0
11.625015454568754 417.54507355715833 0
11.684369626618512 417.539434166658 0
11.743722654134245 417.53385516091424 0
11.803074561172572 417.52833612646486 0
11.8624253715993 417.5228766543975 0
11.921775109091989 417.51747634027123 0
11.981123797142468 417.5121347840407 0
12.040471459059276 417.50685158998124 0
12.099818117970086 417.5016263666161 0
12.159163796824062 417.4964587266452 0
12.218508518394174 417.4913482868753 0
12.277852305279465 417.486294668152 0
12.337195179907274 417.48129749529306 0
12.396537164535424 417.476356397023 0
12.455878281254357 417.4714710059095 0
12.515218551989227 417.4666409583009 0
12.574557998501968 417.4618658942652 0
12.633896642393305 417.4571454575302 0
12.693234505104735 417.452479295425 0
12.752571607920482 417.4478670588228 0
12.81190797196938 417.443308402085 0
12.871243618226767 417.4388029830059 0
12.930578567516319 417.43435046275954 0
12.98991284051184 417.42995050584665 0
13.049246457739041 417.4256027800434 0
13.108579439577287 417.4213069563508 0
13.167911806261287 417.4170627089453 0
13.227243577882781 417.4128697151307 0
13.286574774392182 417.40872765529 0
13.345905415600201 417.40463621283993 0
13.405235521179423 417.40059507418454 0
13.46456511066588 417.396603928671 0
13.523894203460573 417.3926624685461 0
13.58322281883099 417.38877038891286 0
13.642550975912583 417.3849273876889 0
13.701878693710219 417.38113316556525 0
13.761205991099613 417.3773874259659 0
13.820532886828742 417.37368987500815 0
13.879859399519217 417.3700402214642 0
13.939185547667652 417.36643817672245 0
13.998511349646991 417.3628834547509 0
14.05783682370783 417.3593757720598 0
14.117161987979712 417.35591484766667 0
14.17648686047239 417.35250040306005 0
14.235811459077091 417.3491321621658 0
14.295135801567726 417.34580985131277 0
14.354459905602127 417.3425331991997 0
14.41378378872322 417.3393019368625 0
14.473107468360208 417.3361157976424 0
14.532430961829714 417.33297451715407 0
14.591754286336931 417.32987783325547 0
14.651077458976726 417.32682548601707 0
14.710400496734753 417.32381721769207 0
14.769723416488526 417.3208527726877 0
14.829046235008494 417.31793189753614 0
14.888368968959089 417.3150543408664 0
14.947691634899753 417.31221985337714 0
15.007014249285973 417.309428187809 0
15.066336828470268 417.30667909891815 0
15.125659388703186 417.3039723434505 0
15.184981946134274 417.30130768011526 0
15.244304516813045 417.29868486956053 0
15.30362711668991 417.29610367434776 0
15.362949761617124 417.293563858928 0
15.422272467349686 417.2910651896174 0
15.481595249546258 417.28860743457426 0
15.540918123770055 417.28619036377546 0
15.600241105489717 417.283813748994 0
15.659564210080177 417.2814773637766 0
15.718887452823513 417.2791809834218 0
15.778210848909795 417.2769243849583 0
15.837534413437913 417.274707347124 0
15.896858161416397 417.2725296503449 0
15.956182107764207 417.27039107671476 0
16.015506267311558 417.2682914099749 0
16.07483065480068 417.26623043549455 0
16.134155284886607 417.2642079402512 0
16.193480172137928 417.26222371281153 0
16.252805331037557 417.2602775433126 0
16.312130775983462 417.25836922344337 0
16.371456521289392 417.25649854642637 0
16.430782581185632 417.2546653069999 0
16.490108969819673 417.25286930140044 0
16.54943570125696 417.25111032734526 0
16.608762789481553 417.24938818401523 0
16.668090248396833 417.2477026720384 0
16.727418091826177 417.24605359347305 0
16.786746333513612 417.24444075179196 0
16.8460749871245 417.24286395186607 0
16.905404066246174 417.24132299994875 0
16.964733584388572 417.2398177036606 0
17.024063554984902 417.238347871974 0
17.08339399139224 417.2369133151981 0
17.142724906892166 417.23551384496426 0
17.202056314691376 417.23414927421146 0
17.261388227922282 417.2328194171718 0
17.3207206596436 417.23152408935675 0
17.38005362284097 417.2302631075431 0
17.43938713042749 417.2290362897595 0
17.498721195244357 417.2278434552726 0
17.558055830061374 417.22668442457444 0
17.61739104757755 417.225559019369 0
17.67672686042163 417.2244670625595 0
17.73606328115268 417.2234083782358 0
17.795400322260587 417.22238279166186 0
17.854737996166627 417.22139012926374 0
17.914076315223983 417.2204302186173 0
17.97341529171827 417.21950288843635 0
18.032754937868045 417.21860796856106 0
18.092095265825346 417.2177452899463 0
18.15143628767617 417.21691468465036 0
18.210778015440976 417.2161159858238 0
18.270120461075198 417.21534902769827 0
18.329463636469722 417.2146136455758 0
18.38880755345138 417.21390967581806 0
18.44815222378341 417.2132369558358 0
18.507497659165942 417.21259532407834 0
18.56684387123649 417.21198462002354 0
18.626190871570355 417.2114046841676 0
18.685538671681154 417.210855358015 0
18.744887283021217 417.210336484069 0
18.804236716982075 417.2098479058216 0
18.86358698489488 417.2093894677443 0
18.922938098030855 417.2089610152786 0
18.982290067601724 417.2085623948266 0
19.04164290476016 417.2081934537422 0
19.10099662060017 417.20785404032176 0
19.160351226157566 417.20754400379553 0
19.21970673241035 417.2072631943186 0
19.279063150279143 417.2070114629626 0
19.33842049062757 417.20678866170687 0
19.397778764262704 417.20659464343026 0
19.457137981935436 417.2064292619029 0
19.516498154340876 417.20629237177786 0
19.575859292118764 417.2061838285833 0
19.635221405853827 417.2061034887144 0
19.694584506076204 417.20605120942565 0
19.753948603261794 417.2060268488229 0
19.813313707832656 417.2060302658561 0
19.872679830157367 417.2060613203114 0
19.932046980551398 417.20611987280415 0
19.9914151692775 417.2062057847712 0
20.050784406546036 417.20631891846404 0
20.110154702515363 417.20645913694125 0
20.169526067292175 417.20662630406196 0
20.228898510931884 417.2068202844786 0
20.288272043438933 417.2070409436303 0
20.34764667476717 417.2072881477358 0
20.407022414820183 417.2075617637872 0
20.46639927345165 417.2078616595431 0
20.52577726046565 417.2081877035221 0
20.58515638561704 417.20853976499694 0
20.644536658611756 417.20891771398726 0
20.703918089107148 417.20932142125423 0
20.763300686712313 417.2097507582938 0
20.822684460988416 417.2102055973312 0
20.882069421449003 417.21068581131425 0
20.941455577560333 417.21119127390807 0
21.00084293874169 417.2117218594889 0
21.06023151436568 417.2122774431384 0
21.11962131375856 417.21285790063814 0
21.179012346200533 417.2134631084636 0
21.238404620926065 417.21409294377895 0
21.29779814712418 417.21474728443144 0
21.357192933938745 417.21542600894617 0
21.4165889904688 417.21612899652035 0
21.475986325768826 417.2168561270184 0
21.535384948849053 417.2176072809667 0
21.594784868675735 417.2183823395482 0
21.654186094171457 417.2191811845976 0
21.7135886342154 417.2200036985962 0
21.772992497643642 417.22084976466704 0
21.832397693249437 417.22171926656983 0
21.891804229783467 417.22261208869645 0
21.951212115954167 417.2235281160657 0
22.010621360427958 417.2244672343191 0
22.070031971829536 417.2254293297158 0
22.12944395874215 417.2264142891282 0
22.18885732970785 417.22742200003745 0
22.248272093227776 417.2284523505288 0
22.307688257762404 417.22950522928727 0
22.367105831731816 417.2305805255932 0
22.426524823515972 417.2316781293181 0
22.48594524145494 417.2327979309199 0
22.545367093849183 417.2339398214394 0
22.6047903889598 417.23510369249556 0
22.664215135008774 417.23628943628165 0
22.723641340179235 417.237496945561 0
22.783069012615705 417.2387261136631 0
22.842498160424334 417.2399768344796 0
22.90192879167317 417.24124900246017 0
22.961360914392383 417.24254251260896 0
23.020794536574524 417.2438572604806 0
23.080229666174734 417.2451931421761 0
23.13966631111103 417.24655005433976 0
23.199104479264506 417.24792789415477 0
23.25854417847959 417.24932655934 0
23.31798541656426 417.2507459481461 0
23.37742820129029 417.2521859593522 0
23.43687254039348 417.2536464922619 0
23.49631844157389 417.25512744670044 0
23.555765912496053 417.2566287230106 0
23.615214960789213 417.25815022204955 0
23.674665594047553 417.25969184518556 0
23.734117819830416 417.2612534942945 0
23.793571645662517 417.2628350717566 0
23.85302707903418 417.2644364804531 0
23.91248412740156 417.2660576237632 0
23.971942798186827 417.2676984055604 0
24.031403098778437 417.2693587302101 0
24.09086503653131 417.27103850256583 0
24.150328618767034 417.2727376279663 0
24.209793852774126 417.27445601223263 0
24.269260745808197 417.2761935616649 0
24.328729305092196 417.27795018303954 0
24.38819953781659 417.27972578360607 0
24.44767145113959 417.2815202710844 0
24.507145052187358 417.2833335536618 0
24.566620348054197 417.2851655399901 0
24.626097345802787 417.2870161391828 0
24.68557605246435 417.28888526081244 0
24.74505647503887 417.2907728149075 0
24.804538620495304 417.29267871195015 0
24.864022495771767 417.294602862873 0
24.923508107775735 417.29654517905675 0
24.982995463384235 417.2985055723276 0
25.04248456944406 417.30048395495436 0
25.10197543277195 417.302480239646 0
25.161468060154785 417.30449433954914 0
25.22096245834978 417.3065261682454 0
25.280458634084695 417.308575639749 0
25.33995659405799 417.31064266850404 0
25.399456344939047 417.31272716938247 0
25.45895789336835 417.31482905768115 0
25.51846124595766 417.3169482491198 0
25.577966409290223 417.31908465983855 0
25.63747338992094 417.32123820639544 0
25.696982194376563 417.32340880576425 0
25.756492829155867 417.3255963753321 0
25.816005300729838 417.3278008328972 0
25.875519615541876 417.33002209666665 0
25.935035780007933 417.332260085254 0
25.99455380051674 417.3345147176773 0
26.054073683429948 417.3367859133566 0
26.11359543508233 417.33907359211224 0
26.17311906178196 417.34137767416223 0
26.232644569810372 417.34369808012036 0
26.292171965422746 417.346034730994 0
26.351701254848088 417.34838754818225 0
26.411232444289404 417.35075645347354 0
26.470765539923857 417.35314136904384 0
26.530300547902968 417.3555422174545 0
26.589837474352755 417.3579589216504 0
26.649376325373936 417.3603914049578 0
26.708917107042076 417.3628395910825 0
26.768459825407767 417.36530340410786 0
26.8280044864968 417.36778276849293 0
26.887551096310315 417.3702776090705 0
26.947099660825 417.37278785104513 0
27.006650185993223 417.3753134199916 0
27.066202677743217 417.3778542418525 0
27.125757141979243 417.38041024293716 0
27.18531358458176 417.38298134991925 0
27.244872011407566 417.38556748983507 0
27.304432428289992 417.38816859008205 0
27.363994841039034 417.3907845784168 0
27.42355925544154 417.39341538295344 0
27.48312567726136 417.39606093216173 0
27.542694112239488 417.3987211548656 0
27.602264566094266 417.4013959802413 0
27.661837044521498 417.4040853378158 0
27.72141155319463 417.406789157465 0
27.780988097764908 417.40950736941244 0
27.84056668386152 417.41223990422714 0
27.90014731709178 417.4149866928226 0
27.959730003041248 417.4177476664546 0
28.019314747273917 417.42052275672023 0
28.078901555332347 417.4233118955558 0
28.138490432737825 417.42611501523555 0
28.198081384990527 417.4289320483702 0
28.257674417569646 417.4317629279052 0
28.317269535933576 417.43460758711944 0
28.376866745520037 417.4374659596236 0
28.43646605174624 417.44033797935873 0
28.496067460009034 417.4432235805949 0
28.555670975685057 417.44612269792964 0
28.61527660413088 417.44903526628644 0
28.674884350683154 417.4519612209134 0
28.73449422065877 417.454900497382 0
28.794106219354997 417.4578530315854 0
28.853720352049635 417.46081875973726 0
28.91333662400115 417.4637976183703 0
28.972955040448827 417.4667895443349 0
29.032575606612927 417.469794474798 0
29.092198327694806 417.4728123472414 0
29.151823208877083 417.4758430994608 0
29.21145025532377 417.47888666956413 0
29.271079472180425 417.4819429959706 0
29.330710864574282 417.4850120174092 0
29.39034443761441 417.48809367291756 0
29.449980196391838 417.4911879018406 0
29.50961814597971 417.4942946438293 0
29.569258291433414 417.4974138388394 0
29.628900637790736 417.50054542713053 0
29.688545190071984 417.50368934926445 0
29.74819195328015 417.50684554610416 0
29.807840932401014 417.51001395881275 0
29.86749213240332 417.5131945288521 0
29.927145558238898 417.51638719798177 0
29.98680121484279 417.5195919082577 0
30.046459107133405 417.5228086020313 0
30.10611924001266 417.52603722194823 0
30.16578161836608 417.529277710947 0
30.225446247062983 417.53253001225823 0
30.285113130956592 417.5357940694035 0
30.344782274884153 417.53906982619384 0
30.404453683667104 417.5423572267293 0
30.464127362111178 417.5456562153971 0
30.523803315006578 417.54896673687136 0
30.583481547128056 417.5522887361114 0
30.64316206323508 417.55562215836096 0
30.70284486807197 417.55896694914725 0
30.76252996636802 417.5623230542796 0
30.822217362837627 417.56569041984886 0
30.881907062180424 417.569068992226 0
30.94159906908142 417.5724587180613 0
31.00129338821112 417.5758595442832 0
31.06099002422567 417.57927141809773 0
31.120688981766968 417.58269428698685 0
31.180390265462798 417.58612809870806 0
31.240093879926974 417.58957280129323 0
31.29979982975946 417.5930283430474 0
31.359508119546497 417.59649467254843 0
31.419218753860722 417.5999717386454 0
31.478931737261316 417.60345949045814 0
31.538647074294126 417.606957877376 0
31.598364769491777 417.6104668490571 0
31.658084827373816 417.6139863554276 0
31.717807252446832 417.61751634668036 0
31.777532049204577 417.6210567732743 0
31.837259222128115 417.62460758593363 0
31.896988775685898 417.6281687356467 0
31.95672071433397 417.6317401736653 0
32.016455042516 417.6353218515039 0
32.07619176466347 417.6389137209384 0
32.1359308851958 417.6425157340057 0
32.19567240852042 417.64612784300266 0
32.255416339032955 417.6497500004853 0
32.3151626811173 417.653382159268 0
32.374911439145784 417.6570242724226 0
32.43466261747925 417.66067629327756 0
32.49441622046722 417.66433817541736 0
32.554172252447984 417.66800987268147 0
32.61393071774875 417.6716913391638 0
32.67369162068572 417.6753825292115 0
32.73345496556429 417.6790833974246 0
32.79322075667907 417.6827938986551 0
32.8529889983141 417.68651398800614 0
32.91275969474291 417.69024362083115 0
32.97253285022866 417.6939827527334 0
33.03230846902426 417.6977313395649 0
33.09208655537249 417.7014893374259 0
33.151867113506114 417.7052567026641 0
33.211650147648 417.70903339187373 0
33.27143566201125 417.7128193618952 0
33.33122366079932 417.71661456981394 0
33.3910141482061 417.7204189729601 0
33.450807128416066 417.7242325289074 0
33.51060260560443 417.72805519547296 0
33.57040058393717 417.73188693071603 0
33.63020106757125 417.73572769293776 0
33.690004060654616 417.7395774406803 0
33.74980956732646 417.74343613272606 0
33.80961759171719 417.74730372809717 0
33.86942813794867 417.7511801860548 0
33.92924121013423 417.7550654660984 0
33.98905681237886 417.7589595279651 0
34.04887494877931 417.7628623316291 0
34.10869562342416 417.7667738373009 0
34.168518840394 417.7706940054267 0
34.2283446037615 417.77462279668794 0
34.28817291759153 417.77856017200025 0
34.3480037859413 417.78250609251336 0
34.40783721286045 417.78646051960993 0
34.46767320239116 417.7904234149053 0
34.527511758568295 417.7943947402469 0
34.587352885419484 417.7983744577133 0
34.64719658696525 417.8023625296138 0
34.707042867219144 417.80635891848794 0
34.76689173018778 417.81036358710486 0
34.826743179871066 417.8143764984625 0
34.88659722026221 417.81839761578715 0
34.9464538553479 417.822426902533 0
35.006313089108374 417.8264643223813 0
35.066174925517565 417.83050983924 0
35.126039368543196 417.8345634172431 0
35.18590642214688 417.83862502075004 0
35.245776090284245 417.84269461434525 0
35.30564837690507 417.8467721628374 0
35.36552328595334 417.85085763125903 0
35.4254008213674 417.85495098486604 0
35.48528098708005 417.85905218913683 0
35.54516378701867 417.8631612097722 0
35.605049225105304 417.8672780126945 0
35.66493730525677 417.87140256404706 0
35.72482803138483 417.875534830194 0
35.78472140739621 417.8796747777193 0
35.84461743719277 417.8838223734266 0
35.90451612467159 417.8879775843385 0
35.9644174737251 417.892140377696 0
36.02432148824115 417.89631072095835 0
36.08422817210317 417.900488581802 0
36.144137529190225 417.90467392812053 0
36.20404956337717 417.90886672802395 0
36.26396427853471 417.9130669498383 0
36.32388167852958 417.91727456210504 0
36.38380176722457 417.9214895335807 0
36.443724548478684 417.92571183323633 0
36.50365002614724 417.92994143025703 0
36.563578204081956 417.9341782940413 0
36.6235090861311 417.93842239420104 0
36.68344267613954 417.94267370056053 0
36.74337897794889 417.9469321831562 0
36.803317995397634 417.9511978122364 0
36.86325973232116 417.95547055826034 0
36.92320419255194 417.95975039189835 0
36.983151379919626 417.96403728403095 0
37.04310129825109 417.9683312057484 0
37.103053951370605 417.97263212835065 0
37.16300934309994 417.97694002334634 0
37.22296747725842 417.9812548624529 0
37.28292835766308 417.9855766175956 0
37.34289198812875 417.9899052609076 0
37.402858372468145 417.99424076472917 0
37.462827514492005 417.99858310160744 0
37.52279941800917 418.0029322442959 0
37.58277408682671 418.00728816575395 0
37.64275152474999 418.0116508391465 0
37.70273173558281 418.0160202378438 0
37.762714723127516 418.02039633542057 0
37.82270049118507 418.02477910565585 0
37.88268904355517 418.0291685225327 0
37.94268038403635 418.0335645602375 0
38.00267451642611 418.0379671931598 0
38.06267144452098 418.04237639589184 0
38.12267117211664 418.0467921432281 0
38.182673703008035 418.051214410165 0
38.24267904098946 418.0556431719004 0
38.30268718985466 418.06007840383324 0
38.36269815339696 418.06452008156333 0
38.42271193540937 418.06896818089064 0
38.4827285396846 418.0734226778152 0
38.542747970015306 418.0778835485366 0
38.60277023019407 418.0823507694536 0
38.66279532401357 418.0868243171639 0
38.722823255266654 418.0913041684635 0
38.78285402774646 418.0957903003467 0
38.842887645246485 418.1002826900053 0
38.90292411156073 418.1047813148286 0
38.96296343048376 418.1092861524029 0
39.02300560581085 418.1137971805111 0
39.083050641338055 418.1183143771324 0
39.1430985408623 418.12283772044196 0
39.20314930818151 418.1273671888106 0
39.26320294709471 418.13190276080417 0
39.3232594614021 418.13644441518363 0
39.383318854905184 418.14099213090435 0
39.44338113140686 418.145545887116 0
39.5034462947115 418.150105663162 0
39.563514348625084 418.1546714385793 0
39.62358529695529 418.15924319309835 0
39.683659143511576 418.163820906642 0
39.7437358921053 418.168404559326 0
39.80381554654981 418.1729941314581 0
39.86389811066055 418.17758960353797 0
39.923983588255155 418.1821909562568 0
39.984071983153555 418.18679817049724 0
40.044163299178074 418.1914112273325 0
40.10425754015352 418.1960301080266 0
40.164354709907286 418.2006547940338 0
40.22445481226948 418.2052852669984 0
40.28455785107296 418.2099215087541 0
40.344663830153515 418.2145635013242 0
40.404772753349874 418.21921122692106 0
40.464884624503895 418.22386466794546 0
40.52499944746059 418.2285238069869 0
40.58511722606825 418.23318862682294 0
40.64523796417858 418.23785911041887 0
40.70536166564673 418.2425352409276 0
40.76548833433142 418.24721700168925 0
40.8256179740951 418.25190437623087 0
40.88575058880394 418.25659734826615 0
40.94588618232799 418.2612959016952 0
41.00602475854127 418.266000020604 0
41.06616632132188 418.2707096892645 0
41.12631087455208 418.27542489213414 0
41.186458422118385 418.28014561385555 0
41.24660896791167 418.28487183925614 0
41.30676251582726 418.28960355334823 0
41.36691906976504 418.29434074132826 0
41.42707863362955 418.299083388577 0
41.487241211330065 418.30383148065886 0
41.547406806780714 418.30858500332187 0
41.60757542390057 418.3133439424974 0
41.66774706661373 418.3181082842997 0
41.727921738849446 418.3228780150259 0
41.788099444542176 418.3276531211555 0
41.848280187631715 418.33243358935033 0
41.9084639720633 418.337219406454 0
41.96865080178767 418.34201055949194 0
42.02884068076117 418.346807035671 0
42.08903361294589 418.35160882237926 0
42.1492296023097 418.3564159071855 0
42.20942865282638 418.3612282778394 0
42.26963076847573 418.3660459222709 0
42.32983595324362 418.37086882859023 0
42.39004421112212 418.3756969850874 0
42.450255546109595 418.3805303802321 0
42.51046996221079 418.3853690026735 0
42.570687463436926 418.3902128412399 0
42.6309080538058 418.39506188493846 0
42.69113173734187 418.3999161229552 0
42.751358518076366 418.4047755446544 0
42.81158840004738 418.40964013957864 0
42.87182138729996 418.41450989744834 0
42.932057483886176 418.41938480816185 0
42.992296693865285 418.4242648617949 0
43.052539021303744 418.4291500486003 0
43.11278447027538 418.43404035900824 0
43.17303304486141 418.4389357836254 0
43.233284749150606 418.4438363132353 0
43.293539587239344 418.44874193879747 0
43.3537975632317 418.4536526514478 0
43.41405868123958 418.45856844249795 0
43.474322945382774 418.46348930343527 0
43.534590359789064 418.46841522592257 0
43.594860928594336 418.4733462017978 0
43.65513465594264 418.478282223074 0
43.71541154598632 418.48322328193893 0
43.77569160288608 418.48816937075486 0
43.835974830811075 418.49312048205843 0
43.89626123393905 418.4980766085605 0
43.95655081645638 418.50303774314574 0
44.01684358255818 418.5080038788725 0
44.07713953644843 418.5129750089727 0
44.13743868234 418.5179511268515 0
44.19774102445482 418.522932226087 0
44.25804656702393 418.52791830043043 0
44.31835531428758 418.53290934380544 0
44.37866727049531 418.53790535030816 0
44.4389824399061 418.54290631420713 0
44.499300826788364 418.54791222994265 0
44.55962243542014 418.5529230921272 0
44.61994727008913 418.55793889554445 0
44.68027533509281 418.56295963515 0
44.740606634738505 418.5679853060702 0
44.80094117334352 418.573015903603 0
44.86127895523518 418.5780514232166 0
44.92161998475096 418.58309186055027 0
44.981964266238585 418.5881372114135 0
45.04231180405608 418.5931874717862 0
45.10266260257188 418.59824263781826 0
45.16301666616498 418.60330270582944 0
45.22337399922492 418.6083676723092 0
45.28373460615196 418.6134375339166 0
45.34409849135714 418.61851228747986 0
45.40446565926238 418.62359192999634 0
45.464836114300574 418.6286764586324 0
45.52520986091567 418.6337658707232 0
45.585586903562785 418.6388601637724 0
45.64596724670826 418.64395933545194 0
45.70635089482977 418.6490633836022 0
45.76673785241644 418.65417230623143 0
45.82712812396891 418.6592861015157 0
45.887521713999426 418.66440476779894 0
45.94791862703193 418.6695283035923 0
46.00831886760218 418.6746567075744 0
46.06872244025779 418.67978997859103 0
46.129129349558376 418.6849281156549 0
46.18953960007561 418.69007111794537 0
46.249953196393335 418.6952189848086 0
46.310370143107626 418.70037171575717 0
46.370790444826916 418.7055293104699 0
46.431214106172064 418.7106917687916 0
46.49164113177645 418.7158590907332 0
46.55207152628606 418.7210312764713 0
46.612505294359615 418.72620832634806 0
46.6729424406686 418.7313902408711 0
46.733382969897406 418.7365770207134 0
46.79382688674339 418.7417686667129 0
46.854274195916965 418.7469651798726 0
46.91472490214174 418.75216656136007 0
46.97517901015454 418.75737281250775 0
47.03563652470554 418.7625839348123 0
47.09609745055834 418.7677999299349 0
47.15656179249006 418.7730207997006 0
47.21702955529144 418.7782465460986 0
47.2775007437669 418.7834771712819 0
47.337975362734674 418.78871267756705 0
47.39845341702686 418.79395306743424 0
47.45893491148953 418.7991983435269 0
47.51941985098281 418.8044485086516 0
47.57990824038099 418.8097035657781 0
47.64040008457259 418.8149635180389 0
47.70089538846046 418.8202283687294 0
47.76139415696187 418.82549812130736 0
47.82189639500861 418.8307727793931 0
47.88240210754705 418.8360523467692 0
47.94291129953825 418.8413368273803 0
48.00342397595808 418.8466262253332 0
48.06394014179722 418.85192054489625 0
48.12445980206137 418.85721979049976 0
48.18498296177122 418.8625239667354 0
48.24550962596263 418.86783307835634 0
48.30603979968669 418.87314713027683 0
48.36657348800976 418.8784661275725 0
48.42711069601366 418.8837900754796 0
48.487651428795665 418.88911897939556 0
48.54819569146864 418.8944528448781 0
48.60874348916112 418.8997916776459 0
48.66929482701741 418.9051354835777 0
48.729849710197655 418.91048426871254 0
48.790408143877926 418.9158380392497 0
48.850970133250335 418.92119680154843 0
48.911535683523105 418.9265605621277 0
48.97210479992068 418.93192932766624 0
49.03267748768375 418.9373031050024 0
49.09325375206943 418.9426819011339 0
49.1538335983513 418.9480657232178 0
49.214417031819465 418.9534545785702 0
49.27500405778071 418.95884847466635 0
49.33559468155856 418.9642474191404 0
49.39618890849332 418.96965141978524 0
49.45678674394225 418.97506048455233 0
49.517388193279594 418.98047462155165 0
49.57799326189669 418.98589383905164 0
49.63860195520204 418.99131814547883 0
49.69921427862141 418.99674754941805 0
49.75983023759796 419.00218205961187 0
49.82044983759222 419.0076216849609 0
49.881073084082324 419.0130664345234 0
49.941699982563954 419.0185163175153 0
50.00233053855056 419.02397134330994 0
50.06296475757333 419.02943152143797 0
50.12360264518138 419.0348968615873 0
50.184244206941756 419.040367373603 0
50.244889448439594 419.045843067487 0
50.30553837527814 419.0513239533982 0
50.36619099307891 419.05681004165217 0
50.426847307481694 419.062301342721 0
50.48750732414474 419.0677978672335 0
50.548171048744734 419.0732996259745 0
50.608838486977014 419.07880662988543 0
50.66950964455552 419.0843188900636 0
50.730184527212984 419.08983641776246 0
50.79086314070098 419.0953592243912 0
50.851545490790016 419.10088732151496 0
50.9122315832696 419.1064207208544 0
50.97292142394837 419.1119594342857 0
51.033615018654146 419.11750347384066 0
51.094312373234025 419.12305285170606 0
51.15501349355449 419.1286075802241 0
51.21571838550145 419.13416767189204 0
51.27642705498039 419.13973313936197 0
51.33713950791639 419.1453039954409 0
51.397855750254266 419.1508802530906 0
51.458575787958644 419.1564619254274 0
51.51929962701403 419.16204902572207 0
51.580027273424896 419.1676415674 0
51.6407587332158 419.1732395640406 0
51.70149401243142 419.1788430293776 0
51.76223311713671 419.1844519772988 0
51.82297605341691 419.1900664218458 0
51.88372282737771 419.19568637721426 0
51.94447344514525 419.20131185775335 0
52.0052279128663 419.20694287796596 0
52.06598623670826 419.2125794525086 0
52.12674842285932 419.21822159619103 0
52.187514477528495 419.2238693239764 0
52.24828440694573 419.2295226509809 0
52.30905821736199 419.23518159247413 0
52.36983591504934 419.2408461638783 0
52.43061750630103 419.2465163807688 0
52.4914029974316 419.2521922588736 0
52.55219239477694 419.2578738140734 0
52.612985704694374 419.2635610624015 0
52.67378293356279 419.2692540200436 0
52.734584087782665 419.2749527033378 0
52.7953891737762 419.28065712877446 0
52.85619819798738 419.28636731299605 0
52.91701116688208 419.29208327279713 0
52.97782808694812 419.29780502512426 0
53.038648964695376 419.3035325870757 0
53.099473806655865 419.3092659759017 0
53.16030261938382 419.3150052090039 0
53.22113540945578 419.32075030393565 0
53.281972183470685 419.3265012784017 0
53.342812948049946 419.33225815025816 0
53.40365770983753 419.33802093751245 0
53.46450647550008 419.3437896583231 0
53.52535925172694 419.34956433099967 0
53.586216045230316 419.3553449740028 0
53.647076862745266 419.36113160594374 0
53.7079417110299 419.36692424558487 0
53.76881059686537 419.37272291183905 0
53.829683527056 419.3785276237696 0
53.890560508429346 419.38433840059065 0
53.95144154783632 419.3901552616664 0
54.01232665215125 419.39597822651155 0
54.07321582827198 419.40180731479086 0
54.134109083119895 419.4076425463194 0
54.19500642364011 419.413483941062 0
54.25590785680147 419.4193315191336 0
54.316813389596675 419.42518530079894 0
54.377723029042365 419.4310453064725 0
54.43863678217917 419.43691155671837 0
54.49955465607184 419.4427840722502 0
54.5604766578093 419.44866287393114 0
54.62140279450477 419.4545479827737 0
54.68233307329579 419.46043941993963 0
54.74326750134437 419.46633720674004 0
54.804206085837016 419.47224136463495 0
54.86514883398488 419.4781519152335 0
54.92609575302378 419.48406888029376 0
54.98704685021433 419.48999228172266 0
55.048002132842 419.49592214157576 0
55.108961608217214 419.5018584820574 0
55.169925283675425 419.5078013255205 0
55.23089316657721 419.51375069446647 0
55.291865264308356 419.5197066115451 0
55.352841584279915 419.52566909955436 0
55.41382213392834 419.5316381814408 0
55.474806920715515 419.53761388029886 0
55.53579595212889 419.54359621937107 0
55.59678923568152 419.54958522204794 0
55.65778677891218 419.5555809118679 0
55.71878858938544 419.56158331251726 0
55.77979467469174 419.5675924478299 0
55.840805042447506 419.5736083417875 0
55.90181970029518 419.5796310185192 0
55.96283865590336 419.5856605023016 0
56.023861916966865 419.5916968175588 0
56.08488949120678 419.59773998886203 0
56.14592138637062 419.60379004093 0
56.20695761023232 419.60984699862837 0
56.26799817059241 419.6159108869699 0
56.32904307527805 419.62198173111443 0
56.39009233214309 419.62805955636856 0
56.451145949068206 419.6341443881858 0
56.51220393396098 419.64023625216635 0
56.573266294755946 419.6463351740572 0
56.63433303941469 419.6524411797518 0
56.695404175925944 419.65855429529006 0
56.75647971230568 419.6646745468585 0
56.817559656597155 419.67080196078984 0
56.878644016871036 419.67693656356306 0
56.93973280122546 419.6830783818034 0
57.00082601778611 419.68922744228223 0
57.061923674706335 419.69538377191685 0
57.12302578016719 419.7015473977706 0
57.18413234237756 419.7077183470526 0
57.24524336957421 419.71389664711796 0
57.30635887002189 419.7200823254674 0
57.367478852013406 419.72627540974713 0
57.428603323869716 419.7324759277493 0
57.48973229393999 419.73868390741126 0
57.550865770601725 419.74489937681585 0
57.61200376226082 419.7511223641913 0
57.67314627735163 419.7573528979111 0
57.73429332433708 419.763591006494 0
57.795444911708756 419.7698367186037 0
57.85660104798694 419.7760900630491 0
57.91776174172077 419.782351068784 0
57.97892700148823 419.7886197649072 0
58.04009683589633 419.7948961806622 0
58.10127125358109 419.80118034543733 0
58.16245026320773 419.8074722887656 0
58.22363387347064 419.8137720403246 0
58.28482209309357 419.82007962993646 0
58.34601493082964 419.82639508756785 0
58.40721239546144 419.8327184433297 0
58.46841449580114 419.8390497274774 0
58.529621240690545 419.8453889704105 0
58.59083263900117 419.8517362026727 0
58.65204869963436 419.858091454952 0
58.71326943152134 419.8644547580801 0
58.774494843623316 419.870826143033 0
58.83572494493155 419.87720564093047 0
58.89695974446742 419.8835932830361 0
58.958199251282565 419.8899891007571 0
59.01944347445892 419.89639312564464 0
59.08069242310878 419.90280538939334 0
59.14194610637493 419.9092259238414 0
59.20320453343073 419.9156547609705 0
59.26446771348013 419.9220919329057 0
59.325735655757846 419.9285374719155 0
59.38700836952935 419.93499141041156 0
59.448285864091034 419.9414537809488 0
59.509568148770235 419.9479246162253 0
59.570855232925354 419.9544039490822 0
59.632147125945906 419.9608918125036 0
59.69344383725264 419.9673882396166 0
59.75474537629757 419.9738932636911 0
59.81605175256412 419.98040691813986 0
59.877362975567166 419.9869292365184 0
59.93867905485311 419.99346025252487 0
60.0 420.0 0
