100.0 900.0 0
99.9 900.0145255619357 0
99.8 900.0290322744304 0
99.7 900.0435201773909 0
99.6 900.057989310558 0
99.5 900.0724397135067 0
99.4 900.0868714256454 0
99.3 900.1012844862167 0
99.2 900.115678934297 0
99.1 900.130054808796 0
99.0 900.1444121484574 0
98.9 900.1587509918583 0
98.8 900.1730713774094 0
98.7 900.1873733433549 0
98.6 900.2016569277722 0
98.5 900.2159221685724 0
98.4 900.2301691034994 0
98.3 900.2443977701307 0
98.2 900.2586082058766 0
98.1 900.2728004479809 0
98.0 900.28697453352 0
97.89999999999999 900.3011304994036 0
97.8 900.315268382374 0
97.7 900.3293882190065 0
97.6 900.3434900457091 0
97.5 900.3575738987228 0
97.39999999999999 900.3716398141205 0
97.3 900.3856878278084 0
97.2 900.3997179755249 0
97.1 900.4137302928409 0
97.0 900.4277248151595 0
96.89999999999999 900.4417015777165 0
96.8 900.4556606155793 0
96.7 900.4696019636482 0
96.6 900.4835256566549 0
96.5 900.4974317291638 0
96.39999999999999 900.5113202155708 0
96.3 900.5251911501039 0
96.2 900.5390445668228 0
96.1 900.5528804996189 0
96.0 900.5666989822158 0
95.89999999999999 900.580500048168 0
95.8 900.5942837308621 0
95.7 900.6080500635159 0
95.6 900.6217990791786 0
95.5 900.6355308107309 0
95.39999999999999 900.6492452908847 0
95.3 900.662942552183 0
95.19999999999999 900.6766226270001 0
95.1 900.6902855475413 0
95.0 900.7039313458426 0
94.89999999999999 900.7175600537714 0
94.8 900.7311717030256 0
94.69999999999999 900.7447663251338 0
94.6 900.7583439514555 0
94.5 900.7719046131806 0
94.39999999999999 900.7854483413299 0
94.3 900.7989751667542 0
94.19999999999999 900.812485120135 0
94.1 900.8259782319839 0
94.0 900.8394545326429 0
93.89999999999999 900.8529140522841 0
93.8 900.8663568209096 0
93.7 900.8797828683516 0
93.60000000000001 900.8931922242722 0
93.5 900.9065849181633 0
93.4 900.9199609793466 0
93.30000000000001 900.9333204369734 0
93.2 900.9466633200249 0
93.10000000000001 900.9599896573113 0
93.0 900.9732994774729 0
92.9 900.9865928089787 0
92.80000000000001 900.9998696801276 0
92.7 901.0131301190472 0
92.60000000000001 901.0263741536946 0
92.5 901.0396018118556 0
92.4 901.0528131211454 0
92.30000000000001 901.0660081090076 0
92.2 901.0791868027148 0
92.10000000000001 901.0923492293686 0
92.0 901.1054954158985 0
91.9 901.1186253890634 0
91.8 901.13173917545 0
91.7 901.1448368014736 0
91.60000000000001 901.157918293378 0
91.5 901.1709836772347 0
91.4 901.184032978944 0
91.3 901.1970662242335 0
91.2 901.210083438659 0
91.10000000000001 901.2230846476045 0
91.0 901.2360698762815 0
90.9 901.2490391497289 0
90.8 901.2619924928135 0
90.7 901.2749299302296 0
90.60000000000001 901.287851486499 0
90.5 901.3007571859703 0
90.4 901.3136470528199 0
90.3 901.3265211110511 0
90.2 901.3393793844941 0
90.10000000000001 901.3522218968063 0
90.0 901.3650486714719 0
89.9 901.3778597318017 0
89.8 901.3906551009333 0
89.7 901.4034348018308 0
89.60000000000001 901.4161988572849 0
89.5 901.4289472899127 0
89.4 901.4416801221573 0
89.3 901.4543973762884 0
89.2 901.4670990744014 0
89.1 901.479785238418 0
89.0 901.4924558900856 0
88.9 901.5051110509776 0
88.8 901.5177507424929 0
88.7 901.5303749858562 0
88.6 901.5429838021175 0
88.5 901.5555772121523 0
88.4 901.5681552366616 0
88.3 901.5807178961713 0
88.2 901.5932652110325 0
88.1 901.6057972014214 0
88.0 901.6183138873389 0
87.9 901.630815288611 0
87.8 901.643301424888 0
87.7 901.6557723156452 0
87.6 901.6682279801821 0
87.5 901.6806684376228 0
87.4 901.6930937069152 0
87.3 901.705503806832 0
87.2 901.7178987559696 0
87.1 901.7302785727483 0
87.0 901.7426432754124 0
86.9 901.7549928820299 0
86.8 901.7673274104925 0
86.7 901.7796468785152 0
86.6 901.7919513036366 0
86.5 901.8042407032185 0
86.4 901.8165150944459 0
86.3 901.8287744943269 0
86.2 901.8410189196925 0
86.1 901.8532483871967 0
86.0 901.865462913316 0
85.9 901.8776625143497 0
85.8 901.8898472064196 0
85.7 901.9020170054697 0
85.6 901.9141719272665 0
85.5 901.9263119873984 0
85.39999999999999 901.9384372012762 0
85.3 901.9505475841322 0
85.2 901.9626431510209 0
85.1 901.9747239168181 0
85.0 901.9867898962216 0
84.89999999999999 901.9988411037501 0
84.8 902.0108775537441 0
84.7 902.0228992603651 0
84.6 902.0349062375957 0
84.5 902.0468984992393 0
84.39999999999999 902.0588760589204 0
84.3 902.070838930084 0
84.2 902.0827871259958 0
84.1 902.0947206597418 0
84.0 902.1066395442286 0
83.89999999999999 902.1185437921828 0
83.8 902.1304334161509 0
83.7 902.1423084284999 0
83.6 902.1541688414159 0
83.5 902.1660146669051 0
83.39999999999999 902.1778459167934 0
83.3 902.1896626027259 0
83.2 902.2014647361668 0
83.1 902.2132523283999 0
83.0 902.2250253905277 0
82.89999999999999 902.2367839334717 0
82.8 902.248527967972 0
82.69999999999999 902.2602575045877 0
82.6 902.2719725536961 0
82.5 902.2836731254928 0
82.39999999999999 902.2953592299918 0
82.3 902.307030877025 0
82.19999999999999 902.3186880762423 0
82.1 902.3303308371115 0
82.0 902.341959168918 0
81.89999999999999 902.3535730807645 0
81.8 902.3651725815712 0
81.69999999999999 902.3767576800757 0
81.6 902.3883283848324 0
81.5 902.399884704213 0
81.39999999999999 902.4114266464055 0
81.3 902.4229542194149 0
81.2 902.4344674310626 0
81.10000000000001 902.4459662889864 0
81.0 902.45745080064 0
80.9 902.4689209732936 0
80.80000000000001 902.4803768140331 0
80.7 902.4918183297601 0
80.60000000000001 902.5032455271918 0
80.5 902.5146584128609 0
80.4 902.5260569931154 0
80.30000000000001 902.5374412741182 0
80.2 902.5488112618477 0
80.10000000000001 902.5601669620966 0
80.0 902.5715083804726 0
79.9 902.5828355223974 0
79.80000000000001 902.5941483931078 0
79.7 902.6054469976544 0
79.60000000000001 902.6167313409017 0
79.5 902.6280014275281 0
79.4 902.639257262026 0
79.3 902.650498848701 0
79.2 902.6617261916723 0
79.10000000000001 902.6729392948722 0
79.0 902.684138162046 0
78.9 902.695322796752 0
78.8 902.706493202361 0
78.7 902.7176493820567 0
78.60000000000001 902.7287913388349 0
78.5 902.7399190755034 0
78.4 902.7510325946824 0
78.3 902.762131898804 0
78.2 902.7732169901116 0
78.10000000000001 902.7842878706603 0
78.0 902.7953445423165 0
77.9 902.8063870067576 0
77.8 902.8174152654725 0
77.7 902.8284293197603 0
77.60000000000001 902.8394291707309 0
77.5 902.8504148193047 0
77.4 902.8613862662122 0
77.3 902.8723435119942 0
77.2 902.8832865570012 0
77.10000000000001 902.8942154013932 0
77.0 902.9051300451404 0
76.9 902.9160304880213 0
76.8 902.9269167296244 0
76.7 902.9377887693468 0
76.6 902.9486466063942 0
76.5 902.9594902397811 0
76.4 902.9703196683303 0
76.3 902.9811348906727 0
76.2 902.9919359052471 0
76.1 903.0027227103004 0
76.0 903.0134953038867 0
75.9 903.0242536838676 0
75.8 903.0349978479121 0
75.7 903.0457277934958 0
75.6 903.0564435179011 0
75.5 903.0671450182175 0
75.4 903.0778322913403 0
75.3 903.088505333971 0
75.2 903.0991641426175 0
75.1 903.1098087135929 0
75.0 903.120439043016 0
74.9 903.1310551268111 0
74.8 903.1416569607075 0
74.7 903.1522445402392 0
74.6 903.1628178607451 0
74.5 903.1733769173687 0
74.4 903.1839217050573 0
74.3 903.1944522185626 0
74.2 903.2049684524399 0
74.1 903.2154704010482 0
74.0 903.2259580585497 0
73.9 903.23643141891 0
73.8 903.2468904758973 0
73.7 903.2573352230827 0
73.6 903.2677656538397 0
73.5 903.2781817613438 0
73.4 903.2885835385729 0
73.3 903.2989709783064 0
73.2 903.3093440731252 0
73.1 903.3197028154115 0
73.0 903.3300471973487 0
72.89999999999999 903.3403772109208 0
72.8 903.3506928479126 0
72.7 903.3609940999089 0
72.6 903.371280958295 0
72.5 903.3815534142557 0
72.39999999999999 903.3918114587755 0
72.3 903.4020550826383 0
72.2 903.4122842764272 0
72.1 903.4224990305238 0
72.0 903.4326993351086 0
71.89999999999999 903.4428851801603 0
71.8 903.4530565554558 0
71.7 903.4632134505697 0
71.6 903.4733558548742 0
71.5 903.4834837575388 0
71.39999999999999 903.4935971475302 0
71.3 903.5036960136117 0
71.2 903.5137803443431 0
71.1 903.5238501280807 0
71.0 903.5339053529764 0
70.89999999999999 903.5439460069781 0
70.8 903.5539720778291 0
70.7 903.5639835530678 0
70.6 903.5739804200275 0
70.5 903.5839626658361 0
70.39999999999999 903.593930277416 0
70.3 903.6038832414832 0
70.19999999999999 903.6138215445482 0
70.1 903.6237451729141 0
70.0 903.6336541126781 0
69.89999999999999 903.6435483497295 0
69.8 903.6534278697508 0
69.69999999999999 903.6632926582165 0
69.6 903.6731427003934 0
69.5 903.6829779813398 0
69.39999999999999 903.6927984859055 0
69.3 903.7026041987316 0
69.19999999999999 903.7123951042498 0
69.1 903.7221711866825 0
69.0 903.7319324300422 0
68.89999999999999 903.7416788181316 0
68.8 903.7514103345426 0
68.7 903.7611269626568 0
68.60000000000001 903.7708286856445 0
68.5 903.7805154864648 0
68.4 903.7901873478652 0
68.30000000000001 903.799844252381 0
68.2 903.8094861823357 0
68.10000000000001 903.8191131198397 0
68.0 903.8287250467906 0
67.9 903.8383219448729 0
67.80000000000001 903.8479037955574 0
67.7 903.8574705801008 0
67.60000000000001 903.8670222795458 0
67.5 903.8765588747206 0
67.4 903.8860803462379 0
67.30000000000001 903.8955866744958 0
67.2 903.9050778396762 0
67.10000000000001 903.9145538217456 0
67.0 903.9240146004536 0
66.9 903.9334601553335 0
66.8 903.9428904657016 0
66.7 903.9523055106565 0
66.60000000000001 903.9617052690794 0
66.5 903.9710897196333 0
66.4 903.9804588407626 0
66.3 903.9898126106931 0
66.2 903.9991510074314 0
66.10000000000001 904.0084740087641 0
66.0 904.0177815922585 0
65.9 904.0270737352612 0
65.8 904.0363504148982 0
65.7 904.0456116080744 0
65.60000000000001 904.0548572914734 0
65.5 904.0640874415568 0
65.4 904.0733020345639 0
65.3 904.0825010465117 0
65.2 904.0916844531938 0
65.10000000000001 904.1008522301807 0
65.0 904.110004352819 0
64.9 904.119140796231 0
64.8 904.1282615353146 0
64.7 904.1373665447423 0
64.60000000000001 904.1464557989617 0
64.5 904.1555292721939 0
64.4 904.1645869384345 0
64.3 904.1736287714517 0
64.2 904.1826547447871 0
64.1 904.1916648317546 0
64.0 904.20065900544 0
63.9 904.209637238701 0
63.800000000000004 904.2185995041663 0
63.7 904.2275457742353 0
63.6 904.2364760210778 0
63.5 904.2453902166336 0
63.4 904.2542883326115 0
63.3 904.2631703404899 0
63.2 904.2720362115149 0
63.1 904.2808859167013 0
63.0 904.2897194268314 0
62.9 904.2985367124543 0
62.8 904.3073377438861 0
62.7 904.3161224912091 0
62.6 904.3248909242709 0
62.5 904.3336430126849 0
62.4 904.342378725829 0
62.3 904.3510980328454 0
62.2 904.35980090264 0
62.1 904.3684873038825 0
62.0 904.3771572050047 0
61.9 904.3858105742012 0
61.8 904.3944473794282 0
61.7 904.4030675884035 0
61.6 904.4116711686054 0
61.5 904.4202580872727 0
61.4 904.4288283114038 0
61.3 904.4373818077565 0
61.199999999999996 904.4459185428474 0
61.1 904.4544384829511 0
61.0 904.4629415941001 0
60.9 904.4714278420839 0
60.8 904.4798971924486 0
60.699999999999996 904.4883496104966 0
60.6 904.4967850612853 0
60.5 904.5052035096279 0
60.4 904.5136049200911 0
60.3 904.5219892569962 0
60.199999999999996 904.5303564844173 0
60.099999999999994 904.5387065661814 0
60.0 904.5470394658678 0
59.9 904.5553551468071 0
59.8 904.5636535720811 0
59.699999999999996 904.5719347045219 0
59.599999999999994 904.5801985067117 0
59.5 904.5884449409813 0
59.4 904.5966739694109 0
59.3 904.6048855538282 0
59.199999999999996 904.6130796558086 0
59.099999999999994 904.6212562366742 0
59.0 904.6294152574932 0
58.9 904.6375566790795 0
58.8 904.645680461992 0
58.699999999999996 904.653786566534 0
58.599999999999994 904.6618749527521 0
58.5 904.6699455804363 0
58.4 904.6779984091188 0
58.3 904.6860333980738 0
58.199999999999996 904.6940505063163 0
58.099999999999994 904.7020496926019 0
57.99999999999999 904.7100309154259 0
57.9 904.7179941330229 0
57.8 904.7259393033655 0
57.699999999999996 904.7338663841645 0
57.599999999999994 904.7417753328675 0
57.49999999999999 904.7496661066584 0
57.4 904.7575386624571 0
57.3 904.765392956918 0
57.199999999999996 904.7732289464303 0
57.099999999999994 904.7810465871163 0
56.99999999999999 904.7888458348314 0
56.89999999999999 904.7966266451626 0
56.8 904.8043889734291 0
56.699999999999996 904.8121327746801 0
56.599999999999994 904.8198580036948 0
56.49999999999999 904.8275646149817 0
56.39999999999999 904.8352525627777 0
56.3 904.842921801047 0
56.2 904.850572283481 0
56.10000000000001 904.8582039634972 0
56.00000000000001 904.8658167942382 0
55.900000000000006 904.8734107285712 0
55.800000000000004 904.8809857190871 0
55.7 904.8885417181 0
55.60000000000001 904.8960786776457 0
55.50000000000001 904.9035965494817 0
55.400000000000006 904.9110952850858 0
55.300000000000004 904.9185748356556 0
55.2 904.9260351521075 0
55.1 904.9334761850758 0
55.00000000000001 904.9408978849123 0
54.900000000000006 904.9483002016846 0
54.800000000000004 904.9556830851762 0
54.7 904.9630464848854 0
54.6 904.9703903500233 0
54.50000000000001 904.9777146295149 0
54.400000000000006 904.9850192719965 0
54.300000000000004 904.9923042258157 0
54.2 904.9995694390303 0
54.1 905.0068148594072 0
54.0 905.0140404344219 0
53.900000000000006 905.0212461112569 0
53.800000000000004 905.0284318368016 0
53.7 905.0355975576507 0
53.6 905.0427432201037 0
53.5 905.0498687701636 0
53.400000000000006 905.056974153536 0
53.300000000000004 905.0640593156284 0
53.2 905.0711242015487 0
53.1 905.0781687561052 0
53.0 905.0851929238044 0
52.900000000000006 905.0921966488504 0
52.800000000000004 905.0991798751445 0
52.7 905.1061425462836 0
52.6 905.113084605559 0
52.5 905.1200059959559 0
52.400000000000006 905.126906660152 0
52.300000000000004 905.1337865405164 0
52.2 905.1406455791091 0
52.1 905.1474837176788 0
52.0 905.1543008976631 0
51.9 905.1610970601865 0
51.800000000000004 905.1678721460598 0
51.7 905.1746260957785 0
51.6 905.1813588495224 0
51.5 905.1880703471536 0
51.4 905.194760528216 0
51.300000000000004 905.2014293319339 0
51.2 905.208076697211 0
51.1 905.2147025626289 0
51.0 905.2213068664462 0
50.9 905.2278895465973 0
50.8 905.234450540691 0
50.7 905.2409897860095 0
50.6 905.247507219507 0
50.5 905.2540027778086 0
50.4 905.2604763972091 0
50.3 905.2669280136713 0
50.2 905.2733575628254 0
50.1 905.2797649799672 0
50.0 905.2861502000571 0
49.9 905.2925131577186 0
49.8 905.2988537872372 0
49.7 905.3051720225588 0
49.6 905.3114677972884 0
49.5 905.3177410446892 0
49.4 905.3239916976805 0
49.3 905.3302196888369 0
49.2 905.3364249503868 0
49.1 905.3426074142106 0
49.0 905.34876701184 0
48.9 905.3549036744558 0
48.8 905.3610173328871 0
48.699999999999996 905.3671079176092 0
48.6 905.3731753587432 0
48.5 905.3792195860528 0
48.4 905.3852405289449 0
48.3 905.3912381164662 0
48.199999999999996 905.3972122773029 0
48.1 905.4031629397786 0
48.0 905.4090900318528 0
47.9 905.4149934811197 0
47.8 905.4208732148063 0
47.699999999999996 905.4267291597706 0
47.599999999999994 905.4325612425005 0
47.5 905.4383693891118 0
47.4 905.4441535253466 0
47.3 905.4499135765718 0
47.199999999999996 905.4556494677773 0
47.099999999999994 905.4613611235746 0
47.0 905.4670484681944 0
46.9 905.4727114254856 0
46.800000000000004 905.4783499189132 0
46.7 905.4839638715566 0
46.6 905.489553206108 0
46.5 905.4951178448703 0
46.400000000000006 905.5006577097555 0
46.300000000000004 905.5061727222827 0
46.2 905.5116628035768 0
46.1 905.5171278743658 0
46.0 905.5225678549793 0
45.9 905.5279826653473 0
45.800000000000004 905.5333722249967 0
45.7 905.5387364530512 0
45.6 905.5440752682277 0
45.5 905.5493885888358 0
45.4 905.5546763327743 0
45.300000000000004 905.5599384175306 0
45.2 905.5651747601778 0
45.1 905.5703852773728 0
45.0 905.5755698853544 0
44.9 905.5807284999412 0
44.800000000000004 905.5858610365293 0
44.7 905.5909674100905 0
44.6 905.5960475351694 0
44.5 905.6011013258823 0
44.4 905.6061286959141 0
44.3 905.6111295585166 0
44.2 905.6161038265059 0
44.1 905.6210514122603 0
44.0 905.6259722277182 0
43.9 905.6308661843755 0
43.8 905.635733193283 0
43.7 905.6405731650451 0
43.6 905.6453860098162 0
43.5 905.6501716372987 0
43.4 905.654929956741 0
43.3 905.6596608769345 0
43.2 905.6643643062113 0
43.1 905.6690401524417 0
43.0 905.6736883230316 0
42.9 905.6783087249202 0
42.8 905.6829012645769 0
42.699999999999996 905.6874658479991 0
42.6 905.6920023807094 0
42.5 905.696510767753 0
42.4 905.7009909136948 0
42.3 905.7054427226169 0
42.199999999999996 905.7098660981156 0
42.1 905.714260943299 0
42.0 905.7186271607837 0
41.9 905.7229646526923 0
41.8 905.7272733206503 0
41.699999999999996 905.7315530657833 0
41.6 905.7358037887138 0
41.5 905.740025389559 0
41.4 905.7442177679269 0
41.3 905.7483808229134 0
41.199999999999996 905.7525144530997 0
41.099999999999994 905.7566185565489 0
41.0 905.7606930308028 0
40.9 905.7647377728789 0
40.8 905.7687526792668 0
40.699999999999996 905.7727376459254 0
40.6 905.7766925682795 0
40.5 905.7806173412164 0
40.400000000000006 905.7845118590826 0
40.300000000000004 905.7883760156802 0
40.2 905.7922097042638 0
40.1 905.7960128175367 0
40.0 905.799785247648 0
39.900000000000006 905.8035268861878 0
39.800000000000004 905.8072376241852 0
39.7 905.8109173521035 0
39.6 905.814565959837 0
39.5 905.8181833367071 0
39.4 905.8217693714588 0
39.300000000000004 905.8253239522568 0
39.2 905.8288469666812 0
39.1 905.8323383017245 0
39.0 905.8357978437868 0
38.9 905.8392254786727 0
38.800000000000004 905.8426210915861 0
38.7 905.8459845671274 0
38.6 905.8493157892885 0
38.5 905.852614641449 0
38.4 905.8558810063721 0
38.3 905.8591147661997 0
38.2 905.8623158024491 0
38.1 905.8654839960076 0
38.0 905.868619227129 0
37.9 905.8717213754283 0
37.8 905.8747903198778 0
37.7 905.8778259388023 0
37.6 905.8808281098744 0
37.5 905.8837967101099 0
37.4 905.8867316158631 0
37.3 905.8896327028219 0
37.2 905.8924998460029 0
37.1 905.8953329197469 0
37.0 905.8981317977133 0
36.9 905.9008963528753 0
36.8 905.9036264575151 0
36.7 905.9063219832185 0
36.6 905.9089828008697 0
36.5 905.9116087806457 0
36.4 905.9141997920116 0
36.3 905.9167557037148 0
36.199999999999996 905.9192763837793 0
36.1 905.9217616995006 0
36.0 905.92421151744 0
35.9 905.9266257034185 0
35.8 905.9290041225113 0
35.699999999999996 905.9313466390423 0
35.6 905.9336531165777 0
35.5 905.93592341792 0
35.4 905.9381574051024 0
35.3 905.9403549393824 0
35.199999999999996 905.9425158812351 0
35.099999999999994 905.944640090348 0
35.0 905.9467274256136 0
34.9 905.9487777451236 0
34.8 905.9507909061617 0
34.699999999999996 905.9527667651978 0
34.599999999999994 905.9547051778806 0
34.5 905.9566059990311 0
34.4 905.9584690826357 0
34.300000000000004 905.9602942818392 0
34.2 905.9620814489376 0
34.1 905.9638304353714 0
34.0 905.9655410917175 0
33.900000000000006 905.9672132676825 0
33.800000000000004 905.9688468120953 0
33.7 905.9704415728993 0
33.6 905.9719973971445 0
33.5 905.9735141309802 0
33.4 905.9749916196472 0
33.300000000000004 905.976429707469 0
33.2 905.9778282378451 0
33.1 905.9791870532414 0
33.0 905.9805059951829 0
32.9 905.9817849042447 0
32.800000000000004 905.9830236200442 0
32.7 905.9842219812313 0
32.6 905.9853798254808 0
32.5 905.986496989483 0
32.4 905.9875733089347 0
32.300000000000004 905.98860861853 0
32.2 905.9896027519513 0
32.1 905.9905555418597 0
32.0 905.9914668198858 0
31.900000000000002 905.9923364166192 0
31.8 905.9931641616001 0
31.7 905.9939498833082 0
31.6 905.994693409153 0
31.5 905.9953945654637 0
31.4 905.9960531774788 0
31.3 905.9966690693356 0
31.2 905.9972420640594 0
31.1 905.997771983553 0
31.0 905.9982586485854 0
30.9 905.9987018787808 0
30.8 905.9991014926075 0
30.7 905.9994573073659 0
30.599999999999998 905.9997691391778 0
30.5 906.0000368029737 0
30.4 906.0002601124813 0
30.3 906.0004388802133 0
30.2 906.0005729174551 0
30.099999999999998 906.000662034252 0
30.0 906.0007060393971 0
29.9 906.0007047404176 0
29.799999999999997 906.0006579435627 0
29.7 906.0005654537896 0
29.599999999999998 906.0004270747501 0
29.5 906.0002426087771 0
29.4 906.0000118568707 0
29.299999999999997 905.9997346186842 0
29.2 905.9994106925095 0
29.099999999999998 905.9990398752627 0
28.999999999999996 905.9986219624694 0
28.9 905.9981567482495 0
28.799999999999997 905.9976440253022 0
28.7 905.9970835848903 0
28.599999999999998 905.996475216825 0
28.499999999999996 905.9958187094493 0
28.4 905.9951138496219 0
28.299999999999997 905.9943604227014 0
28.199999999999996 905.9935582125286 0
28.1 905.99270700141 0
28.000000000000004 905.991806570101 0
27.900000000000002 905.9908566977871 0
27.800000000000004 905.9898571620676 0
27.700000000000003 905.9888077389361 0
27.6 905.987708202763 0
27.500000000000004 905.9865583262765 0
27.400000000000002 905.9853578805436 0
27.3 905.9841066349503 0
27.200000000000003 905.9828043571831 0
27.1 905.9814508132077 0
27.0 905.9800457672496 0
26.900000000000002 905.978588981773 0
26.8 905.9770802174602 0
26.700000000000003 905.9755192331896 0
26.6 905.9739057860149 0
26.5 905.9722396311421 0
26.400000000000002 905.9705205219078 0
26.3 905.9687482097557 0
26.200000000000003 905.9669224442142 0
26.1 905.965042972872 0
26.0 905.9631095413542 0
25.900000000000002 905.9611218932985 0
25.8 905.9590797703295 0
25.7 905.9569829120338 0
25.6 905.9548310559344 0
25.5 905.9526239374641 0
25.4 905.9503612899391 0
25.3 905.9480428445319 0
25.2 905.9456683302434 0
25.1 905.943237473875 0
25.0 905.94075 0
24.9 905.9382056309345 0
24.8 905.9356040867074 0
24.7 905.9329450850307 0
24.6 905.9302283412683 0
24.5 905.927453568405 0
24.4 905.9246204770145 0
24.3 905.9217287752267 0
24.2 905.9187781686951 0
24.099999999999998 905.9157683605628 0
24.0 905.9126990514279 0
23.9 905.9095699393092 0
23.799999999999997 905.9063807196101 0
23.7 905.9031310850821 0
23.599999999999998 905.8998207257887 0
23.5 905.8964493290664 0
23.400000000000002 905.8930165794876 0
23.3 905.8895221588205 0
23.200000000000003 905.8859657459894 0
23.1 905.8823470170344 0
23.0 905.8786656450693 0
22.900000000000002 905.8749213002397 0
22.8 905.8711136496801 0
22.7 905.8672423574691 0
22.6 905.8633070845851 0
22.5 905.859307488861 0
22.400000000000002 905.8552432249361 0
22.3 905.8511139442102 0
22.2 905.8469192947939 0
22.1 905.8426589214592 0
22.0 905.8383324655895 0
21.9 905.8339395651271 0
21.8 905.8294798545217 0
21.7 905.8249529646752 0
21.6 905.8203585228881 0
21.5 905.8156961528031 0
21.4 905.8109654743473 0
21.3 905.806166103675 0
21.2 905.8012976531069 0
21.099999999999998 905.7963597310697 0
21.0 905.7913519420343 0
20.9 905.7862738864517 0
20.8 905.7811251606881 0
20.7 905.775905356959 0
20.599999999999998 905.7706140632614 0
20.5 905.765250863304 0
20.4 905.7598153364372 0
20.3 905.7543070575805 0
20.200000000000003 905.7487255971482 0
20.1 905.7430705209747 0
20.0 905.7373413902362 0
19.900000000000002 905.7315377613727 0
19.8 905.7256591860063 0
19.7 905.7197052108593 0
19.6 905.7136753776695 0
19.5 905.7075692231032 0
19.400000000000002 905.7013862786678 0
19.3 905.6951260706201 0
19.2 905.6887881198745 0
19.1 905.6823719419081 0
19.0 905.6758770466633 0
18.9 905.6693029384489 0
18.8 905.6626491158379 0
18.7 905.6559150715639 0
18.6 905.649100292414 0
18.5 905.6422042591199 0
18.4 905.6352264462457 0
18.3 905.6281663220739 0
18.2 905.6210233484867 0
18.099999999999998 905.613796980847 0
18.0 905.6064866678743 0
17.9 905.5990918515183 0
17.8 905.5916119668293 0
17.7 905.5840464418256 0
17.599999999999998 905.5763946973568 0
17.5 905.568656146964 0
17.4 905.5608301967368 0
17.299999999999997 905.5529162451656 0
17.2 905.5449136829915 0
17.1 905.5368218930506 0
17.0 905.5286402501152 0
16.900000000000002 905.5203681207314 0
16.8 905.5120048630502 0
16.7 905.5035498266565 0
16.6 905.495002352392 0
16.5 905.4863617721743 0
16.400000000000002 905.4776274088092 0
16.3 905.4687985758006 0
16.2 905.4598745771528 0
16.1 905.4508547071683 0
16.0 905.44173825024 0
15.9 905.4325244806371 0
15.8 905.4232126622853 0
15.7 905.4138020485409 0
15.6 905.4042918819575 0
15.5 905.3946813940473 0
15.4 905.3849698050341 0
15.299999999999999 905.3751563236001 0
15.2 905.3652401466248 0
15.1 905.3552204589162 0
15.0 905.3450964329339 0
14.899999999999999 905.3348672285041 0
14.799999999999999 905.3245319925256 0
14.7 905.3140898586677 0
14.6 905.3035399470572 0
14.499999999999998 905.292881363958 0
14.399999999999999 905.2821132014384 0
14.299999999999999 905.2712345370298 0
14.2 905.2602444333736 0
14.099999999999998 905.2491419378574 0
14.000000000000002 905.2379260822391 0
13.900000000000002 905.2265958822595 0
13.8 905.2151503372421 0
13.700000000000001 905.2035884296791 0
13.600000000000001 905.1919091248052 0
13.5 905.1801113701559 0
13.4 905.1681940951122 0
13.3 905.1561562104289 0
13.200000000000001 905.1439966077475 0
13.100000000000001 905.1317141590929 0
13.0 905.1193077163515 0
12.9 905.1067761107328 0
12.8 905.0941181522105 0
12.7 905.0813326289455 0
12.6 905.068418306687 0
12.5 905.0553739281536 0
12.4 905.0421982123906 0
12.3 905.0288898541053 0
12.2 905.0154475229765 0
12.1 905.00186986294 0
12.0 904.9881554914464 0
11.899999999999999 904.9743029986911 0
11.799999999999999 904.9603109468159 0
11.700000000000001 904.9461778690791 0
11.600000000000001 904.9319022689941 0
11.5 904.9174826194346 0
11.4 904.9029173617048 0
11.3 904.8882049045718 0
11.200000000000001 904.873343623261 0
11.1 904.8583318584098 0
11.0 904.8431679149791 0
10.9 904.8278500611207 0
10.8 904.8123765269967 0
10.7 904.796745503551 0
10.6 904.7809551412281 0
10.5 904.7650035486369 0
10.4 904.7488887911587 0
10.299999999999999 904.7326088894935 0
10.2 904.7161618181427 0
10.100000000000001 904.6995455038256 0
10.0 904.682757823824 0
9.9 904.6657966042532 0
9.8 904.6486596182531 0
9.700000000000001 904.6313445840974 0
9.6 904.6138491632134 0
9.5 904.5961709581095 0
9.4 904.5783075102042 0
9.3 904.5602562975513 0
9.2 904.5420147324535 0
9.1 904.5235801589599 0
9.0 904.50494985024 0
8.9 904.486121005824 0
8.799999999999999 904.4670907487051 0
8.7 904.4478561222926 0
8.6 904.4284140872063 0
8.5 904.4087615179037 0
8.4 904.388895199127 0
8.3 904.3688118221602 0
8.200000000000001 904.3485079808821 0
8.1 904.3279801676018 0
8.0 904.3072247686629 0
7.9 904.2862380597985 0
7.8 904.2650162012219 0
7.7 904.2435552324324 0
7.6 904.2218510667167 0
7.5 904.1998994853235 0
7.3999999999999995 904.1776961312878 0
7.3 904.1552365028779 0
7.199999999999999 904.1325159466369 0
7.1 904.1095296499882 0
7.000000000000001 904.0862726333704 0
6.9 904.0627397418648 0
6.800000000000001 904.038925636274 0
6.7 904.0148247836094 0
6.6000000000000005 903.9904314469359 0
6.5 903.9657396745221 0
6.4 903.9407432882365 0
6.3 903.9154358711238 0
6.2 903.8898107540908 0
6.1 903.8638610016216 0
6.0 903.837579396434 0
5.8999999999999995 903.8109584229812 0
5.800000000000001 903.7839902496889 0
5.7 903.7566667098075 0
5.6000000000000005 903.7289792807463 0
5.5 903.7009190617397 0
5.4 903.6724767496762 0
5.3 903.6436426129042 0
5.2 903.6144064628022 0
5.1 903.5847576228765 0
5.0 903.5546848951182 0
4.9 903.5241765233158 0
4.8 903.4932201529809 0
4.7 903.4618027874961 0
4.6 903.4299107400399 0
4.5 903.3975295807821 0
4.3999999999999995 903.3646440787679 0
4.3 903.3312381378208 0
4.2 903.2972947256977 0
4.1000000000000005 903.2627957956043 0
4.0 903.22772219904 0
3.9 903.1920535887723 0
3.8 903.1557683105392 0
3.6999999999999997 903.1188432818353 0
3.5999999999999996 903.0812538558494 0
3.5000000000000004 903.0429736682645 0
3.4000000000000004 903.0039744642118 0
3.3000000000000003 902.9642259021347 0
3.2 902.9236953306901 0
3.1 902.8823475340074 0
3.0 902.8401444396432 0
2.9000000000000004 902.7970447823294 0
2.8000000000000003 902.7530037150499 0
2.7 902.7079723569958 0
2.6 902.661897265409 0
2.5 902.614719815037 0
2.4 902.566375464646 0
2.3 902.5167928844011 0
2.1999999999999997 902.4658929104312 0
2.1 902.4135872828103 0
2.0 902.3597771094514 0
1.9 902.304350979444 0
1.7999999999999998 902.247182622796 0
1.7000000000000002 902.1881279757131 0
1.6 902.1270214557258 0
1.5 902.0636711699619 0
1.4000000000000001 901.9978526574808 0
1.3 901.9293005771624 0
1.2 901.8576974512084 0
1.0999999999999999 901.7826580793198 0
1.0 901.70370739584 0
0.8999999999999999 901.620248045646 0
0.8 901.5315111622825 0
0.7000000000000001 901.4364783032372 0
0.6 901.3337507270588 0
0.5 901.2213147483707 0
0.4 901.0960798388855 0
0.3 900.9528435600022 0
0.2 900.7814620513882 0
0.1 900.5557470634342 0
0.0 900.0 0
0.1 899.4442529365658 0
0.2 899.2185379486118 0
0.3 899.0471564399978 0
0.4 898.9039201611145 0
0.5 898.7786852516293 0
0.6 898.6662492729412 0
0.7000000000000001 898.5635216967628 0
0.8 898.4684888377175 0
0.8999999999999999 898.379751954354 0
1.0 898.29629260416 0
1.0999999999999999 898.2173419206802 0
1.2 898.1423025487916 0
1.3 898.0706994228376 0
1.4000000000000001 898.0021473425192 0
1.5 897.9363288300381 0
1.6 897.8729785442742 0
1.7000000000000002 897.8118720242869 0
1.7999999999999998 897.752817377204 0
1.9 897.695649020556 0
2.0 897.6402228905486 0
2.1 897.5864127171897 0
2.1999999999999997 897.5341070895688 0
2.3 897.4832071155989 0
2.4 897.433624535354 0
2.5 897.385280184963 0
2.6 897.338102734591 0
2.7 897.2920276430042 0
2.8000000000000003 897.2469962849501 0
2.9000000000000004 897.2029552176706 0
3.0 897.1598555603568 0
3.1 897.1176524659926 0
3.2 897.0763046693099 0
3.3000000000000003 897.0357740978653 0
3.4000000000000004 896.9960255357882 0
3.5000000000000004 896.9570263317355 0
3.5999999999999996 896.9187461441506 0
3.6999999999999997 896.8811567181647 0
3.8 896.8442316894608 0
3.9 896.8079464112277 0
4.0 896.77227780096 0
4.1000000000000005 896.7372042043957 0
4.2 896.7027052743023 0
4.3 896.6687618621792 0
4.3999999999999995 896.6353559212321 0
4.5 896.6024704192179 0
4.6 896.5700892599601 0
4.7 896.5381972125039 0
4.8 896.5067798470191 0
4.9 896.4758234766842 0
5.0 896.4453151048818 0
5.1 896.4152423771235 0
5.2 896.3855935371978 0
5.3 896.3563573870958 0
5.4 896.3275232503238 0
5.5 896.2990809382603 0
5.6000000000000005 896.2710207192537 0
5.7 896.2433332901925 0
5.800000000000001 896.2160097503111 0
5.8999999999999995 896.1890415770188 0
6.0 896.162420603566 0
6.1 896.1361389983784 0
6.2 896.1101892459092 0
6.3 896.0845641288762 0
6.4 896.0592567117635 0
6.5 896.0342603254779 0
6.6000000000000005 896.0095685530641 0
6.7 895.9851752163906 0
6.800000000000001 895.961074363726 0
6.9 895.9372602581352 0
7.000000000000001 895.9137273666296 0
7.1 895.8904703500118 0
7.199999999999999 895.8674840533631 0
7.3 895.8447634971221 0
7.3999999999999995 895.8223038687122 0
7.5 895.8001005146765 0
7.6 895.7781489332833 0
7.7 895.7564447675676 0
7.8 895.7349837987781 0
7.9 895.7137619402015 0
8.0 895.6927752313371 0
8.1 895.6720198323982 0
8.200000000000001 895.6514920191179 0
8.3 895.6311881778398 0
8.4 895.611104800873 0
8.5 895.5912384820963 0
8.6 895.5715859127937 0
8.7 895.5521438777074 0
8.799999999999999 895.5329092512949 0
8.9 895.513878994176 0
9.0 895.49505014976 0
9.1 895.4764198410401 0
9.2 895.4579852675465 0
9.3 895.4397437024487 0
9.4 895.4216924897958 0
9.5 895.4038290418905 0
9.6 895.3861508367866 0
9.700000000000001 895.3686554159026 0
9.8 895.3513403817469 0
9.9 895.3342033957468 0
10.0 895.317242176176 0
10.100000000000001 895.3004544961744 0
10.2 895.2838381818573 0
10.299999999999999 895.2673911105065 0
10.4 895.2511112088413 0
10.5 895.2349964513631 0
10.6 895.2190448587719 0
10.7 895.203254496449 0
10.8 895.1876234730033 0
10.9 895.1721499388793 0
11.0 895.1568320850209 0
11.1 895.1416681415902 0
11.200000000000001 895.126656376739 0
11.3 895.1117950954282 0
11.4 895.0970826382952 0
11.5 895.0825173805654 0
11.600000000000001 895.0680977310059 0
11.700000000000001 895.0538221309209 0
11.799999999999999 895.0396890531841 0
11.899999999999999 895.0256970013089 0
12.0 895.0118445085536 0
12.1 894.99813013706 0
12.2 894.9845524770235 0
12.3 894.9711101458947 0
12.4 894.9578017876094 0
12.5 894.9446260718464 0
12.6 894.931581693313 0
12.7 894.9186673710545 0
12.8 894.9058818477895 0
12.9 894.8932238892672 0
13.0 894.8806922836485 0
13.100000000000001 894.8682858409071 0
13.200000000000001 894.8560033922525 0
13.3 894.8438437895711 0
13.4 894.8318059048878 0
13.5 894.8198886298441 0
13.600000000000001 894.8080908751948 0
13.700000000000001 894.7964115703209 0
13.8 894.7848496627579 0
13.900000000000002 894.7734041177405 0
14.000000000000002 894.7620739177609 0
14.099999999999998 894.7508580621426 0
14.2 894.7397555666264 0
14.299999999999999 894.7287654629702 0
14.399999999999999 894.7178867985616 0
14.499999999999998 894.707118636042 0
14.6 894.6964600529428 0
14.7 894.6859101413323 0
14.799999999999999 894.6754680074744 0
14.899999999999999 894.6651327714959 0
15.0 894.6549035670661 0
15.1 894.6447795410838 0
15.2 894.6347598533752 0
15.299999999999999 894.6248436763999 0
15.4 894.6150301949659 0
15.5 894.6053186059527 0
15.6 894.5957081180425 0
15.7 894.5861979514591 0
15.8 894.5767873377147 0
15.9 894.5674755193629 0
16.0 894.55826174976 0
16.1 894.5491452928317 0
16.2 894.5401254228472 0
16.3 894.5312014241994 0
16.400000000000002 894.5223725911908 0
16.5 894.5136382278257 0
16.6 894.504997647608 0
16.7 894.4964501733435 0
16.8 894.4879951369498 0
16.900000000000002 894.4796318792686 0
17.0 894.4713597498848 0
17.1 894.4631781069494 0
17.2 894.4550863170085 0
17.299999999999997 894.4470837548344 0
17.4 894.4391698032632 0
17.5 894.431343853036 0
17.599999999999998 894.4236053026432 0
17.7 894.4159535581744 0
17.8 894.4083880331707 0
17.9 894.4009081484817 0
18.0 894.3935133321257 0
18.099999999999998 894.386203019153 0
18.2 894.3789766515133 0
18.3 894.3718336779261 0
18.4 894.3647735537543 0
18.5 894.3577957408801 0
18.6 894.350899707586 0
18.7 894.3440849284361 0
18.8 894.3373508841621 0
18.9 894.3306970615511 0
19.0 894.3241229533367 0
19.1 894.3176280580919 0
19.2 894.3112118801255 0
19.3 894.3048739293799 0
19.400000000000002 894.2986137213322 0
19.5 894.2924307768968 0
19.6 894.2863246223305 0
19.7 894.2802947891407 0
19.8 894.2743408139937 0
19.900000000000002 894.2684622386273 0
20.0 894.2626586097638 0
20.1 894.2569294790253 0
20.200000000000003 894.2512744028518 0
20.3 894.2456929424195 0
20.4 894.2401846635628 0
20.5 894.234749136696 0
20.599999999999998 894.2293859367386 0
20.7 894.224094643041 0
20.8 894.2188748393119 0
20.9 894.2137261135483 0
21.0 894.2086480579657 0
21.099999999999998 894.2036402689303 0
21.2 894.1987023468931 0
21.3 894.193833896325 0
21.4 894.1890345256527 0
21.5 894.1843038471969 0
21.6 894.1796414771119 0
21.7 894.1750470353248 0
21.8 894.1705201454783 0
21.9 894.1660604348729 0
22.0 894.1616675344105 0
22.1 894.1573410785408 0
22.2 894.1530807052061 0
22.3 894.1488860557898 0
22.400000000000002 894.1447567750639 0
22.5 894.140692511139 0
22.6 894.1366929154149 0
22.7 894.1327576425309 0
22.8 894.1288863503199 0
22.900000000000002 894.1250786997603 0
23.0 894.1213343549307 0
23.1 894.1176529829656 0
23.200000000000003 894.1140342540106 0
23.3 894.1104778411795 0
23.400000000000002 894.1069834205124 0
23.5 894.1035506709336 0
23.599999999999998 894.1001792742113 0
23.7 894.0968689149179 0
23.799999999999997 894.0936192803899 0
23.9 894.0904300606908 0
24.0 894.0873009485721 0
24.099999999999998 894.0842316394372 0
24.2 894.0812218313049 0
24.3 894.0782712247733 0
24.4 894.0753795229855 0
24.5 894.072546431595 0
24.6 894.0697716587317 0
24.7 894.0670549149693 0
24.8 894.0643959132926 0
24.9 894.0617943690655 0
25.0 894.05925 0
25.1 894.056762526125 0
25.2 894.0543316697566 0
25.3 894.0519571554681 0
25.4 894.0496387100609 0
25.5 894.0473760625359 0
25.6 894.0451689440656 0
25.7 894.0430170879662 0
25.8 894.0409202296705 0
25.900000000000002 894.0388781067015 0
26.0 894.0368904586458 0
26.1 894.034957027128 0
26.200000000000003 894.0330775557858 0
26.3 894.0312517902443 0
26.400000000000002 894.0294794780922 0
26.5 894.0277603688579 0
26.6 894.0260942139851 0
26.700000000000003 894.0244807668104 0
26.8 894.0229197825398 0
26.900000000000002 894.021411018227 0
27.0 894.0199542327504 0
27.1 894.0185491867923 0
27.200000000000003 894.0171956428169 0
27.3 894.0158933650497 0
27.400000000000002 894.0146421194564 0
27.500000000000004 894.0134416737235 0
27.6 894.012291797237 0
27.700000000000003 894.0111922610639 0
27.800000000000004 894.0101428379324 0
27.900000000000002 894.0091433022129 0
28.000000000000004 894.008193429899 0
28.1 894.00729299859 0
28.199999999999996 894.0064417874714 0
28.299999999999997 894.0056395772986 0
28.4 894.0048861503781 0
28.499999999999996 894.0041812905507 0
28.599999999999998 894.003524783175 0
28.7 894.0029164151097 0
28.799999999999997 894.0023559746978 0
28.9 894.0018432517505 0
28.999999999999996 894.0013780375306 0
29.099999999999998 894.0009601247373 0
29.2 894.0005893074905 0
29.299999999999997 894.0002653813158 0
29.4 893.9999881431293 0
29.5 893.9997573912229 0
29.599999999999998 893.9995729252499 0
29.7 893.9994345462104 0
29.799999999999997 893.9993420564373 0
29.9 893.9992952595824 0
30.0 893.9992939606029 0
30.099999999999998 893.999337965748 0
30.2 893.9994270825449 0
30.3 893.9995611197867 0
30.4 893.9997398875187 0
30.5 893.9999631970263 0
30.599999999999998 894.0002308608222 0
30.7 894.0005426926341 0
30.8 894.0008985073925 0
30.9 894.0012981212192 0
31.0 894.0017413514146 0
31.1 894.002228016447 0
31.2 894.0027579359406 0
31.3 894.0033309306644 0
31.4 894.0039468225212 0
31.5 894.0046054345363 0
31.6 894.005306590847 0
31.7 894.0060501166918 0
31.8 894.0068358383999 0
31.900000000000002 894.0076635833808 0
32.0 894.0085331801142 0
32.1 894.0094444581403 0
32.2 894.0103972480487 0
32.300000000000004 894.01139138147 0
32.4 894.0124266910653 0
32.5 894.013503010517 0
32.6 894.0146201745192 0
32.7 894.0157780187687 0
32.800000000000004 894.0169763799558 0
32.9 894.0182150957553 0
33.0 894.0194940048171 0
33.1 894.0208129467586 0
33.2 894.0221717621549 0
33.300000000000004 894.023570292531 0
33.4 894.0250083803528 0
33.5 894.0264858690198 0
33.6 894.0280026028555 0
33.7 894.0295584271007 0
33.800000000000004 894.0311531879047 0
33.900000000000006 894.0327867323175 0
34.0 894.0344589082825 0
34.1 894.0361695646286 0
34.2 894.0379185510624 0
34.300000000000004 894.0397057181608 0
34.4 894.0415309173643 0
34.5 894.0433940009689 0
34.599999999999994 894.0452948221194 0
34.699999999999996 894.0472332348022 0
34.8 894.0492090938383 0
34.9 894.0512222548764 0
35.0 894.0532725743864 0
35.099999999999994 894.055359909652 0
35.199999999999996 894.0574841187649 0
35.3 894.0596450606176 0
35.4 894.0618425948976 0
35.5 894.06407658208 0
35.6 894.0663468834223 0
35.699999999999996 894.0686533609577 0
35.8 894.0709958774887 0
35.9 894.0733742965815 0
36.0 894.07578848256 0
36.1 894.0782383004994 0
36.199999999999996 894.0807236162207 0
36.3 894.0832442962852 0
36.4 894.0858002079884 0
36.5 894.0883912193543 0
36.6 894.0910171991303 0
36.7 894.0936780167815 0
36.8 894.0963735424849 0
36.9 894.0991036471247 0
37.0 894.1018682022867 0
37.1 894.1046670802531 0
37.2 894.1075001539971 0
37.3 894.1103672971781 0
37.4 894.1132683841369 0
37.5 894.1162032898901 0
37.6 894.1191718901256 0
37.7 894.1221740611977 0
37.8 894.1252096801222 0
37.9 894.1282786245717 0
38.0 894.131380772871 0
38.1 894.1345160039924 0
38.2 894.1376841975509 0
38.3 894.1408852338003 0
38.4 894.1441189936279 0
38.5 894.147385358551 0
38.6 894.1506842107115 0
38.7 894.1540154328726 0
38.800000000000004 894.1573789084139 0
38.9 894.1607745213273 0
39.0 894.1642021562132 0
39.1 894.1676616982755 0
39.2 894.1711530333188 0
39.300000000000004 894.1746760477432 0
39.4 894.1782306285412 0
39.5 894.1818166632929 0
39.6 894.185434040163 0
39.7 894.1890826478965 0
39.800000000000004 894.1927623758148 0
39.900000000000006 894.1964731138122 0
40.0 894.200214752352 0
40.1 894.2039871824633 0
40.2 894.2077902957362 0
40.300000000000004 894.2116239843198 0
40.400000000000006 894.2154881409174 0
40.5 894.2193826587836 0
40.6 894.2233074317205 0
40.699999999999996 894.2272623540746 0
40.8 894.2312473207332 0
40.9 894.2352622271211 0
41.0 894.2393069691972 0
41.099999999999994 894.2433814434511 0
41.199999999999996 894.2474855469003 0
41.3 894.2516191770866 0
41.4 894.2557822320731 0
41.5 894.259974610441 0
41.6 894.2641962112862 0
41.699999999999996 894.2684469342167 0
41.8 894.2727266793497 0
41.9 894.2770353473077 0
42.0 894.2813728392163 0
42.1 894.285739056701 0
42.199999999999996 894.2901339018844 0
42.3 894.2945572773831 0
42.4 894.2990090863052 0
42.5 894.303489232247 0
42.6 894.3079976192906 0
42.699999999999996 894.3125341520009 0
42.8 894.3170987354231 0
42.9 894.3216912750798 0
43.0 894.3263116769684 0
43.1 894.3309598475583 0
43.2 894.3356356937887 0
43.3 894.3403391230655 0
43.4 894.345070043259 0
43.5 894.3498283627013 0
43.6 894.3546139901838 0
43.7 894.3594268349549 0
43.8 894.364266806717 0
43.9 894.3691338156245 0
44.0 894.3740277722818 0
44.1 894.3789485877397 0
44.2 894.3838961734941 0
44.3 894.3888704414834 0
44.4 894.3938713040859 0
44.5 894.3988986741177 0
44.6 894.4039524648306 0
44.7 894.4090325899095 0
44.800000000000004 894.4141389634707 0
44.9 894.4192715000588 0
45.0 894.4244301146456 0
45.1 894.4296147226272 0
45.2 894.4348252398222 0
45.300000000000004 894.4400615824694 0
45.4 894.4453236672257 0
45.5 894.4506114111642 0
45.6 894.4559247317723 0
45.7 894.4612635469488 0
45.800000000000004 894.4666277750033 0
45.9 894.4720173346527 0
46.0 894.4774321450207 0
46.1 894.4828721256342 0
46.2 894.4883371964232 0
46.300000000000004 894.4938272777173 0
46.400000000000006 894.4993422902445 0
46.5 894.5048821551297 0
46.6 894.510446793892 0
46.7 894.5160361284434 0
46.800000000000004 894.5216500810868 0
46.9 894.5272885745144 0
47.0 894.5329515318056 0
47.099999999999994 894.5386388764254 0
47.199999999999996 894.5443505322227 0
47.3 894.5500864234282 0
47.4 894.5558464746534 0
47.5 894.5616306108882 0
47.599999999999994 894.5674387574995 0
47.699999999999996 894.5732708402294 0
47.8 894.5791267851937 0
47.9 894.5850065188803 0
48.0 894.5909099681472 0
48.1 894.5968370602214 0
48.199999999999996 894.6027877226971 0
48.3 894.6087618835338 0
48.4 894.6147594710551 0
48.5 894.6207804139472 0
48.6 894.6268246412568 0
48.699999999999996 894.6328920823908 0
48.8 894.6389826671129 0
48.9 894.6450963255442 0
49.0 894.65123298816 0
49.1 894.6573925857894 0
49.2 894.6635750496132 0
49.3 894.6697803111631 0
49.4 894.6760083023195 0
49.5 894.6822589553108 0
49.6 894.6885322027116 0
49.7 894.6948279774412 0
49.8 894.7011462127628 0
49.9 894.7074868422814 0
50.0 894.7138497999429 0
50.1 894.7202350200328 0
50.2 894.7266424371746 0
50.3 894.7330719863287 0
50.4 894.7395236027909 0
50.5 894.7459972221914 0
50.6 894.752492780493 0
50.7 894.7590102139905 0
50.8 894.765549459309 0
50.9 894.7721104534027 0
51.0 894.7786931335538 0
51.1 894.7852974373711 0
51.2 894.791923302789 0
51.300000000000004 894.7985706680661 0
51.4 894.805239471784 0
51.5 894.8119296528464 0
51.6 894.8186411504776 0
51.7 894.8253739042215 0
51.800000000000004 894.8321278539402 0
51.9 894.8389029398135 0
52.0 894.8456991023369 0
52.1 894.8525162823212 0
52.2 894.8593544208909 0
52.300000000000004 894.8662134594836 0
52.400000000000006 894.873093339848 0
52.5 894.8799940040441 0
52.6 894.886915394441 0
52.7 894.8938574537164 0
52.800000000000004 894.9008201248555 0
52.900000000000006 894.9078033511496 0
53.0 894.9148070761956 0
53.1 894.9218312438948 0
53.2 894.9288757984513 0
53.300000000000004 894.9359406843716 0
53.400000000000006 894.943025846464 0
53.5 894.9501312298364 0
53.6 894.9572567798963 0
53.7 894.9644024423493 0
53.800000000000004 894.9715681631984 0
53.900000000000006 894.9787538887431 0
54.0 894.9859595655781 0
54.1 894.9931851405928 0
54.2 895.0004305609697 0
54.300000000000004 895.0076957741843 0
54.400000000000006 895.0149807280035 0
54.50000000000001 895.0222853704851 0
54.6 895.0296096499767 0
54.7 895.0369535151146 0
54.800000000000004 895.0443169148238 0
54.900000000000006 895.0516997983154 0
55.00000000000001 895.0591021150877 0
55.1 895.0665238149242 0
55.2 895.0739648478925 0
55.300000000000004 895.0814251643444 0
55.400000000000006 895.0889047149142 0
55.50000000000001 895.0964034505183 0
55.60000000000001 895.1039213223543 0
55.7 895.1114582819 0
55.800000000000004 895.1190142809129 0
55.900000000000006 895.1265892714288 0
56.00000000000001 895.1341832057618 0
56.10000000000001 895.1417960365028 0
56.2 895.149427716519 0
56.3 895.157078198953 0
56.39999999999999 895.1647474372223 0
56.49999999999999 895.1724353850183 0
56.599999999999994 895.1801419963052 0
56.699999999999996 895.1878672253199 0
56.8 895.1956110265709 0
56.89999999999999 895.2033733548374 0
56.99999999999999 895.2111541651686 0
57.099999999999994 895.2189534128837 0
57.199999999999996 895.2267710535697 0
57.3 895.234607043082 0
57.4 895.2424613375429 0
57.49999999999999 895.2503338933416 0
57.599999999999994 895.2582246671325 0
57.699999999999996 895.2661336158355 0
57.8 895.2740606966345 0
57.9 895.2820058669771 0
57.99999999999999 895.2899690845741 0
58.099999999999994 895.2979503073981 0
58.199999999999996 895.3059494936837 0
58.3 895.3139666019262 0
58.4 895.3220015908812 0
58.5 895.3300544195637 0
58.599999999999994 895.3381250472479 0
58.699999999999996 895.346213433466 0
58.8 895.354319538008 0
58.9 895.3624433209205 0
59.0 895.3705847425068 0
59.099999999999994 895.3787437633258 0
59.199999999999996 895.3869203441914 0
59.3 895.3951144461718 0
59.4 895.4033260305891 0
59.5 895.4115550590187 0
59.599999999999994 895.4198014932883 0
59.699999999999996 895.4280652954781 0
59.8 895.4363464279189 0
59.9 895.4446448531929 0
60.0 895.4529605341322 0
60.099999999999994 895.4612934338186 0
60.199999999999996 895.4696435155827 0
60.3 895.4780107430038 0
60.4 895.4863950799089 0
60.5 895.4947964903721 0
60.6 895.5032149387147 0
60.699999999999996 895.5116503895034 0
60.8 895.5201028075514 0
60.9 895.5285721579161 0
61.0 895.5370584058999 0
61.1 895.5455615170489 0
61.199999999999996 895.5540814571526 0
61.3 895.5626181922435 0
61.4 895.5711716885962 0
61.5 895.5797419127273 0
61.6 895.5883288313946 0
61.7 895.5969324115965 0
61.8 895.6055526205718 0
61.9 895.6141894257988 0
62.0 895.6228427949953 0
62.1 895.6315126961175 0
62.2 895.64019909736 0
62.3 895.6489019671546 0
62.4 895.657621274171 0
62.5 895.6663569873151 0
62.6 895.6751090757291 0
62.7 895.6838775087909 0
62.8 895.6926622561139 0
62.9 895.7014632875457 0
63.0 895.7102805731686 0
63.1 895.7191140832987 0
63.2 895.7279637884851 0
63.3 895.7368296595101 0
63.4 895.7457116673885 0
63.5 895.7546097833664 0
63.6 895.7635239789222 0
63.7 895.7724542257647 0
63.800000000000004 895.7814004958337 0
63.9 895.790362761299 0
64.0 895.79934099456 0
64.1 895.8083351682454 0
64.2 895.8173452552129 0
64.3 895.8263712285483 0
64.4 895.8354130615655 0
64.5 895.8444707278061 0
64.60000000000001 895.8535442010383 0
64.7 895.8626334552577 0
64.8 895.8717384646854 0
64.9 895.880859203769 0
65.0 895.889995647181 0
65.10000000000001 895.8991477698193 0
65.2 895.9083155468062 0
65.3 895.9174989534883 0
65.4 895.9266979654361 0
65.5 895.9359125584432 0
65.60000000000001 895.9451427085266 0
65.7 895.9543883919256 0
65.8 895.9636495851018 0
65.9 895.9729262647388 0
66.0 895.9822184077415 0
66.10000000000001 895.9915259912359 0
66.2 896.0008489925686 0
66.3 896.0101873893069 0
66.4 896.0195411592374 0
66.5 896.0289102803667 0
66.60000000000001 896.0382947309206 0
66.7 896.0476944893435 0
66.8 896.0571095342984 0
66.9 896.0665398446665 0
67.0 896.0759853995464 0
67.10000000000001 896.0854461782544 0
67.2 896.0949221603238 0
67.30000000000001 896.1044133255042 0
67.4 896.1139196537621 0
67.5 896.1234411252794 0
67.60000000000001 896.1329777204542 0
67.7 896.1425294198992 0
67.80000000000001 896.1520962044426 0
67.9 896.1616780551271 0
68.0 896.1712749532094 0
68.10000000000001 896.1808868801603 0
68.2 896.1905138176643 0
68.30000000000001 896.200155747619 0
68.4 896.2098126521348 0
68.5 896.2194845135352 0
68.60000000000001 896.2291713143555 0
68.7 896.2388730373432 0
68.8 896.2485896654574 0
68.89999999999999 896.2583211818684 0
69.0 896.2680675699578 0
69.1 896.2778288133175 0
69.19999999999999 896.2876048957502 0
69.3 896.2973958012684 0
69.39999999999999 896.3072015140945 0
69.5 896.3170220186602 0
69.6 896.3268572996066 0
69.69999999999999 896.3367073417835 0
69.8 896.3465721302492 0
69.89999999999999 896.3564516502705 0
70.0 896.3663458873219 0
70.1 896.3762548270859 0
70.19999999999999 896.3861784554518 0
70.3 896.3961167585168 0
70.39999999999999 896.406069722584 0
70.5 896.4160373341639 0
70.6 896.4260195799725 0
70.7 896.4360164469322 0
70.8 896.4460279221709 0
70.89999999999999 896.4560539930219 0
71.0 896.4660946470236 0
71.1 896.4761498719193 0
71.2 896.4862196556569 0
71.3 896.4963039863883 0
71.39999999999999 896.5064028524698 0
71.5 896.5165162424612 0
71.6 896.5266441451258 0
71.7 896.5367865494303 0
71.8 896.5469434445442 0
71.89999999999999 896.5571148198397 0
72.0 896.5673006648914 0
72.1 896.5775009694762 0
72.2 896.5877157235728 0
72.3 896.5979449173617 0
72.39999999999999 896.6081885412245 0
72.5 896.6184465857443 0
72.6 896.628719041705 0
72.7 896.6390059000911 0
72.8 896.6493071520874 0
72.89999999999999 896.6596227890792 0
73.0 896.6699528026513 0
73.1 896.6802971845885 0
73.2 896.6906559268748 0
73.3 896.7010290216936 0
73.4 896.7114164614271 0
73.5 896.7218182386562 0
73.6 896.7322343461603 0
73.7 896.7426647769173 0
73.8 896.7531095241027 0
73.9 896.76356858109 0
74.0 896.7740419414503 0
74.1 896.7845295989518 0
74.2 896.7950315475601 0
74.3 896.8055477814374 0
74.4 896.8160782949427 0
74.5 896.8266230826313 0
74.6 896.8371821392549 0
74.7 896.8477554597608 0
74.8 896.8583430392925 0
74.9 896.8689448731889 0
75.0 896.879560956984 0
75.1 896.8901912864071 0
75.2 896.9008358573825 0
75.3 896.911494666029 0
75.4 896.9221677086597 0
75.5 896.9328549817825 0
75.6 896.9435564820989 0
75.7 896.9542722065042 0
75.8 896.9650021520879 0
75.9 896.9757463161324 0
76.0 896.9865046961133 0
76.1 896.9972772896996 0
76.2 897.0080640947529 0
76.3 897.0188651093273 0
76.4 897.0296803316697 0
76.5 897.0405097602189 0
76.6 897.0513533936058 0
76.7 897.0622112306532 0
76.8 897.0730832703756 0
76.9 897.0839695119787 0
77.0 897.0948699548596 0
77.10000000000001 897.1057845986068 0
77.2 897.1167134429988 0
77.3 897.1276564880058 0
77.4 897.1386137337878 0
77.5 897.1495851806953 0
77.60000000000001 897.1605708292691 0
77.7 897.1715706802397 0
77.8 897.1825847345275 0
77.9 897.1936129932424 0
78.0 897.2046554576835 0
78.10000000000001 897.2157121293397 0
78.2 897.2267830098884 0
78.3 897.237868101196 0
78.4 897.2489674053176 0
78.5 897.2600809244966 0
78.60000000000001 897.2712086611651 0
78.7 897.2823506179433 0
78.8 897.293506797639 0
78.9 897.304677203248 0
79.0 897.315861837954 0
79.10000000000001 897.3270607051278 0
79.2 897.3382738083277 0
79.3 897.349501151299 0
79.4 897.360742737974 0
79.5 897.3719985724719 0
79.60000000000001 897.3832686590983 0
79.7 897.3945530023456 0
79.80000000000001 897.4058516068922 0
79.9 897.4171644776026 0
80.0 897.4284916195274 0
80.10000000000001 897.4398330379034 0
80.2 897.4511887381523 0
80.30000000000001 897.4625587258818 0
80.4 897.4739430068846 0
80.5 897.4853415871391 0
80.60000000000001 897.4967544728082 0
80.7 897.5081816702399 0
80.80000000000001 897.5196231859669 0
80.9 897.5310790267064 0
81.0 897.54254919936 0
81.10000000000001 897.5540337110136 0
81.2 897.5655325689374 0
81.3 897.5770457805851 0
81.39999999999999 897.5885733535945 0
81.5 897.600115295787 0
81.6 897.6116716151676 0
81.69999999999999 897.6232423199243 0
81.8 897.6348274184288 0
81.89999999999999 897.6464269192355 0
82.0 897.658040831082 0
82.1 897.6696691628885 0
82.19999999999999 897.6813119237577 0
82.3 897.692969122975 0
82.39999999999999 897.7046407700082 0
82.5 897.7163268745072 0
82.6 897.7280274463039 0
82.69999999999999 897.7397424954123 0
82.8 897.751472032028 0
82.89999999999999 897.7632160665283 0
83.0 897.7749746094723 0
83.1 897.7867476716001 0
83.2 897.7985352638332 0
83.3 897.8103373972741 0
83.39999999999999 897.8221540832066 0
83.5 897.8339853330949 0
83.6 897.8458311585841 0
83.7 897.8576915715001 0
83.8 897.8695665838491 0
83.89999999999999 897.8814562078172 0
84.0 897.8933604557714 0
84.1 897.9052793402582 0
84.2 897.9172128740042 0
84.3 897.929161069916 0
84.39999999999999 897.9411239410796 0
84.5 897.9531015007607 0
84.6 897.9650937624043 0
84.7 897.9771007396349 0
84.8 897.9891224462559 0
84.89999999999999 898.0011588962499 0
85.0 898.0132101037784 0
85.1 898.0252760831819 0
85.2 898.0373568489791 0
85.3 898.0494524158678 0
85.39999999999999 898.0615627987238 0
85.5 898.0736880126016 0
85.6 898.0858280727335 0
85.7 898.0979829945303 0
85.8 898.1101527935804 0
85.9 898.1223374856503 0
86.0 898.134537086684 0
86.1 898.1467516128033 0
86.2 898.1589810803075 0
86.3 898.1712255056731 0
86.4 898.1834849055541 0
86.5 898.1957592967815 0
86.6 898.2080486963634 0
86.7 898.2203531214848 0
86.8 898.2326725895075 0
86.9 898.2450071179701 0
87.0 898.2573567245876 0
87.1 898.2697214272517 0
87.2 898.2821012440304 0
87.3 898.294496193168 0
87.4 898.3069062930848 0
87.5 898.3193315623772 0
87.6 898.3317720198179 0
87.7 898.3442276843548 0
87.8 898.356698575112 0
87.9 898.369184711389 0
88.0 898.3816861126611 0
88.1 898.3942027985786 0
88.2 898.4067347889675 0
88.3 898.4192821038287 0
88.4 898.4318447633384 0
88.5 898.4444227878477 0
88.6 898.4570161978825 0
88.7 898.4696250141438 0
88.8 898.4822492575071 0
88.9 898.4948889490224 0
89.0 898.5075441099144 0
89.1 898.520214761582 0
89.2 898.5329009255986 0
89.3 898.5456026237116 0
89.4 898.5583198778427 0
89.5 898.5710527100873 0
89.60000000000001 898.5838011427151 0
89.7 898.5965651981692 0
89.8 898.6093448990667 0
89.9 898.6221402681983 0
90.0 898.6349513285281 0
90.10000000000001 898.6477781031937 0
90.2 898.6606206155059 0
90.3 898.6734788889489 0
90.4 898.6863529471801 0
90.5 898.6992428140297 0
90.60000000000001 898.712148513501 0
90.7 898.7250700697704 0
90.8 898.7380075071865 0
90.9 898.7509608502711 0
91.0 898.7639301237185 0
91.10000000000001 898.7769153523955 0
91.2 898.789916561341 0
91.3 898.8029337757665 0
91.4 898.815967021056 0
91.5 898.8290163227653 0
91.60000000000001 898.842081706622 0
91.7 898.8551631985264 0
91.8 898.86826082455 0
91.9 898.8813746109366 0
92.0 898.8945045841015 0
92.10000000000001 898.9076507706314 0
92.2 898.9208131972852 0
92.30000000000001 898.9339918909924 0
92.4 898.9471868788546 0
92.5 898.9603981881444 0
92.60000000000001 898.9736258463054 0
92.7 898.9868698809528 0
92.80000000000001 899.0001303198724 0
92.9 899.0134071910213 0
93.0 899.0267005225271 0
93.10000000000001 899.0400103426887 0
93.2 899.0533366799751 0
93.30000000000001 899.0666795630266 0
93.4 899.0800390206534 0
93.5 899.0934150818367 0
93.60000000000001 899.1068077757278 0
93.7 899.1202171316484 0
93.8 899.1336431790904 0
93.89999999999999 899.1470859477159 0
94.0 899.1605454673571 0
94.1 899.1740217680161 0
94.19999999999999 899.187514879865 0
94.3 899.2010248332458 0
94.39999999999999 899.2145516586701 0
94.5 899.2280953868194 0
94.6 899.2416560485445 0
94.69999999999999 899.2552336748662 0
94.8 899.2688282969744 0
94.89999999999999 899.2824399462286 0
95.0 899.2960686541574 0
95.1 899.3097144524587 0
95.19999999999999 899.3233773729999 0
95.3 899.337057447817 0
95.39999999999999 899.3507547091153 0
95.5 899.3644691892691 0
95.6 899.3782009208214 0
95.7 899.3919499364841 0
95.8 899.4057162691379 0
95.89999999999999 899.419499951832 0
96.0 899.4333010177842 0
96.1 899.4471195003811 0
96.2 899.4609554331772 0
96.3 899.4748088498961 0
96.39999999999999 899.4886797844292 0
96.5 899.5025682708362 0
96.6 899.5164743433451 0
96.7 899.5303980363518 0
96.8 899.5443393844207 0
96.89999999999999 899.5582984222835 0
97.0 899.5722751848405 0
97.1 899.5862697071591 0
97.2 899.6002820244751 0
97.3 899.6143121721916 0
97.39999999999999 899.6283601858795 0
97.5 899.6424261012772 0
97.6 899.6565099542909 0
97.7 899.6706117809935 0
97.8 899.684731617626 0
97.89999999999999 899.6988695005964 0
98.0 899.71302546648 0
98.1 899.7271995520191 0
98.2 899.7413917941234 0
98.3 899.7556022298693 0
98.4 899.7698308965006 0
98.5 899.7840778314276 0
98.6 899.7983430722278 0
98.7 899.8126266566451 0
98.8 899.8269286225906 0
98.9 899.8412490081417 0
99.0 899.8555878515426 0
99.1 899.869945191204 0
99.2 899.884321065703 0
99.3 899.8987155137833 0
99.4 899.9131285743546 0
99.5 899.9275602864933 0
99.6 899.942010689442 0
99.7 899.9564798226091 0
99.8 899.9709677255696 0
99.9 899.9854744380643 0
100.0 900.0 0
