100.0 360.0 0
99.91066368355713 360.0653839431078 0
99.82125728981622 360.13064702433496 0
99.73178088249782 360.1957892363737 0
99.64223452523314 360.26081057156085 0
99.5526182815657 360.32571102187796 0
99.46293221495299 360.39049057895073 0
99.37317638876813 360.4551492340488 0
99.28335086630148 360.51968697808564 0
99.19345571076244 360.58410380161814 0
99.103490985281 360.64839969484643 0
99.01345675290946 360.7125746476135 0
98.92335307662411 360.7766286494052 0
98.83318001932693 360.8405616893497 0
98.74293764384721 360.90437375621764 0
98.65262601294332 360.9680648384213 0
98.56224518930432 361.03163492401507 0
98.47179523555171 361.09508400069467 0
98.38127621424108 361.1584120557972 0
98.29068818786388 361.22161907630107 0
98.20003121884903 361.28470504882523 0
98.10930536956465 361.34766995962957 0
98.01851070231983 361.4105137946145 0
97.92764727936621 361.47323653932045 0
97.83671516289985 361.53583817892826 0
97.74571441506279 361.5983186982585 0
97.65464509794488 361.6606780817715 0
97.56350727358543 361.7229163135672 0
97.47230100397496 361.7850333773848 0
97.3810263510569 361.8470292566028 0
97.28968337672936 361.90890393423865 0
97.19827214284682 361.97065739294874 0
97.10679271122183 362.0322896150281 0
97.01524514362686 362.0938005824103 0
96.92362950179584 362.15519027666755 0
96.83194584742616 362.21645867901003 0
96.7401942421801 362.2776057702862 0
96.64837474768686 362.33863153098247 0
96.55648742554412 362.3995359412232 0
96.46453233731987 362.4603189807704 0
96.37250954455406 362.5209806290237 0
96.28041910876051 362.5815208650203 0
96.18826109142854 362.6419396674348 0
96.09603555402471 362.702237014579 0
96.00374255799467 362.7624128844019 0
95.91138216476487 362.8224672544897 0
95.8189544357443 362.88240010206556 0
95.7264594323263 362.9422114039894 0
95.63389721589022 363.00190113675814 0
95.54126784780334 363.0614692765054 0
95.44857138942255 363.12091579900147 0
95.35580790209609 363.1802406796533 0
95.26297744716537 363.2394438935043 0
95.17008008596676 363.29852541523445 0
95.07711587983329 363.3574852191601 0
94.98408489009648 363.416323279234 0
94.89098717808817 363.4750395690453 0
94.79782280514216 363.5336340618193 0
94.70459183259611 363.59210673041787 0
94.61129432179327 363.65045754733876 0
94.51793033408428 363.7086864847162 0
94.42449993082896 363.76679351432045 0
94.33100317339806 363.8247786075581 0
94.23744012317513 363.8826417354717 0
94.14381084155819 363.94038286874013 0
94.05011538996165 363.9980019776785 0
93.956353829818 364.0554990322379 0
93.86252622257965 364.1128740020056 0
93.76863262972073 364.1701268562053 0
93.67467311273889 364.2272575636966 0
93.58064773315705 364.2842660929756 0
93.48655655252524 364.3411524121745 0
93.39239963242244 364.39791648906186 0
93.29817703445825 364.4545582910426 0
93.20388882027484 364.51107778515797 0
93.10953505154865 364.56747493808564 0
93.01511578999225 364.6237497161398 0
92.92063109735614 364.67990208527124 0
92.82608103543049 364.7359320110673 0
92.73146566604707 364.7918394587519 0
92.63678505108095 364.8476243931858 0
92.54203925245233 364.9032867788667 0
92.44722833212839 364.958826579929 0
92.35235235212507 365.0142437601442 0
92.25741137450888 365.069538282921 0
92.16240546139872 365.124710111305 0
92.06733467496771 365.1797592079793 0
91.97219907744493 365.23468553526453 0
91.87699873111733 365.28948905511857 0
91.78173369833151 365.344169729137 0
91.68640404149548 365.3987275185532 0
91.59100982308055 365.4531623842385 0
91.49555110562311 365.5074742867021 0
91.40002795172644 365.5616631860915 0
91.30444042406255 365.6157290421924 0
91.208788585374 365.6696718144289 0
91.11307249847563 365.7234914618639 0
91.01729222625654 365.7771879431988 0
90.92144783168177 365.8307612167741 0
90.82553937779416 365.8842112405693 0
90.72956692771615 365.9375379722032 0
90.6335305446517 365.99074136893404 0
90.53743029188796 366.04382138765965 0
90.44126623279713 366.09677798491765 0
90.3450384308384 366.1496111168857 0
90.24874694955959 366.20232073938166 0
90.15239185259908 366.2549068078637 0
90.0559732036876 366.30736927743067 0
89.95949106665006 366.35970810282225 0
89.86294550540731 366.41192323841915 0
89.76633658397806 366.4640146382432 0
89.6696643664806 366.5159822559579 0
89.5729289171347 366.56782604486835 0
89.47613030026332 366.6195459579217 0
89.37926858029456 366.67114194770704 0
89.28234382176338 366.7226139664562 0
89.18535608931343 366.7739619660436 0
89.0883054476989 366.82518589798644 0
88.99119196178631 366.8762857134453 0
88.89401569655637 366.92726136322426 0
88.79677671710566 366.97811279777096 0
88.69947508864865 367.0288399671772 0
88.60211087651933 367.07944282117893 0
88.5046841461731 367.1299213091569 0
88.40719496318863 367.1802753801365 0
88.30964339326955 367.2305049827884 0
88.21202950224637 367.2806100654287 0
88.11435335607824 367.3305905760193 0
88.01661502085474 367.3804464621681 0
87.91881456279779 367.43017767112946 0
87.8209520482633 367.47978414980435 0
87.72302754374307 367.52926584474096 0
87.62504111586664 367.57862270213457 0
87.526992831403 367.62785466782833 0
87.42888275726243 367.67696168731334 0
87.33071096049831 367.7259437057291 0
87.2324775083089 367.7748006678638 0
87.1341824680392 367.8235325181547 0
87.03582590718267 367.8721392006884 0
86.93740789338307 367.92062065920146 0
86.83892849443625 367.96897683708033 0
86.74038777829193 368.0172076773622 0
86.64178581305555 368.06531312273495 0
86.54312266698997 368.1132931155379 0
86.44439840851736 368.16114759776184 0
86.34561310622092 368.20887651104977 0
86.24676682884669 368.25647979669696 0
86.14785964530533 368.3039573956516 0
86.04889162467396 368.35130924851495 0
85.94986283619784 368.3985352955421 0
85.85077334929227 368.44563547664205 0
85.75162323354427 368.49260973137825 0
85.65241255871439 368.53945799896906 0
85.55314139473856 368.58618021828806 0
85.45380981172977 368.6327763278646 0
85.35441787997986 368.67924626588416 0
85.25496566996136 368.7255899701889 0
85.15545325232917 368.77180737827774 0
85.05588069792242 368.81789842730734 0
84.95624807776612 368.8638630540921 0
84.85655546307306 368.90970119510496 0
84.75680292524551 368.95541278647755 0
84.65699053587691 369.0009977640008 0
84.55711836675378 369.04645606312533 0
84.45718648985734 369.09178761896214 0
84.35719497736535 369.13699236628287 0
84.25714390165385 369.18207023952027 0
84.15703333529882 369.22702117276873 0
84.0568633510781 369.2718450997849 0
83.956634021973 369.316541953988 0
83.85634542117006 369.36111166846024 0
83.75599762206286 369.4055541759477 0
83.65559069825372 369.4498694088604 0
83.55512472355538 369.49405729927304 0
83.45459977199286 369.5381177789255 0
83.35401591780507 369.5820507792232 0
83.25337323544663 369.62585623123783 0
83.15267179958957 369.6695340657078 0
83.051911685125 369.7130842130386 0
82.95109296716494 369.7565066033036 0
82.85021572104392 369.79980116624427 0
82.74928002232082 369.8429678312712 0
82.64828594678049 369.886006527464 0
82.5472335704355 369.9289171835724 0
82.44612296952786 369.97169972801646 0
82.34495422053074 370.0143540888873 0
82.2437274001501 370.05688019394745 0
82.14244258532648 370.0992779706318 0
82.04109985323664 370.14154734604773 0
81.9396992812953 370.18368824697586 0
81.83824094715678 370.2257005998706 0
81.73672492871677 370.2675843308609 0
81.63515130411395 370.3093393657505 0
81.5335201517317 370.3509656300186 0
81.43183155019973 370.3924630488207 0
81.33008557839591 370.4338315469889 0
81.22828231544776 370.47507104903264 0
81.12642184073422 370.5161814791391 0
81.02450423388736 370.55716276117414 0
80.92252957479393 370.5980148186825 0
80.82049794359712 370.63873757488864 0
80.7184094206982 370.67933095269734 0
80.61626408675812 370.7197948746943 0
80.51406202269928 370.7601292631466 0
80.41180330970707 370.8003340400035 0
80.30948802923157 370.840409126897 0
80.20711626298916 370.88035444514236 0
80.10468809296425 370.9201699157388 0
80.0022036014108 370.9598554593703 0
79.89966287085403 370.9994109964059 0
79.79706598409203 371.0388364469005 0
79.6944130241974 371.0781317305956 0
79.59170407451887 371.1172967669196 0
79.48893921868289 371.15633147498886 0
79.38611854059529 371.1952357736081 0
79.28324212444289 371.23400958127104 0
79.1803100546951 371.27265281616104 0
79.07732241610552 371.3111653961519 0
78.97427929371351 371.34954723880844 0
78.87118077284592 371.38779826138693 0
78.76802693911851 371.42591838083615 0
78.66481787843773 371.4639075137978 0
78.56155367700212 371.501765576607 0
78.45823442130404 371.53949248529347 0
78.35486019813118 371.57708815558163 0
78.25143109456816 371.6145525028917 0
78.1479471979981 371.65188544233996 0
78.04440859610425 371.6890868887399 0
77.94081537687141 371.7261567566025 0
77.83716762858764 371.76309496013704 0
77.73346543984577 371.7999014132519 0
77.62970889954494 371.83657602955503 0
77.52589809689215 371.8731187223548 0
77.42203312140386 371.9095294046604 0
77.31811406290745 371.9458079891831 0
77.21414101154288 371.9819543883363 0
77.11011405776408 372.0179685142366 0
77.00603329234058 372.0538502787044 0
76.90189880635904 372.08959959326444 0
76.79771069122476 372.1252163691468 0
76.69346903866314 372.16070051728735 0
76.5891739407213 372.19605194832855 0
76.48482548976952 372.23127057262013 0
76.3804237785028 372.2663563002197 0
76.2759688999423 372.3013090408936 0
76.17146094743691 372.3361287041176 0
76.06690001466472 372.37081519907736 0
75.9622861956345 372.4053684346694 0
75.85761958468719 372.43978831950193 0
75.7529002764974 372.47407476189494 0
75.64812836607487 372.5082276698816 0
75.54330394876602 372.5422469512086 0
75.43842712025533 372.576132513337 0
75.3334979765668 372.60988426344267 0
75.22851661406554 372.64350210841747 0
75.12348312945907 372.6769859548696 0
75.01839761979895 372.7103357091245 0
74.91326018248202 372.74355127722527 0
74.80807091525206 372.77663256493383 0
74.7028299162011 372.8095794777312 0
74.59753728377089 372.8423919208186 0
74.49219311675435 372.87506979911785 0
74.38679751429704 372.9076130172723 0
74.28135057589847 372.94002147964744 0
74.17585240141365 372.9722950903316 0
74.07030309105438 373.0044337531368 0
73.96470274539087 373.0364373715993 0
73.85905146535286 373.0683058489803 0
73.7533493522313 373.100039088267 0
73.6475965076796 373.13163699217296 0
73.54179303371502 373.16309946313874 0
73.43593903272017 373.19442640333307 0
73.33003460744429 373.2256177146532 0
73.22407986100471 373.2566732987257 0
73.11807489688817 373.28759305690716 0
73.01201981895227 373.31837689028504 0
72.90591473142673 373.3490246996782 0
72.79975973891489 373.3795363856377 0
72.69355494639498 373.4099118484477 0
72.58730045922148 373.44015098812565 0
72.48099638312657 373.4702537044237 0
72.37464282422135 373.50021989682887 0
72.26823988899727 373.53004946456394 0
72.16178768432748 373.55974230658825 0
72.05528631746809 373.58929832159833 0
71.94873589605957 373.6187174080286 0
71.84213652812811 373.647999464052 0
71.73548832208681 373.677144387581 0
71.62879138673716 373.7061520762679 0
71.52204583127025 373.7350224275059 0
71.41525176526811 373.7637553384295 0
71.30840929870504 373.79235070591545 0
71.20151854194894 373.8208084265833 0
71.09457960576248 373.8491283967961 0
70.98759260130456 373.8773105126612 0
70.88055764013147 373.905354670031 0
70.77347483419827 373.9332607645033 0
70.66634429586003 373.9610286914224 0
70.55916613787309 373.9886583458797 0
70.45194047339642 374.01614962271407 0
70.34466741599272 374.04350241651304 0
70.23734707962991 374.07071662161303 0
70.1299795786822 374.09779213210044 0
70.02256502793148 374.12472884181193 0
69.91510354256845 374.15152664433543 0
69.80759523819403 374.17818543301075 0
69.70004023082042 374.20470510092997 0
69.59243863687252 374.23108554093864 0
69.484790573189 374.25732664563594 0
69.37709615702371 374.28342830737563 0
69.26935550604675 374.3093904182666 0
69.16156873834576 374.33521287017373 0
69.0537359724272 374.36089555471835 0
68.94585732721748 374.3864383632788 0
68.83793292206417 374.41184118699147 0
68.72996287673729 374.43710391675114 0
68.62194731143043 374.46222644321165 0
68.51388634676205 374.48720865678666 0
68.40578010377655 374.5120504476504 0
68.2976287039456 374.5367517057378 0
68.18943226916922 374.5613123207459 0
68.08119092177701 374.5857321821339 0
67.97290478452935 374.61001117912383 0
67.86457398061853 374.6341492007015 0
67.75619863367001 374.65814613561685 0
67.6477788677435 374.6820018723847 0
67.53931480733412 374.7057162992853 0
67.43080657737372 374.72928930436507 0
67.32225430323182 374.75272077543684 0
67.2136581107169 374.77601060008107 0
67.10501812607757 374.79915866564585 0
66.99633447600363 374.8221648592479 0
66.88760728762728 374.8450290677729 0
66.77883668852424 374.86775117787636 0
66.67002280671487 374.89033107598385 0
66.56116577066538 374.91276864829194 0
66.45226570928885 374.9350637807685 0
66.34332275194645 374.95721635915345 0
66.2343370284485 374.9792262689593 0
66.12530866905566 375.00109339547157 0
66.01623780447999 375.02281762374946 0
65.90712456588608 375.04439883862653 0
65.79945243282124 375.06583889309036 0
65.69697261320718 375.08719167414614 0
65.59448146751464 375.10848145317146 0
65.49197902482734 375.1297081713484 0
65.389465314292 375.15087176936174 0
65.28694036511901 375.1719721873983 0
65.1844042065831 375.19300936514594 0
65.08185686802405 375.21398324179273 0
64.97929837884725 375.23489375602594 0
64.87672876852444 375.25574084603136 0
64.77414806659442 375.2765244494923 0
64.67155630266359 375.29724450358873 0
64.56895350640673 375.3179009449964 0
64.46633970756763 375.33849370988577 0
64.36371493595978 375.3590227339214 0
64.26107922146703 375.3794879522608 0
64.1584325940443 375.3998892995535 0
64.05577508371819 375.42022670994027 0
63.95310672058774 375.4405001170521 0
63.85042753482504 375.46070945400925 0
63.74773755667598 375.4808546534203 0
63.64503681646087 375.5009356473812 0
63.542325344575204 375.52095236747437 0
63.439603171490255 375.5409047447675 0
63.336870327753836 375.56079270981286 0
63.23412684399096 375.58061619264635 0
63.131372750904525 375.6003751227861 0
63.02860807927606 375.6200694292319 0
62.925832859966334 375.6396990404639 0
62.82304712391614 375.6592638844419 0
62.72025090214694 375.678763888604 0
62.61744422576157 375.6981989798659 0
62.514627125944976 375.7175690846195 0
62.41179963396489 375.7368741287324 0
62.30896178117254 375.75611403754607 0
62.206113599003366 375.77528873587556 0
62.10325511897771 375.7943981480081 0
62.000386372701534 375.813442197702 0
61.897507391867165 375.83242080818553 0
61.79461820825398 375.8513339021561 0
61.69171885372911 375.870181401779 0
61.588809360248185 375.88896322868607 0
61.485889759856036 375.9076793039751 0
61.38296008468744 375.92632954820834 0
61.28002036696783 375.94491388141137 0
61.177070639014005 375.96343222307223 0
61.074110933234884 375.98188449213995 0
60.9711412821322 376.00027060702377 0
60.868161718301295 376.01859048559163 0
60.76517227443179 376.03684404516923 0
60.66217298330836 376.05503120253877 0
60.55916387781144 376.0731518739377 0
60.45614499091799 376.09120597505773 0
60.35311635570223 376.1091934210435 0
60.25007800533637 376.1271141264913 0
60.14702997309138 376.144968005448 0
60.04397229233772 376.16275497140964 0
59.94090499654609 376.18047493732047 0
59.8378281192882 376.1981278155715 0
59.73474169423749 376.21571351799923 0
59.63164575516991 376.2332319558845 0
59.528540335964706 376.250683039951 0
59.42542547060512 376.2680666803645 0
59.32230119317917 376.2853827867308 0
59.219167537880445 376.3026312680951 0
59.11602453900888 376.3198120329404 0
59.012872230971446 376.336924989186 0
58.90971064828302 376.3539700441866 0
58.806539825567086 376.37094710473065 0
58.70335979755655 376.38785607703903 0
58.60017059909454 376.4046968667637 0
58.496972265135085 376.4214693789864 0
58.39376483074405 376.43817351821724 0
58.29054833109976 376.4548091883933 0
58.18732280149395 376.47137629287715 0
58.08408827733241 376.48787473445554 0
57.9808447941359 376.5043044153379 0
57.87759238754083 376.5206652371549 0
57.77433109330018 376.5369571009571 0
57.67106094728418 376.55317990721346 0
57.56778198548121 376.56933355580964 0
57.46449424399855 376.5854179460469 0
57.36119775906323 376.60143297664024 0
57.25789256702279 376.6173785457172 0
57.154578704346136 376.6332545508162 0
57.05125620762435 376.6490608888849 0
56.947925113571465 376.66479745627885 0
56.844585459025375 376.6804641487599 0
56.741237280948575 376.69606086149446 0
56.63788061642905 376.7115874890522 0
56.534515502681025 376.72704392540413 0
56.43114197704592 376.74243006392135 0
56.32776007699306 376.7577457973731 0
56.2243698401206 376.7729910179255 0
56.12097130415634 376.78816561713944 0
56.017564506958564 376.8032694859693 0
55.914149486516884 376.8183025147611 0
55.81072628095309 376.83326459325104 0
55.707294928522046 376.8481556105635 0
55.603855467612476 376.86297545520927 0
55.5004079367479 376.8777240150844 0
55.39695237458743 376.8924011774679 0
55.29348881992667 376.9070068290201 0
55.190017311698604 376.92154085578096 0
55.086537888974405 376.9360031431685 0
54.983050590964396 376.9503935759764 0
54.87955545701887 376.9647120383729 0
54.77605252662897 376.97895841389857 0
54.6725418394276 376.99313258546437 0
54.56902343519033 377.00723443535014 0
54.46549735383625 377.02126384520255 0
54.361963635428864 377.0352206960332 0
54.25842232017705 377.04910486821666 0
54.15487344843587 377.0629162414887 0
54.05131706070757 377.0766546949443 0
53.947753197642434 377.09032010703555 0
53.8441819000397 377.10391235557 0
53.74060320884851 377.11743131770834 0
53.6370171651688 377.1308768699627 0
53.53342381025223 377.14424888819434 0
53.429823185503125 377.1575472476119 0
53.3262153324794 377.170771822769 0
53.222600292893496 377.18392248756254 0
53.11897810861333 377.19699911523054 0
53.01534882166321 377.21000157834965 0
52.911712474224814 377.2229297488337 0
52.80806910863814 377.23578349793087 0
52.70441876740246 377.248562696222 0
52.60076149317723 377.2612672136183 0
52.49709732878315 377.27389691935895 0
52.39342631720305 377.2864516820092 0
52.2897485015829 377.29893136945805 0
52.18606392523279 377.31133584891563 0
52.08237263162786 377.32366498691164 0
51.9786746644094 377.33591864929235 0
51.87497006738568 377.34809670121865 0
51.77125888453311 377.3601990071637 0
51.6675411599971 377.37222543091065 0
51.563816938093154 377.38417583554985 0
51.46008626330782 377.396050083477 0
51.35634918029975 377.4078480363905 0
51.2526057339007 377.4195695552888 0
51.14885596911651 377.4312145004683 0
51.04509993112821 377.44278273152077 0
50.941337665292984 377.4542741073306 0
50.83756921714523 377.4656884860727 0
50.73379463239761 377.4770257252095 0
50.630013956942086 377.4882856814888 0
50.526227236850964 377.4994682109408 0
50.42243451837795 377.5105731688759 0
50.31863584795925 377.5216004098816 0
50.21483127221457 377.53254978782024 0
50.11102083794825 377.543421155826 0
50.00720459215029 377.55421436630246 0
49.903382581997455 377.56492927091966 0
49.79955485485439 377.57556572061145 0
49.69572145827466 377.5861235655726 0
49.591882440001875 377.5966026552562 0
49.488037847970794 377.60700283837065 0
49.38418773030844 377.61732396287664 0
49.280332135335186 377.62756587598466 0
49.176471111565924 377.6377284241519 0
49.07260470771114 377.64781145307916 0
48.9687329726781 377.6578148077081 0
48.864855955571926 377.66773833221816 0
48.760973705696806 377.6775818700234 0
48.65708627255707 377.6873452637698 0
48.55319370585845 377.6970283553319 0
48.449296055509116 377.70663098580957 0
48.34539337162096 377.7161529955253 0
48.24148570451069 377.72559422402065 0
48.13757310470107 377.7349545100532 0
48.033655622922055 377.7442336915935 0
47.929733310112034 377.7534316058213 0
47.82580621741899 377.7625480891229 0
47.721874396201756 377.7715829770874 0
47.61793789803117 377.7805361045035 0
47.51399677469135 377.789407305356 0
47.410051078180885 377.79819641282273 0
47.30610086071409 377.80690325927054 0
47.20214617472226 377.81552767625243 0
47.098187072854884 377.82406949450353 0
46.99422360798093 377.8325285439379 0
46.8902558331901 377.8409046536447 0
46.786283801794106 377.8491976518849 0
46.68230756732793 377.85740736608716 0
46.57832718355116 377.8655336228447 0
46.474342704449214 377.87357624791105 0
46.37035418423469 377.88153506619665 0
46.26636167734868 377.88940990176496 0
46.16236523846206 377.89720057782864 0
46.058364922476805 377.9049069167455 0
45.95436078452739 377.912528740015 0
45.85035287998205 377.9200658682738 0
45.74634126444419 377.9275181212923 0
45.642325993753715 377.93488531797004 0
45.53830712398839 377.9421672763324 0
45.434284711465246 377.94936381352557 0
45.330258812741945 377.9564747458133 0
45.226229484618166 377.9634998885721 0
45.12219678413702 377.97043905628715 0
45.018160768586455 377.9772920625485 0
44.91412149550069 377.9840587200459 0
44.81007902266161 377.99073884056526 0
44.706033408100254 377.9973322349838 0
44.601984710098215 378.0038387132657 0
44.497932987189124 378.01025808445763 0
44.39387829816012 378.01659015668434 0
44.2898207020533 378.02283473714397 0
44.18576025816723 378.02899163210327 0
44.08169702605845 378.03506064689327 0
43.97763106554295 378.04104158590434 0
43.87356243669771 378.0469342525815 0
43.76949119986222 378.0527384494194 0
43.66541741564002 378.0584539779579 0
43.56134114490025 378.0640806387768 0
43.45726244877918 378.06961823149084 0
43.35318138868185 378.075066554745 0
43.24909802628357 378.08042540620914 0
43.14501242353157 378.085694582573 0
43.04092464264658 378.09087387954116 0
42.93683474612443 378.0959630918274 0
42.832742796737726 378.10096201314985 0
42.72864885753743 378.10587043622553 0
42.62455299185454 378.11068815276485 0
42.52045526330176 378.1154149534662 0
42.41635573577516 378.1200506280106 0
42.31225447345585 378.12459496505573 0
42.20815154081171 378.129047752231 0
42.10404700259907 378.13340877613103 0
41.99994092386446 378.1376778223106 0
41.89583336994632 378.14185467527847 0
41.79172440647679 378.14593911849164 0
41.68761409938343 378.14993093434936 0
41.58350251489102 378.1538299041872 0
41.479389719523354 378.157635808271 0
41.37527578010503 378.1613484257905 0
41.27116076376326 378.16496753485364 0
41.16704473792974 378.16849291247985 0
41.062927770342455 378.1719243345939 0
40.958809929047575 378.1752615760196 0
40.854691282401284 378.1785044104731 0
40.75057189907173 378.1816526105566 0
40.646451848040876 378.18470594775164 0
40.54233119860646 378.18766419241234 0
40.438210020383906 378.1905271137587 0
40.33408838330828 378.19329447987 0
40.22996635763627 378.1959660576775 0
40.12584401394817 378.19854161295774 0
40.021721423149835 378.2010209103253 0
39.91759865647479 378.203403713226 0
39.81347578548614 378.20568978392924 0
39.709352882078754 378.20787888352095 0
39.60523001848121 378.2099707718963 0
39.50110726725795 378.21196520775203 0
39.396984701311375 378.213861948579 0
39.29286239388395 378.2156607506545 0
39.18874041856033 378.21736136903473 0
39.08461884926957 378.21896355754683 0
38.98049776028721 378.22046706878086 0
38.876377226237565 378.2218716540822 0
38.77225732209587 378.223177063543 0
38.66813812319053 378.2243830459945 0
38.5640197052054 378.2254893489984 0
38.459902144182024 378.2264957188386 0
38.355785516521905 378.22740190051286 0
38.25166989898888 378.22820763772415 0
38.1475553687114 378.22891267287207 0
38.043442003184914 378.2295167470439 0
37.93932988027422 378.230019600006 0
37.83521907821588 378.2304209701948 0
37.73110967562061 378.2307205947076 0
37.627001751475774 378.2309182092935 0
37.522895385147784 378.2310135483442 0
37.41879065638463 378.2310063448844 0
37.314687645318344 378.2308963305625 0
37.2105864324676 378.2306832356409 0
37.1064870987402 378.2303667889864 0
37.0023897254357 378.22994671806003 0
36.89829439424797 378.22942274890755 0
36.79420118726787 378.22879460614905 0
36.69011018698588 378.22806201296873 0
36.586021476294796 378.22722469110494 0
36.481935138492375 378.2262823608392 0
36.37785125728416 378.2252347409861 0
36.27376991678618 378.2240815488823 0
36.16969120152772 378.2228225003758 0
36.06561519645418 378.2214573098151 0
35.96154198692989 378.21998569003784 0
35.85747165874098 378.21840735235975 0
35.75340429809828 378.2167220065632 0
35.64933999164023 378.21492936088566 0
35.545278826435876 378.21302912200827 0
35.4412208899878 378.2110209950436 0
35.337166270235166 378.20890468352417 0
35.23311505555679 378.20667988939005 0
35.12906733477414 378.2043463129766 0
35.02502319715455 378.2019036530024 0
34.92098273241428 378.19935160655615 0
34.816946030721695 378.1966898690845 0
34.712913182700525 378.1939181343788 0
34.60888427943304 378.19103609456215 0
34.5048594124634 378.18804344007634 0
34.40083867380086 378.1849398596682 0
34.29682215592323 378.18172504037625 0
34.19280995178017 378.178398667517 0
34.088802154796625 378.1749604246709 0
33.98479885887632 378.1714099936683 0
33.88080015840518 378.1677470545753 0
33.77680614825492 378.1639712856791 0
33.672816923786584 378.1600823634737 0
33.56883258085414 378.15607996264464 0
33.464853215808155 378.15196375605433 0
33.36087892549944 378.1477334147267 0
33.25690980728283 378.14338860783175 0
33.152945959020904 378.13892900267 0
33.04898747908781 378.1343542646565 0
32.94503446637313 378.1296640573052 0
32.84108702028576 378.12485804221217 0
32.73714524075789 378.1199358790395 0
32.63320922824891 378.11489722549834 0
32.52927908374953 378.1097417373324 0
32.425354908785806 378.1044690683004 0
32.321436805423275 378.09907887015873 0
32.21752487627114 378.09357079264424 0
32.113619224486484 378.08794448345594 0
32.009719953778536 378.082199588237 0
31.905827168413005 378.0763357505568 0
31.801940973216432 378.0703526118916 0
31.698061473580648 378.0642498116066 0
31.59418877546722 378.05802698693606 0
31.490322985411996 378.0516837729643 0
31.386464210529695 378.0452198026061 0
31.282612558518547 378.0386347065866 0
31.178768137664964 378.0319281134213 0
31.07493105684834 378.0250996493954 0
30.971101425545832 378.0181489385432 0
30.867279353837247 378.01107560262705 0
30.763464952409958 378.00387926111574 0
30.65965833256393 377.9965595311633 0
30.55585960621673 377.9891160275867 0
30.45206888590869 377.98154836284357 0
30.34828628480806 377.9738561470099 0
30.2445119167163 377.9660389877568 0
30.14074589607332 377.95809649032753 0
30.03698833796294 377.9500282575137 0
29.933239358118307 377.9418338896314 0
29.82949907292743 377.93351298449716 0
29.725767599438758 377.92506513740295 0
29.622045055366854 377.9164899410916 0
29.518331559098147 377.907786985731 0
29.414627229696745 377.8989558588888 0
29.310932186910293 377.8899961455062 0
29.20724655117601 377.8809074278712 0
29.10357044362667 377.8716892855921 0
28.99990398609677 377.86234129556993 0
28.896247301128735 377.85286303197097 0
28.792600511979217 377.8432540661985 0
28.68896374262546 377.8335139668643 0
28.58533711777178 377.82364229975985 0
28.48172076285612 377.8136386278267 0
28.378114804056693 377.8035025111268 0
28.274519368298694 377.793233506812 0
28.170934583261186 377.7828311690936 0
28.067360577383965 377.77229504921087 0
27.963797479874604 377.76162469539946 0
27.86024542071558 377.7508196528591 0
27.75670453067147 377.7398794637209 0
27.653174941296292 377.7288036670143 0
27.54965678494093 377.7175917986331 0
27.446150194760616 377.70624339130154 0
27.34265530472264 377.694757974539 0
27.23917224961405 377.68313507462517 0
27.135701165049507 377.67137421456385 0
27.032242187479287 377.6594749140465 0
26.928795454197342 377.64743668941526 0
26.825361103349515 377.63525905362525 0
26.721939273941885 377.62294151620637 0
26.618530105849175 377.6104835832244 0
26.515133739823366 377.5978847572414 0
26.41175031750238 377.5851445372758 0
26.308379981418927 377.57226241876145 0
26.205022875009444 377.5592378935061 0
26.101679142623226 377.5460704496495 0
25.998348929531627 377.5327595716202 0
25.895032381937494 377.5193047400924 0
25.791729646984624 377.5057054319416 0
25.688440872767476 377.4919611201993 0
25.585166208340972 377.4780712740076 0
25.481905803730477 377.4640353585727 0
25.378659809941905 377.4498528351172 0
25.275428378972016 377.4355231608325 0
25.172211663818857 377.4210457888296 0
25.06900981849236 377.4064201680895 0
24.965822998025143 377.39164574341237 0
24.86265135848343 377.37672195536646 0
24.75949505697819 377.36164824023547 0
24.65635425167644 377.34642402996553 0
24.553229101812722 377.33104875211075 0
24.45011976770077 377.3155218297784 0
24.347026410745386 377.2998426815727 0
24.24394919345448 377.28401072153775 0
24.140888279451325 377.26802535909957 0
24.037843833487013 377.2518859990069 0
23.93481602145312 377.23559204127116 0
23.831805010394564 377.2191428811053 0
23.72881096852272 377.20253790886136 0
23.62583406522868 377.1857765099671 0
23.522874471096845 377.1688580648617 0
23.41993235791864 377.1517819489295 0
23.31700789870652 377.1345475324337 0
23.214101267708227 377.11715418044787 0
23.111212640421243 377.09960125278656 0
23.008342193607543 377.08188810393483 0
22.905490105308562 377.0640140829763 0
22.802656554860466 377.04597853351964 0
22.699841722909646 377.027780793624 0
22.597045791428524 377.00942019572324 0
22.494268943731612 376.99089606654803 0
22.391511364491866 376.9722077270473 0
22.28877323975734 376.9533544923075 0
22.186054756968126 376.9343356714709 0
22.08335610497361 376.9151505676519 0
21.98067747405002 376.8957984778522 0
21.87801905591833 376.8762786928737 0
21.775381043762458 376.8565904972303 0
21.67276363224782 376.8367331690576 0
21.5701670175402 376.81670598002137 0
21.467591397325023 376.79650819522345 0
21.36503697082691 376.7761390731064 0
21.26250393882968 376.75559786535615 0
21.159992503696667 376.73488381680255 0
21.05750286939146 376.7139961653182 0
20.955035241499008 376.69293414171483 0
20.852589827247172 376.6716969696382 0
20.75016683552863 376.6502838654605 0
20.647766476923266 376.62869403817035 0
20.54538896372093 376.6069266892612 0
20.44303450994473 376.58498101261694 0
20.34070333137467 376.5628561943953 0
20.23839564557186 376.5405514129089 0
20.13611167190312 376.51806583850373 0
20.03385163156613 376.4953986334353 0
19.93161574761505 376.472548951742 0
19.82940424498669 376.4495159391158 0
19.72721735052716 376.4262987327705 0
19.62505529301909 376.40289646130645 0
19.52291830320943 376.37930824457385 0
19.420806613837755 376.3555331935312 0
19.318720459665222 376.33157041010236 0
19.216660077504077 376.30741898702956 0
19.11462570624781 376.28307800772365 0
19.012617586901914 376.25854654611084 0
18.910635962615316 376.2338236664763 0
18.808681078712464 376.20890842330425 0
18.706753182726086 376.1837998611142 0
18.604852524430655 376.1584970142941 0
18.502979355876594 376.13299890692946 0
18.4011339314252 376.1073045526285 0
18.29931650778431 376.08141295434353 0
18.197527344044794 376.0553231041885 0
18.095766701717803 376.02903398325174 0
17.994034844772866 376.00254456140516 0
17.892332039676827 375.9758537971085 0
17.790658555433655 375.94896063720944 0
17.68901466362513 375.9218640167386 0
17.587400638452465 375.8945628587003 0
17.48581675677888 375.86705607385795 0
17.38426329817312 375.8393425605147 0
17.282740544954002 375.8114212042885 0
17.181248782235954 375.7832908778822 0
17.079788297975668 375.7549504408479 0
16.978359383019775 375.72639873934554 0
16.87696233115369 375.6976346058958 0
16.775597439151575 375.668656859127 0
16.674265006827536 375.63946430351564 0
16.572965337087968 375.6100557291206 0
16.471698735985246 375.5804299113106 0
16.370465512772636 375.5505856104855 0
16.269265979960583 375.52052157178946 0
16.16810045337437 375.4902365248182 0
16.06696925221319 375.4597291833176 0
15.965872699110673 375.4289982448757 0
15.864811120196917 375.39804239060584 0
15.763784845162105 375.36686028482245 0
15.662794207321673 375.3354505747078 0
15.561839543683165 375.30381188997046 0
15.460921195014787 375.27194284249475 0
15.360039505915699 375.2398420259806 0
15.259194824888155 375.2075080155742 0
15.15838750441148 375.17493936748883 0
15.05761790101801 375.1421346186152 0
14.95688637537099 375.1090922861215 0
14.856193292344585 375.0758108670423 0
14.755539021105982 375.04228883785686 0
14.654923935199687 375.0085246540549 0
14.554348412634136 374.974516749691 0
14.453812835970595 374.94026353692664 0
14.353317592414555 374.9057634055588 0
14.25286307390959 374.87101472253585 0
14.152449677233811 374.83601583145963 0
14.05207780409905 374.80076505207296 0
13.951747861252779 374.7652606797327 0
13.851460260582915 374.7295009848675 0
13.751215419225623 374.6934842124199 0
13.651013759676168 374.6572085812717 0
13.55085570990299 374.62067228365294 0
13.450741703465058 374.5838734845327 0
13.350672179632673 374.5468103209924 0
13.2506475835118 374.5094809015795 0
13.150668366172088 374.4718833056423 0
13.050734984778703 374.43401558264395 0
12.95084790272812 374.39587575145566 0
12.851007589787999 374.35746179962825 0
12.751214522241353 374.3187716826404 0
12.651469183035088 374.279803323124 0
12.55177206193317 374.24055461006475 0
12.45212365567452 374.2010233979774 0
12.352524468135881 374.1612075060546 0
12.252975010499803 374.12110471728835 0
12.153475801427978 374.0807127775628 0
12.054027367240113 374.04002939471746 0
11.95463024209859 373.9990522375799 0
11.855284968199104 373.95777893496563 0
11.755992095967564 373.9162070746451 0
11.656752184263482 373.87433420227586 0
11.557565800590128 373.8321578202982 0
11.458433521311715 373.78967538679365 0
11.359355931877941 373.74688431430303 0
11.260333627056156 373.7037819686049 0
11.161367211171497 373.6603656674502 0
11.062457298355334 373.6166326792527 0
10.96360451280237 373.57258022173284 0
10.864809489036775 373.5282054605131 0
10.766072872187774 373.48350550766264 0
10.667395318275025 373.4384774201887 0
10.568777494504344 373.39311819847296 0
10.470220079574123 373.3474247846502 0
10.371723763992987 373.3013940609259 0
10.273289250409192 373.2550228478311 0
10.174917253952284 373.2083079024112 0
10.076608502587609 373.1612459163445 0
9.97836373748425 373.1138335139897 0
9.88018371339705 373.0660672503558 0
9.782069199063354 373.0179436089938 0
9.684020977615216 372.96945899980403 0
9.586039847007772 372.92060975675594 0
9.488126620464623 372.8713921355166 0
9.390282126941 372.8218023109819 0
9.292507211605656 372.7718363747076 0
9.194802736342368 372.7214903322327 0
9.097169580272082 372.67076010029194 0
8.999608640296742 372.61964150391026 0
8.902120831665904 372.5681302733738 0
8.804707088567348 372.5162220410704 0
8.707368364742912 372.4639123381931 0
8.610105634130939 372.41119659129924 0
8.512919891536718 372.3580701187173 0
8.415812153332428 372.30452812679295 0
8.31878345818825 372.250565705966 0
8.221834867836323 372.19617782666796 0
8.124967467869373 372.14135933503104 0
8.028182368576006 372.0861049483975 0
7.931480705814723 372.03040925061737 0
7.834863641928884 371.97426668712313 0
7.738332366705035 371.91767155976777 0
7.641888098377114 371.8606180214119 0
7.545532084679272 371.8031000702459 0
7.449265603950253 371.7451115438295 0
7.35308996629244 371.68664611283356 0
7.257006514788935 371.62769727446255 0
7.161016626782302 371.5682583455416 0
7.065121715218827 371.50832245524305 0
6.969323230062467 371.4478825374322 0
6.8736226597830035 371.38693132260573 0
6.778021532923202 371.3254613293972 0
6.682521419750212 371.2634648556201 0
6.587123933996832 371.2009339688176 0
6.491830734698698 371.1378604962855 0
6.396643528133995 371.0742360145319 0
6.301564069872777 371.01005183813413 0
6.206594166943586 370.9452990079506 0
6.111735680125768 370.8799682786409 0
6.016990526376485 370.81405010544444 0
5.922360681402314 370.7475346301623 0
5.827848182386127 370.680411666284 0
5.733455130880911 370.61267068319285 0
5.639183695883259 370.5443007893813 0
5.545036117100389 370.4752907145973 0
5.451014708425864 370.40562879083853 0
5.357121861640625 370.33530293210237 0
5.263360050357474 370.2643006127894 0
5.169731834228986 370.19260884465103 0
5.076239863440739 370.12021415215827 0
4.982886883513944 370.04710254615765 0
4.889675740444044 369.973259495667 0
4.796609386204531 369.89866989764755 0
4.703690884648345 369.82331804457186 0
4.610923417842661 369.74718758958863 0
4.518310292876712 369.6702615090622 0
4.425854949186741 369.59252206224147 0
4.333560966447021 369.51395074778503 0
4.241432073081575 369.4345282568365 0
4.149472155457488 369.3542344223108 0
4.0576852678279565 369.2730481640103 0
3.966075643101414 369.19094742914285 0
3.8746477045224554 369.1079091277644 0
3.7834060783610255 369.02390906260337 0
3.692355607718617 368.9389218526609 0
3.6015013675744347 368.852920849896 0
3.510848681210801 368.76587804821656 0
3.42040313817598 368.6777639838887 0
3.3301706139645475 368.58854762635514 0
3.240157291620929 368.49819625830804 0
3.1503696855015444 368.40667534369595 0
3.0608146674658707 368.3139483821464 0
2.9714994958077128 368.2199767480555 0
2.882431847286373 368.1247195123245 0
2.7936198526745843 368.028133244398 0
2.705072136308134 367.93017179187865 0
2.61679786020325 367.83078603453174 0
2.5288067734050843 367.7299236089472 0
2.441109267347733 367.62752859946454 0
2.353716438147851 367.5235411901654 0
2.26664015692608 367.4178972717696 0
2.179893149460905 367.31052799607744 0
2.093489086738037 367.20135926914344 0
2.0074426882779948 367.0903111725595 0
1.9217698405219295 366.977297299976 0
1.8364877330533214 366.86222399317677 0
1.7516150160603852 366.74498945847336 0
1.6671719832408312 366.62548273967167 0
1.5831807853706483 366.5035825180893 0
1.4996656810757574 366.3791557026375 0
1.4166533330616902 366.2520557632571 0
1.3341731603149025 366.12212074818984 0
1.2522577597925955 365.98917090853894 0
1.1709434151574676 365.8530058306502 0
1.0902707156146394 365.71340094562925 0
1.0102853154999953 365.57010324220624 0
0.9310388759021156 365.4228259487724 0
0.8525902447332352 365.27124186443547 0
0.7750069535878281 365.11497489434413 0
0.6983671421158641 364.9535891603932 0
0.6227620695436388 364.78657478027617 0
0.5482994486513125 364.6133289773018 0
0.4751079578972229 364.4331304982596 0
0.40334348499223743 364.245104191522 0
0.333197991565951 364.0481706819778 0
0.2649124855920993 363.840972677836 0
0.19879670182265924 363.62176309742455 0
0.13526029453978133 363.3882276373805 0
0.07486503763505402 363.13718764918104 0
0.018418462006682904 362.8640667976604 0
-0.03284193990032644 362.5618411562291 0
-0.07683620647662938 362.21868643130773 0
-0.10951503383572497 361.811546161825 0
-0.12044123265287492 361.280892835775 0
0.0 360.0 0
0.32044123265287494 358.75402934188264 0
0.5095150338357249 358.25824509779335 0
0.6768362064766293 357.88592081457426 0
0.8328419399003264 357.57752898021954 0
0.981581537993317 357.31001313365783 0
1.125134962364946 357.0715489813099 0
1.2647397054602187 356.8551125965861 0
1.4012032981773408 356.6561276443207 0
1.5350875144079006 356.47141547599085 0
1.6668020084340491 356.2986617882337 0
1.7966565150077625 356.1361194993771 0
1.924892042102777 355.9824313176302 0
2.0517005513486875 355.8365178678816 0
2.177237930456361 355.69750399850386 0
2.301632857884136 355.5646684562864 0
2.424993046412172 355.4374084645381 0
2.5474097552667647 355.31521414095243 0
2.6689611240978843 355.1976496074241 0
2.7897146845000047 355.0843387691019 0
2.909729284385361 354.9749544250935 0
3.029056584842533 354.8692098037901 0
3.1477422402074047 354.766851893922 0
3.265826839685097 354.6676561265947 0
3.38334666693831 354.57142208815407 0
3.5003343189242435 354.4779700297032 0
3.616819214629351 354.3871379994841 0
3.7328280167591688 354.29877946743727 0
3.848384983939615 354.21276134247415 0
3.963512266946679 354.12896230591235 0
4.07823015947807 354.04727140155774 0
4.192557311722005 353.96758683572176 0
4.306510913261963 353.88981495018845 0
4.420106850539096 353.813869338608 0
4.533359843073921 353.7396700825724 0
4.64628356185215 353.6671430881362 0
4.758890732652267 353.59621950709965 0
4.871193226594915 353.5268352301825 0
4.98320213979675 353.4589304414665 0
5.094927863691866 353.39244922529116 0
5.206380147325416 353.3273392182464 0
5.317568152713627 353.26355130009745 0
5.428500504192288 353.201039318447 0
5.539185332534129 353.13975984273964 0
5.649630314498455 353.07967194387663 0
5.75984270837907 353.02073699625413 0
5.869829386035452 352.96291849949955 0
5.97959686182402 352.9061819175615 0
6.0891513187892 352.8504945331322 0
6.198498632425566 352.79582531565427 0
6.307644392281383 352.7421448013939 0
6.416593921638975 352.689424984259 0
6.5253522954775445 352.6376392162085 0
6.633924356898587 352.5867621162435 0
6.742314732172043 352.53676948709267 0
6.850527844542512 352.48763823881166 0
6.958567926918424 352.4393463186085 0
7.066439033552979 352.39187264628544 0
7.174145050813259 352.34519705475753 0
7.281689707123287 352.2993002351683 0
7.3890765821573385 352.25416368617635 0
7.496309115351655 352.2097696670306 0
7.603390613795469 352.16610115409543 0
7.710324259555956 352.1231418005195 0
7.817113116486056 352.08087589877533 0
7.923760136559261 352.03928834582416 0
8.030268165771016 351.9983646106839 0
8.136639949642527 351.958090704201 0
8.242878138359377 351.9184531508466 0
8.348985291574138 351.87943896237186 0
8.454963882899612 351.8410356131776 0
8.56081630411674 351.80323101726106 0
8.66654486911909 351.76601350661997 0
8.77215181761387 351.7293718110023 0
8.877639318597685 351.69329503890043 0
8.983009473623515 351.6577726596978 0
9.08826431987423 351.6227944868838 0
9.193405833056415 351.58835066225953 0
9.298435930127223 351.55443164106447 0
9.403356471866005 351.52102817795816 0
9.508169265301303 351.488131313799 0
9.61287606600317 351.4557323631644 0
9.71747858024979 351.4238229025623 0
9.821978467076798 351.3923947592886 0
9.926377340216998 351.36144000088655 0
10.030676769937534 351.33095092516953 0
10.134878284781172 351.3009200507711 0
10.238983373217698 351.271340108188 0
10.342993485211064 351.24220403128544 0
10.44691003370756 351.21350494923587 0
10.550734396049746 351.18523617886433 0
10.654467915320726 351.15739121737545 0
10.758111901622886 351.1299637354398 0
10.861667633294966 351.10294757061735 0
10.965136358071117 351.07633672109836 0
11.068519294185277 351.05012533974354 0
11.171817631423995 351.0243077284058 0
11.275032532130627 350.9988783325177 0
11.378165132163678 350.9738317359292 0
11.48121654181175 350.94916265598255 0
11.584187846667573 350.92486593880994 0
11.687080108463283 350.90093655484304 0
11.78989436586906 350.8773695945215 0
11.892631635257086 350.854160264191 0
11.995292911432651 350.83130388218007 0
12.097879168334094 350.80879587504603 0
12.200391359703259 350.786631773982 0
12.302830419727918 350.7648072113757 0
12.405197263657634 350.7433179175133 0
12.507492788394345 350.72215971741974 0
12.609717873058997 350.7013285278298 0
12.711873379535376 350.68082035428256 0
12.813960152992228 350.6606312883335 0
12.915979022384786 350.6407575048788 0
13.017930800936645 350.6211952595854 0
13.119816286602951 350.60194088642277 0
13.221636262515752 350.58299079529127 0
13.323391497412393 350.56434146974175 0
13.425082746047714 350.5459894647834 0
13.526710749590809 350.5279314047748 0
13.62827623600701 350.51016398139444 0
13.729779920425875 350.49268395168747 0
13.831222505495655 350.475488136185 0
13.932604681724975 350.4585734170926 0
14.033927127812227 350.441936736545 0
14.135190510963225 350.42557509492383 0
14.236395487197631 350.4094855492365 0
14.337542701644669 350.39366521155193 0
14.438632788828503 350.37811124749277 0
14.539666372943843 350.36282087477935 0
14.64064406812206 350.34779136182556 0
14.741566478688286 350.33302002638226 0
14.842434199409874 350.31850423422793 0
14.943247815736518 350.30424139790364 0
15.044007904032439 350.2902289754907 0
15.144715031800898 350.27646446942947 0
15.245369757901411 350.2629454253775 0
15.345972632759889 350.2496694311052 0
15.446524198572027 350.2366341154282 0
15.5470249895002 350.2238371471739 0
15.647475531864123 350.211276234182 0
15.747876344325478 350.19894912233644 0
15.848227938066827 350.1868535946294 0
15.94853081696491 350.1749874702534 0
16.048785477758646 350.1633486037233 0
16.148992410212 350.15193488402474 0
16.249152097271878 350.1407442337896 0
16.349265015221295 350.1297746084966 0
16.44933163382791 350.1190239956965 0
16.5493524164882 350.10849041426053 0
16.649327820367326 350.0981719136519 0
16.74925829653494 350.0880665732189 0
16.84914429009701 350.0781725015089 0
16.948986240323833 350.0684878356034 0
17.048784580774377 350.0590107404714 0
17.148539739417085 350.04973940834304 0
17.248252138747223 350.04067205810014 0
17.34792219590095 350.0318069346851 0
17.44755032276619 350.02314230852664 0
17.547136926090413 350.0146764749817 0
17.646682407585445 350.00640775379304 0
17.746187164029408 349.99833448856236 0
17.845651587365865 349.9904550462382 0
17.945076064800315 349.9827678166176 0
18.04446097889402 349.9752712118618 0
18.143806707655415 349.9679636660256 0
18.24311362462901 349.9608436345987 0
18.342382098981993 349.9539095940602 0
18.441612495588522 349.94716004144476 0
18.540805175111846 349.9405934939206 0
18.639960494084303 349.93420848837843 0
18.739078804985215 349.9280035810314 0
18.83816045631683 349.9219773470259 0
18.937205792678323 349.9161283800618 0
19.036215154837894 349.91045529202336 0
19.13518887980308 349.90495671261914 0
19.234127300889327 349.8996312890315 0
19.333030747786808 349.8944776855747 0
19.431899546625626 349.88949458336236 0
19.530734020039418 349.88468067998224 0
19.629534487227364 349.88003468918043 0
19.728301264014753 349.8755553405525 0
19.82703466291203 349.87124137924275 0
19.925734993172465 349.8670915656508 0
20.024402560848422 349.8631046751456 0
20.12303766884631 349.859279497786 0
20.221640616980224 349.85561483804844 0
20.32021170202433 349.8521095145612 0
20.418751217764047 349.84876235984507 0
20.517259455046 349.8455722200599 0
20.615736701826883 349.8425379547579 0
20.71418324322112 349.8396584366418 0
20.812599361547534 349.83693255132965 0
20.91098533637487 349.83435919712446 0
21.009341444566346 349.8319372847898 0
21.107667960323173 349.8296657373298 0
21.205965155227137 349.8275434897753 0
21.3042332982822 349.8255694889738 0
21.402472655955208 349.8237426933852 0
21.500683492215693 349.8220620728813 0
21.5988660685748 349.8205266085505 0
21.69702064412341 349.81913529250664 0
21.795147475569348 349.81788712770214 0
21.89324681727392 349.8167811277452 0
21.991318921287533 349.8158163167212 0
22.08936403738468 349.81499172901823 0
22.187382413098085 349.81430640915585 0
22.285374293752188 349.81375941161815 0
22.38333992249592 349.81334980069033 0
22.481279540334775 349.8130766502987 0
22.579193386162245 349.81293904385393 0
22.67708169679057 349.8129360740984 0
22.774944706980907 349.81306684295583 0
22.87278264947284 349.81333046138496 0
22.970595755013306 349.81372604923564 0
23.068384252384945 349.81425273510854 0
23.16614836843387 349.81490965621737 0
23.26388832809688 349.815695958254 0
23.361604354428138 349.81661079525696 0
23.459296668625328 349.81765332948163 0
23.55696549005527 349.81882273127405 0
23.654611036279068 349.82011817894687 0
23.752233523076736 349.8215388586578 0
23.849833164471367 349.8230839642907 0
23.94741017275283 349.824752697339 0
24.044964758500992 349.8265442667915 0
24.142497130608543 349.82845788902017 0
24.240007496303335 349.83049278767083 0
24.33749606117032 349.8326481935553 0
24.43496302917309 349.8349233445461 0
24.53240860267498 349.83731748547314 0
24.629832982459803 349.8398298680222 0
24.727236367752184 349.84245975063607 0
24.824618956237543 349.84520639841645 0
24.921980944081675 349.84806908302903 0
25.019322525949978 349.85104708260957 0
25.116643895026385 349.8541396816719 0
25.213945243031873 349.857346171018 0
25.311226760242654 349.8606658476494 0
25.40848863550813 349.86409801468056 0
25.505731056268388 349.8676419812538 0
25.602954208571475 349.87129706245565 0
25.700158277090352 349.8750625792349 0
25.797343445139532 349.87893785832233 0
25.894509894691435 349.8829222321516 0
25.99165780639246 349.88701503878207 0
26.08878735957876 349.8912156218224 0
26.185898732291772 349.8955233303561 0
26.28299210129348 349.8999375188682 0
26.38006764208136 349.9044575471734 0
26.477125528903155 349.9090827803453 0
26.574165934771322 349.9138125886468 0
26.671189031477283 349.9186463474625 0
26.768194989605437 349.92358343723157 0
26.86518397854688 349.9286232433817 0
26.962156166512983 349.93376515626494 0
27.059111720548675 349.9390085710943 0
27.156050806545522 349.94435288788105 0
27.252973589254616 349.9497975113741 0
27.349880232299228 349.95534185099933 0
27.446770898187285 349.96098532080094 0
27.543645748323563 349.96672733938317 0
27.64050494302181 349.9725673298532 0
27.737348641516572 349.97850471976517 0
27.834177001974858 349.98453894106524 0
27.930990181507642 349.99066943003703 0
28.027788336181146 349.9968956272489 0
28.12457162102799 350.0032169775009 0
28.221340190058097 350.00963292977417 0
28.318094196269527 350.0161429371796 0
28.414833791659035 350.02274645690864 0
28.511559127232527 350.0294429501839 0
28.60827035301538 350.03623188221155 0
28.70496761806251 350.0431127221336 0
28.801651070468377 350.0500849429818 0
28.89832085737678 350.0571480216314 0
28.994977124990562 350.0643014387567 0
29.091620018581075 350.07154467878627 0
29.188249682497624 350.0788772298598 0
29.28486626017664 350.08629858378515 0
29.38146989415083 350.0938082359961 0
29.478060726058118 350.10140568551105 0
29.57463889665048 350.1090904348921 0
29.671204545802652 350.116861990205 0
29.767757812520706 350.1247198609796 0
29.864298834950485 350.1326635601711 0
29.960827750385942 350.1406926041217 0
30.057344695277354 350.14880651252275 0
30.15384980523938 350.15700480837813 0
30.25034321505907 350.16528701796744 0
30.346825058703704 350.17365267081016 0
30.443295469328525 350.18210129963046 0
30.539754579284416 350.19063244032213 0
30.636202520125394 350.19924563191466 0
30.73263942261603 350.2079404165391 0
30.82906541673881 350.21671633939525 0
30.9254806317013 350.2255729487187 0
31.021885195943305 350.2345097957488 0
31.118279237143874 350.2435264346967 0
31.214662882228218 350.25262242271447 0
31.311036257374536 350.2617973198639 0
31.407399488020783 350.27105068908656 0
31.503752698871264 350.2803820961739 0
31.60009601390323 350.28979110973785 0
31.696429556373328 350.2992773011815 0
31.79275344882399 350.3088402446712 0
31.889067813089707 350.3184795171081 0
31.985372770303254 350.3281946981003 0
32.08166844090185 350.33798536993595 0
32.17795494463315 350.3478511175562 0
32.274232400561246 350.35779152852865 0
32.37050092707257 350.3678061930213 0
32.46676064188169 350.37789470377686 0
32.56301166203706 350.38805665608743 0
32.659254103926685 350.3982916477694 0
32.7554880832837 350.4085992791389 0
32.85171371519194 350.4189791529877 0
32.94793111409131 350.4294308745588 0
33.04414039378327 350.4399540515235 0
33.140341667436076 350.45054829395764 0
33.236535047590046 350.46121321431906 0
33.332720646162755 350.47194842742454 0
33.428898574454166 350.4827535504282 0
33.525068943151666 350.4936282027988 0
33.62123186233504 350.5045720062987 0
33.717387441481456 350.51558458496214 0
33.81353578947031 350.5266655650745 0
33.909677014588006 350.53781457515106 0
34.005811224532785 350.5490312459171 0
34.10193852641935 350.56031521028734 0
34.198059026783575 350.57166610334605 0
34.294172831587 350.5830835623277 0
34.39028004622146 350.59456722659723 0
34.48638077551352 350.60611673763106 0
34.58247512372886 350.61773173899854 0
34.678563194576725 350.6294118763428 0
34.774645091214204 350.64115679736295 0
34.87072091625048 350.6529661517957 0
34.96679077175109 350.6648395913975 0
35.06285475924212 350.67677676992713 0
35.15891297971424 350.68877734312815 0
35.25496553362687 350.7008409687119 0
35.35101252091219 350.71296730634026 0
35.4470540409791 350.72515601760955 0
35.543090192717166 350.73740676603353 0
35.63912107450055 350.7497192170273 0
35.73514678419184 350.7620930378914 0
35.83116741914586 350.77452789779585 0
35.92718307621341 350.7870234677645 0
36.02319385174507 350.7995794206598 0
36.11919984159482 350.8121954311674 0
36.21520114112368 350.8248711757811 0
36.31119784520337 350.8376063327882 0
36.40719004821983 350.8504005822548 0
36.50317784407677 350.8632536060113 0
36.59916132619914 350.87616508763807 0
36.6951405875366 350.88913471245166 0
36.79111572056695 350.90216216749053 0
36.887086817299476 350.9152471415016 0
36.9830539692783 350.92838932492657 0
37.07901726758572 350.9415884098886 0
37.17497680284544 350.9548440901791 0
37.27093266522586 350.96815606124454 0
37.366884944443214 350.9815240201738 0
37.46283372976483 350.99494766568534 0
37.5587791100122 351.0084266981146 0
37.65472117356412 351.02196081940167 0
37.750660008359766 351.03554973307894 0
37.84659570190172 351.0491931442591 0
37.94252834125902 351.0628907596232 0
38.03845801307011 351.0766422874088 0
38.13438480354582 351.09044743739815 0
38.23030879847228 351.1043059209071 0
38.32623008321382 351.11821745077333 0
38.422148742715834 351.1321817413452 0
38.518064861507625 351.1461985084707 0
38.61397852370521 351.16026746948666 0
38.709889813014115 351.17438834320745 0
38.80579881273213 351.18856084991484 0
38.901705605752035 351.20278471134696 0
38.9976102745643 351.21705965068816 0
39.0935129012598 351.2313853925584 0
39.1894135675324 351.2457616630035 0
39.28531235468166 351.2601881894846 0
39.381209343615375 351.27466470086836 0
39.477104614852216 351.28919092741717 0
39.57299824852423 351.30376660077945 0
39.66889032437939 351.31839145398 0
39.76478092178412 351.33306522141044 0
39.86067011972578 351.34778763881985 0
39.95655799681509 351.3625584433056 0
40.0524446312886 351.377377373304 0
40.148330101011126 351.3922441685815 0
40.244214483478096 351.4071585702254 0
40.34009785581798 351.4221203206353 0
40.4359802947946 351.4371291635141 0
40.53186187680947 351.4521848438596 0
40.62774267790414 351.46728710795566 0
40.72362277376244 351.4824357033641 0
40.8195022397128 351.497630378916 0
40.91538115073044 351.51287088470366 0
41.011259581439674 351.52815697207234 0
41.107137606116055 351.54348839361217 0
41.20301529868863 351.55886490315027 0
41.298892732742054 351.5742862557428 0
41.3947699815188 351.58975220766706 0
41.490647117921256 351.605262516414 0
41.58652421451385 351.6208169406803 0
41.682401343525214 351.6364152403611 0
41.778278576850155 351.65205717654237 0
41.87415598605183 351.6677425114935 0
41.970033642363724 351.68347100866026 0
42.06591161669172 351.69924243265734 0
42.161789979616096 351.7150565492612 0
42.257668801393535 351.73091312540316 0
42.35354815195912 351.74681192916233 0
42.449428100928266 351.7627527297589 0
42.545308717598715 351.778735297547 0
42.641190070952426 351.79475940400806 0
42.73707222965754 351.8108248217443 0
42.83295526207026 351.8269313244719 0
42.92883923623674 351.8430786870146 0
43.02472421989497 351.85926668529726 0
43.12061028047664 351.87549509633936 0
43.216497485108974 351.8917636982486 0
43.31238590061657 351.908072270215 0
43.40827559352321 351.92442059250425 0
43.50416663005368 351.9408084464519 0
43.600059076135544 351.9572356144573 0
43.69595299740093 351.9737018799774 0
43.79184845918829 351.99020702752097 0
43.887745526544144 352.0067508426427 0
43.983644264224836 352.0233331119374 0
44.07954473669823 352.0399536230342 0
44.175447008145454 352.05661216459106 0
44.27135114246257 352.0733085262889 0
44.36725720326227 352.09004249882605 0
44.46316525387557 352.10681387391304 0
44.55907535735342 352.12362244426674 0
44.65498757646843 352.14046800360535 0
44.75090197371643 352.1573503466428 0
44.84681861131815 352.17426926908337 0
44.942737551220816 352.19122456761704 0
45.038658855099754 352.20821603991357 0
45.134582584359975 352.22524348461786 0
45.23050880013778 352.24230670134483 0
45.32643756330229 352.2594054906743 0
45.422368934457054 352.27653965414584 0
45.51830297394155 352.29370899425436 0
45.614239741832776 352.3109133144448 0
45.71017929794671 352.3281524191076 0
45.806121701839885 352.34542611357364 0
45.902067012810875 352.3627342041098 0
45.99801528990179 352.3800764979142 0
46.09396659189975 352.39745280311155 0
46.18992097733839 352.4148629287485 0
46.285878504499316 352.43230668478935 0
46.38183923141355 352.4497838821112 0
46.47780321586299 352.46729433249993 0
46.57377051538184 352.4848378486455 0
46.669741187258055 352.5024142441377 0
46.76571528853476 352.52002333346184 0
46.86169287601162 352.53766493199447 0
46.95767400624629 352.55533885599914 0
47.053658735555814 352.5730449226224 0
47.14964712001796 352.5907829498893 0
47.245639215472615 352.6085527566995 0
47.3416350775232 352.62635416282336 0
47.43763476153795 352.6441869888977 0
47.53363832265131 352.6620510564217 0
47.6296458157653 352.67994618775344 0
47.72565729555078 352.6978722061055 0
47.82167281644883 352.71582893554125 0
47.91769243267206 352.73381620097115 0
48.01371619820589 352.75183382814885 0
48.10974416680989 352.76988164366736 0
48.20577639201907 352.7879594749556 0
48.30181292714511 352.8060671502743 0
48.397853825277735 352.8242044987128 0
48.49389913928591 352.84237135018503 0
48.589948921819115 352.86056753542624 0
48.68600322530865 352.8787928859893 0
48.782062101968826 352.89704723424126 0
48.878125603798246 352.9153304133597 0
48.974193782581004 352.93364225732955 0
49.070266689887966 352.9519826009395 0
49.16634437707794 352.9703512797787 0
49.26242689529893 352.9887481302333 0
49.35851429548931 353.00717298948325 0
49.45460662837904 353.02562569549895 0
49.550703944490884 353.044106087038 0
49.64680629414155 353.062614003642 0
49.742913727442925 353.0811492856334 0
49.839026294303196 353.09971177411217 0
49.93514404442807 353.1183013109528 0
50.0312670273219 353.1369177388012 0
50.12739529228886 353.15556090107145 0
50.223528888434075 353.17423064194304 0
50.31966786466482 353.1929268063576 0
50.415812269691564 353.21164924001596 0
50.5119621520292 353.2303977893753 0
50.60811755999812 353.24917230164596 0
50.70427854172534 353.2679726247889 0
50.8004451451456 353.2867986075124 0
50.89661741800254 353.3056500992695 0
50.99279540784971 353.324526950255 0
51.08897916205175 353.34342901140275 0
51.18516872778544 353.3623561343829 0
51.28136415204075 353.3813081715988 0
51.37756548162206 353.4002849761848 0
51.47377276314904 353.4192864020032 0
51.569986043057916 353.4383123036415 0
51.666205367602394 353.4573625364101 0
51.76243078285477 353.47643695633917 0
51.85866233470702 353.4955354201765 0
51.95490006887179 353.51465778538466 0
52.05114403088349 353.5338039101384 0
52.1473942660993 353.55297365332217 0
52.24365081970025 353.57216687452774 0
52.33991373669218 353.59138343405147 0
52.436183061906846 353.6106231928919 0
52.5324588400029 353.6298860127474 0
52.628741115466894 353.6491717560136 0
52.72502993261432 353.6684802857809 0
52.82132533559061 353.6878114658325 0
52.917627368372145 353.7071651606414 0
53.01393607476722 353.72654123536864 0
53.11025149841711 353.74593955586056 0
53.20657368279696 353.7653599886466 0
53.302902671216856 353.7848024009371 0
53.399238506822776 353.804266660621 0
53.495581232597544 353.8237526362635 0
53.59193089136186 353.8432601971039 0
53.688287525775195 353.8627892130533 0
53.784651178336794 353.8823395546926 0
53.88102189138668 353.9019110932699 0
53.977399707106514 353.92150370069913 0
54.073784667520606 353.94111724955695 0
54.170176814496884 353.96075161308124 0
54.266576189747774 353.98040666516897 0
54.36298283483121 354.0000822803738 0
54.45939679115149 354.0197783339044 0
54.555818099960305 354.039494701622 0
54.652246802357574 354.05923126003864 0
54.748682939292436 354.07898788631513 0
54.845126551564135 354.09876445825887 0
54.94157767982296 354.1185608543221 0
55.03803636457114 354.13837695359973 0
55.13450264616376 354.15821263582757 0
55.23097656480967 354.1780677813802 0
55.327458160572405 354.1979422712692 0
55.42394747337104 354.2178359871412 0
55.52044454298114 354.237748811276 0
55.61694940903561 354.2576806265847 0
55.7134621110256 354.2776313166078 0
55.80998268830141 354.29760076551344 0
55.90651118007334 354.3175888580955 0
56.003047625412584 354.33759547977184 0
56.09959206325211 354.35762051658253 0
56.196144532387535 354.3776638551878 0
56.29270507147797 354.3977253828668 0
56.38927371904692 354.41780498751535 0
56.48585051348313 354.43790255764446 0
56.58243549304143 354.45801798237846 0
56.67902869584365 354.47815115145346 0
56.775630159879384 354.49830195521554 0
56.87223992300693 354.51847028461907 0
56.96885802295407 354.538656031225 0
57.06548449731896 354.5588590871993 0
57.16211938357094 354.5790793453114 0
57.25876271905142 354.5993166989322 0
57.355414540974614 354.61957104203293 0
57.45207488642853 354.6398422691831 0
57.548743792375646 354.6601302755492 0
57.645421295653854 354.680434956893 0
57.7421074329772 354.7007562095701 0
57.83880224093676 354.72109393052824 0
57.93550575600144 354.7414480173057 0
58.032218014518776 354.76181836803005 0
58.12893905271581 354.7822048814163 0
58.22566890669981 354.80260745676577 0
58.32240761245916 354.82302599396405 0
58.419155205864094 354.8434603934802 0
58.51591172266758 354.86391055636466 0
58.61267719850605 354.8843763842481 0
58.709451668900236 354.9048577793401 0
58.80623516925595 354.9253546444272 0
58.90302773486491 354.94586688287217 0
58.999829400905455 354.966394398612 0
59.09664020244344 354.98693709615674 0
59.19346017443291 355.0074948805881 0
59.29028935171697 355.02806765755827 0
59.387127769028545 355.04865533328797 0
59.48397546099111 355.0692578145657 0
59.580832462119545 355.089875008746 0
59.67769880682082 355.1105068237484 0
59.774574529394876 355.13115316805573 0
59.871459664035285 355.1518139507133 0
59.96835424483008 355.1724890813269 0
60.065258305762505 355.19317847006215 0
60.1621718807118 355.2138820276429 0
60.25909500345391 355.23459966535 0
60.35602770766227 355.2553312950199 0
60.452970026908616 355.27607682904363 0
60.54992199466363 355.29683618036535 0
60.646883644297766 355.31760926248114 0
60.743855009082004 355.33839598943797 0
60.840836122188556 355.35919627583206 0
60.937827016691635 355.380010036808 0
61.034827725568206 355.40083718805755 0
61.131838281698705 355.4216776458182 0
61.228858717867794 355.4425313268721 0
61.325889066765114 355.4633981485449 0
61.42292936098599 355.4842780287047 0
61.519979633032165 355.50517088576055 0
61.61703991531255 355.5260766386616 0
61.71411024014396 355.5469952068958 0
61.811190639751814 355.56792651048886 0
61.908281146270895 355.588870470003 0
62.00538179174602 355.6098270065358 0
62.102492608132835 355.6307960417194 0
62.19961362729847 355.65177749771897 0
62.29674488102229 355.6727712972318 0
62.393886400996635 355.69377736348633 0
62.491038218827455 355.71479562024086 0
62.58820036603511 355.7358259917825 0
62.68537287405502 355.75686840292633 0
62.78255577423843 355.777922779014 0
62.879749097853065 355.79898904591283 0
62.97695287608386 355.82006713001493 0
63.074167140033666 355.8411569582359 0
63.17139192072394 355.8622584580139 0
63.26862724909547 355.88337155730864 0
63.365873156009044 355.90449618460036 0
63.46312967224617 355.92563226888876 0
63.560396828509745 355.94677973969215 0
63.6576746554248 355.9679385270462 0
63.754963183539125 355.9891085615033 0
63.85226244332402 356.01028977413114 0
63.94957246517497 356.03148209651215 0
64.04689327941226 356.0526854607422 0
64.14422491628181 356.07389979943 0
64.2415674059557 356.0951250456958 0
64.33892077853297 356.1163611331704 0
64.43628506404022 356.13760799599476 0
64.53366029243239 356.15886556881827 0
64.63104649359327 356.1801337867986 0
64.72844369733642 356.20141258560017 0
64.82585193340557 356.2227019013935 0
64.92327123147555 356.2440016708544 0
65.02070162115275 356.2653118311627 0
65.11814313197596 356.28663232000184 0
65.21559579341691 356.3079630755575 0
65.313059634881 356.3293040365171 0
65.41053468570801 356.3506551420686 0
65.50802097517267 356.37201633189983 0
65.60551853248536 356.39338754619763 0
65.70302738679283 356.41476872564687 0
65.80054756717877 356.43615981142955 0
65.89287543411393 356.4575414803497 0
65.98376219552003 356.4788709050058 0
66.07469133094435 356.5001464122391 0
66.16566297155151 356.52136788688296 0
66.25667724805356 356.5425352139966 0
66.34773429071116 356.5636482788656 0
66.43883422933463 356.5847069670025 0
66.52997719328513 356.60571116414707 0
66.62116331147577 356.6266607562673 0
66.71239271237273 356.64755562955975 0
66.80366552399639 356.66839567045 0
66.89498187392245 356.6891807655935 0
66.98634188928311 356.709910801876 0
67.0777456967682 356.73058566641413 0
67.1691934226263 356.75120524655614 0
67.26068519266587 356.7717694298822 0
67.35222113225652 356.7922781042055 0
67.44380136632999 356.8127311575723 0
67.53542601938148 356.8331284782627 0
67.62709521547066 356.8534699547917 0
67.718809078223 356.87375547590926 0
67.8105677308308 356.893984930601 0
67.90237129605441 356.9141582080892 0
67.99421989622346 356.9342751978329 0
68.08611365323797 356.9543357895291 0
68.17805268856958 356.9743398731129 0
68.27003712326272 356.9942873387584 0
68.36206707793583 357.0141780768793 0
68.45414267278252 357.0340119781294 0
68.54626402757278 357.0537889334036 0
68.63843126165422 357.0735088338381 0
68.73064449395324 357.0931715708114 0
68.82290384297627 357.1127770359448 0
68.91520942681099 357.1323251211031 0
69.00756136312748 357.1518157183953 0
69.09995976917958 357.1712487201751 0
69.19240476180597 357.19062401904165 0
69.28489645743154 357.20994150784054 0
69.37743497206851 357.2292010796639 0
69.47002042131778 357.2484026278514 0
69.56265292037008 357.2675460459911 0
69.65533258400727 357.2866312279196 0
69.74805952660358 357.3056580677233 0
69.8408338621269 357.3246264597386 0
69.93365570413997 357.34353629855315 0
70.02652516580173 357.36238747900575 0
70.11944235986853 357.38117989618775 0
70.21240739869545 357.3999134454434 0
70.30542039423752 357.4185880223707 0
70.39848145805105 357.4372035228219 0
70.49159070129495 357.45575984290434 0
70.58474823473189 357.4742568789812 0
70.67795416872976 357.49269452767186 0
70.77120861326284 357.5110726858532 0
70.86451167791317 357.5293912506597 0
70.95786347187189 357.5476501194845 0
71.05126410394041 357.56584918998 0
71.1447136825319 357.5839883600585 0
71.23821231567253 357.6020675278931 0
71.33176011100272 357.62008659191815 0
71.42535717577864 357.6380454508302 0
71.51900361687342 357.65594400358856 0
71.61269954077851 357.67378214941607 0
71.70644505360502 357.69155978779975 0
71.80024026108511 357.7092768184916 0
71.89408526857326 357.72693314150933 0
71.98798018104773 357.74452865713687 0
72.08192510311181 357.76206326592535 0
72.17592013899528 357.7795368686937 0
72.26996539255572 357.7969493665293 0
72.36406096727983 357.8143006607887 0
72.45820696628498 357.83159065309866 0
72.55240349232041 357.84881924535625 0
72.6466506477687 357.8659863397302 0
72.74094853464713 357.8830918386612 0
72.83529725460913 357.90013564486276 0
72.9296969089456 357.917117661322 0
73.02414759858635 357.9340377913001 0
73.11864942410152 357.95089593833353 0
73.21320248570295 357.9676920062341 0
73.30780688324565 357.98442589909024 0
73.40246271622911 358.0010975212674 0
73.4971700837989 358.01770677740893 0
73.59192908474795 358.03425357243674 0
73.68673981751797 358.05073781155187 0
73.78160238020105 358.06715940023554 0
73.87651687054093 358.0835182442495 0
73.97148338593446 358.09981424963695 0
74.06650202343319 358.1160473227234 0
74.16157287974468 358.13221737011685 0
74.25669605123397 358.14832429870927 0
74.35187163392513 358.16436801567653 0
74.4470997235026 358.1803484284797 0
74.54238041531282 358.19626544486545 0
74.63771380436549 358.2121189728669 0
74.73309998533527 358.2279089208042 0
74.82853905256309 358.2436351972854 0
74.9240311000577 358.25929771120707 0
75.0195762214972 358.2748963717549 0
75.11517451023047 358.2904310884046 0
75.2108260592787 358.30590177092256 0
75.30653096133686 358.3213083293664 0
75.40228930877524 358.3366506740858 0
75.49810119364095 358.35192871572326 0
75.59396670765942 358.36714236521465 0
75.68988594223592 358.38229153378995 0
75.78585898845712 358.39737613297405 0
75.88188593709255 358.41239607458726 0
75.97796687859615 358.4273512707462 0
76.07410190310785 358.4422416338644 0
76.17029110045507 358.45706707665283 0
76.26653456015423 358.4718275121209 0
76.36283237141237 358.486522853577 0
76.45918462312859 358.501153014629 0
76.55559140389575 358.5157179091853 0
76.65205280200189 358.53021745145514 0
76.74856890543185 358.54465155594954 0
76.84513980186883 358.559020137482 0
76.94176557869596 358.57332311116875 0
77.03844632299788 358.5875603924301 0
77.13518212156228 358.6017318969904 0
77.23197306088149 358.6158375408793 0
77.32881922715409 358.62987724043205 0
77.4257207062865 358.6438509122904 0
77.52267758389449 358.6577584734029 0
77.6196899453049 358.6715998410261 0
77.71675787555711 358.6853749327246 0
77.81388145940471 358.69908366637225 0
77.91106078131712 358.7127259601524 0
78.00829592548114 358.7263017325589 0
78.1055869758026 358.73981090239636 0
78.20293401590797 358.7532533887811 0
78.30033712914599 358.7666291111416 0
78.39779639858921 358.7799379892193 0
78.49531190703576 358.7931799430692 0
78.59288373701084 358.8063548930603 0
78.69051197076844 358.8194627598765 0
78.78819669029293 358.83250346451706 0
78.88593797730073 358.8454769282973 0
78.98373591324189 358.8583830728491 0
79.08159057930182 358.87122182012183 0
79.17950205640288 358.8839930923826 0
79.27747042520609 358.89669681221704 0
79.37549576611265 358.90933290252985 0
79.47357815926578 358.92190128654556 0
79.57171768455225 358.93440188780903 0
79.6699144216041 358.94683463018595 0
79.76816844980029 358.9591994378636 0
79.86647984826833 358.97149623535137 0
79.96484869588606 358.9837249474814 0
80.06327507128323 358.9958854994091 0
80.16175905284322 359.00797781661373 0
80.26030071870471 359.02000182489917 0
80.35890014676338 359.0319574503941 0
80.4575574146735 359.0438446195531 0
80.55627259984989 359.05566325915674 0
80.65504577946925 359.0674132963125 0
80.75387703047213 359.0790946584551 0
80.8527664295645 359.09070727334716 0
80.9517140532195 359.1022510690798 0
81.05071997767918 359.11372597407313 0
81.14978427895608 359.1251319170767 0
81.24890703283505 359.1364688271704 0
81.34808831487497 359.1477366337646 0
81.44732820041042 359.15893526660085 0
81.54662676455335 359.1700646557524 0
81.64598408219493 359.181124731625 0
81.74540022800714 359.1921154249568 0
81.84487527644461 359.2030366668196 0
81.94440930174628 359.21388838861884 0
82.04400237793713 359.22467052209436 0
82.14365457882992 359.2353829993209 0
82.243365978027 359.2460257527085 0
82.34313664892188 359.2565987150031 0
82.44296666470117 359.26710181928706 0
82.54285609834615 359.27753499897955 0
82.64280502263463 359.2878981878372 0
82.74281351014265 359.2981913199544 0
82.84288163324621 359.30841432976393 0
82.94300946412308 359.3185671520375 0
83.04319707475449 359.3286497218859 0
83.14344453692692 359.3386619747599 0
83.24375192223388 359.3486038464504 0
83.34411930207757 359.3584752730891 0
83.44454674767083 359.3682761911488 0
83.54503433003863 359.37800653744404 0
83.64558212002014 359.3876662491313 0
83.74619018827023 359.3972552637097 0
83.84685860526143 359.4067735190213 0
83.9475874412856 359.41622095325164 0
84.04837676645573 359.42559750492995 0
84.14922665070773 359.43490311292993 0
84.25013716380215 359.4441377164699 0
84.35110837532604 359.4533012551133 0
84.45214035469466 359.46239366876915 0
84.55323317115331 359.47141489769245 0
84.65438689377908 359.4803648824846 0
84.75560159148263 359.4892435640937 0
84.85687733301003 359.4980508838151 0
84.95821418694445 359.5067867832917 0
85.05961222170806 359.51545120451436 0
85.16107150556374 359.5240440898223 0
85.26259210661694 359.53256538190357 0
85.36417409281732 359.5410150237952 0
85.4658175319608 359.54939295888374 0
85.5675224916911 359.5576991309057 0
85.66928903950169 359.5659334839477 0
85.77111724273757 359.57409596244696 0
85.873007168597 359.58218651119176 0
85.97495888413336 359.59020507532153 0
86.07697245625693 359.5981516003274 0
86.1790479517367 359.60602603205245 0
86.28118543720221 359.6138283166921 0
86.38338497914525 359.6215584007944 0
86.48564664392177 359.6292162312604 0
86.58797049775363 359.63680175534444 0
86.69035660673045 359.6443149206544 0
86.79280503681137 359.6517556751522 0
86.89531585382689 359.65912396715385 0
86.99788912348066 359.66641974533013 0
87.10052491135136 359.6736429587065 0
87.20322328289434 359.68079355666356 0
87.30598430344364 359.68787148893733 0
87.40880803821368 359.69487670561955 0
87.5116945523011 359.701809157158 0
87.61464391068657 359.7086687943566 0
87.71765617823662 359.71545556837594 0
87.82073141970544 359.72216943073335 0
87.92386969973668 359.7288103333032 0
88.0270710828653 359.7353782283172 0
88.1303356335194 359.7418730683646 0
88.23366341602194 359.7482948063925 0
88.33705449459269 359.75464339570595 0
88.44050893334995 359.76091878996846 0
88.54402679631241 359.767120943202 0
88.64760814740093 359.77324980978705 0
88.75125305044041 359.7793053444634 0
88.8549615691616 359.78528750232994 0
88.95873376720287 359.7911962388448 0
89.06256970811205 359.7970315098259 0
89.16646945534829 359.8027932714508 0
89.27043307228385 359.80848148025717 0
89.37446062220586 359.81409609314284 0
89.47855216831823 359.81963706736605 0
89.58270777374346 359.8251043605456 0
89.68692750152437 359.83049793066095 0
89.79121141462602 359.8358177360526 0
89.89555957593745 359.8410637354221 0
89.99997204827356 359.8462358878321 0
90.1044488943769 359.8513341527069 0
90.20899017691946 359.8563584898322 0
90.31359595850454 359.86130885935535 0
90.4182663016685 359.8661852217857 0
90.52300126888268 359.8709875379945 0
90.62780092255508 359.87571576921505 0
90.7326653250323 359.88036987704305 0
90.83759453860128 359.8849498234365 0
90.94258862549113 359.8894555707158 0
91.04764764787494 359.89388708156406 0
91.15277166787162 359.898244319027 0
91.25796074754768 359.90252724651333 0
91.36321494891905 359.9067358277944 0
91.46853433395293 359.9108700270049 0
91.57391896456951 359.91492980864217 0
91.67936890264387 359.91891513756707 0
91.78488421000776 359.9228259790037 0
91.89046494845137 359.92666229853927 0
91.99611117972518 359.9304240621246 0
92.10182296554176 359.9341112360738 0
92.20760036757757 359.93772378706467 0
92.31344344747477 359.94126168213836 0
92.41935226684296 359.94472488869985 0
92.52532688726113 359.9481133745177 0
92.63136737027928 359.95142710772404 0
92.73747377742036 359.954666056815 0
92.84364617018201 359.95783019065027 0
92.94988461003837 359.9609194784534 0
93.05618915844181 359.9639338898117 0
93.16255987682489 359.9668733946764 0
93.26899682660192 359.9697379633625 0
93.37550006917104 359.97252756654876 0
93.48206966591572 359.97524217527797 0
93.58870567820672 359.97788176095656 0
93.69540816740388 359.98044629535485 0
93.80217719485783 359.982935750607 0
93.90901282191182 359.98535009921096 0
94.0159151099035 359.98768931402833 0
94.1228841201667 359.9899533682846 0
94.22991991403323 359.9921422355688 0
94.33702255283461 359.99425588983377 0
94.4441920979039 359.9962943053958 0
94.55142861057743 359.9982574569349 0
94.65873215219665 360.0001453194945 0
94.76610278410978 360.0019578684815 0
94.8735405676737 360.0036950796663 0
94.98104556425568 360.0053569291823 0
95.08861783523511 360.00694339352657 0
95.19625744200532 360.00845444955905 0
95.30396444597528 360.0098900745029 0
95.41173890857145 360.01125024594427 0
95.51958089123947 360.01253494183214 0
95.62749045544592 360.01374414047837 0
95.73546766268012 360.01487782055756 0
95.84351257445587 360.01593596110683 0
95.95162525231314 360.0169185415259 0
96.05980575781989 360.01782554157677 0
96.16805415257384 360.01865694138377 0
96.27637049820414 360.01941272143324 0
96.38475485637315 360.02009286257373 0
96.49320728877817 360.0206973460155 0
96.60172785715318 360.0212261533306 0
96.71031662327063 360.0216792664526 0
96.8189736489431 360.02205666767674 0
96.92769899602503 360.02235833965915 0
97.03649272641456 360.02258426541744 0
97.14535490205512 360.02273442833007 0
97.25428558493721 360.02280881213625 0
97.36328483710015 360.0228074009359 0
97.47235272063378 360.0227301791893 0
97.58148929768016 360.0225771317172 0
97.69069463043533 360.0223482437001 0
97.79996878115097 360.0220435006788 0
97.90931181213611 360.0216628885536 0
98.01872378575891 360.0212063935842 0
98.12820476444828 360.0206740023898 0
98.23775481069568 360.0200657019487 0
98.34737398705668 360.01938147959794 0
98.45706235615278 360.01862132303336 0
98.56681998067307 360.0177852203092 0
98.67664692337588 360.0168731598379 0
98.78654324709053 360.0158851303901 0
98.896509014719 360.01482112109386 0
99.00654428923757 360.013681121435 0
99.11664913369852 360.0124651212567 0
99.22682361123188 360.01117311075893 0
99.33706778504701 360.0098050804986 0
99.4473817184343 360.0083610213892 0
99.55776547476687 360.0068409247004 0
99.66821911750219 360.0052447820579 0
99.77874271018378 360.0035725854432 0
99.88933631644286 360.00182432719316 0
100.0 360.0 0
