100.0 480.0 0
99.9 480.0145255619357 0
99.8 480.0290322744304 0
99.7 480.0435201773909 0
99.6 480.05798931055807 0
99.5 480.0724397135067 0
99.4 480.0868714256454 0
99.3 480.1012844862168 0
99.2 480.11567893429697 0
99.1 480.13005480879593 0
99.0 480.1444121484573 0
98.9 480.15875099185826 0
98.8 480.17307137740937 0
98.7 480.18737334335486 0
98.6 480.20165692777226 0
98.5 480.2159221685724 0
98.4 480.2301691034994 0
98.3 480.24439777013066 0
98.2 480.2586082058766 0
98.1 480.2728004479809 0
98.0 480.28697453352004 0
97.89999999999999 480.30113049940354 0
97.8 480.315268382374 0
97.7 480.3293882190065 0
97.6 480.3434900457092 0
97.5 480.3575738987227 0
97.39999999999999 480.3716398141205 0
97.3 480.38568782780845 0
97.2 480.39971797552494 0
97.1 480.4137302928409 0
97.0 480.4277248151596 0
96.89999999999999 480.44170157771646 0
96.8 480.45566061557935 0
96.7 480.46960196364813 0
96.6 480.48352565665493 0
96.5 480.49743172916385 0
96.39999999999999 480.51132021557083 0
96.3 480.52519115010386 0
96.2 480.5390445668228 0
96.1 480.552880499619 0
96.0 480.5666989822158 0
95.89999999999999 480.58050004816806 0
95.8 480.5942837308621 0
95.7 480.60805006351586 0
95.6 480.6217990791786 0
95.5 480.6355308107309 0
95.39999999999999 480.6492452908847 0
95.3 480.66294255218304 0
95.19999999999999 480.6766226270002 0
95.1 480.6902855475413 0
95.0 480.7039313458427 0
94.89999999999999 480.7175600537714 0
94.8 480.73117170302555 0
94.69999999999999 480.74476632513375 0
94.6 480.75834395145546 0
94.5 480.77190461318065 0
94.39999999999999 480.78544834132987 0
94.3 480.7989751667542 0
94.19999999999999 480.81248512013497 0
94.1 480.82597823198387 0
94.0 480.8394545326429 0
93.89999999999999 480.85291405228406 0
93.8 480.8663568209096 0
93.7 480.8797828683516 0
93.60000000000001 480.8931922242722 0
93.5 480.9065849181633 0
93.4 480.91996097934657 0
93.30000000000001 480.9333204369734 0
93.2 480.9466633200248 0
93.10000000000001 480.9599896573113 0
93.0 480.97329947747284 0
92.9 480.98659280897874 0
92.80000000000001 480.9998696801276 0
92.7 481.0131301190472 0
92.60000000000001 481.0263741536946 0
92.5 481.0396018118557 0
92.4 481.0528131211454 0
92.30000000000001 481.0660081090076 0
92.2 481.0791868027149 0
92.10000000000001 481.09234922936855 0
92.0 481.10549541589853 0
91.9 481.11862538906337 0
91.8 481.13173917545 0
91.7 481.1448368014737 0
91.60000000000001 481.157918293378 0
91.5 481.1709836772348 0
91.4 481.18403297894395 0
91.3 481.1970662242334 0
91.2 481.21008343865907 0
91.10000000000001 481.2230846476046 0
91.0 481.2360698762815 0
90.9 481.24903914972884 0
90.8 481.26199249281353 0
90.7 481.2749299302297 0
90.60000000000001 481.28785148649894 0
90.5 481.3007571859703 0
90.4 481.3136470528199 0
90.3 481.326521111051 0
90.2 481.33937938449407 0
90.10000000000001 481.3522218968063 0
90.0 481.36504867147187 0
89.9 481.37785973180166 0
89.8 481.39065510093326 0
89.7 481.4034348018308 0
89.60000000000001 481.41619885728494 0
89.5 481.4289472899127 0
89.4 481.4416801221573 0
89.3 481.4543973762884 0
89.2 481.4670990744014 0
89.1 481.479785238418 0
89.0 481.49245589008564 0
88.9 481.50511105097763 0
88.8 481.5177507424929 0
88.7 481.5303749858562 0
88.6 481.54298380211753 0
88.5 481.5555772121524 0
88.4 481.56815523666165 0
88.3 481.58071789617134 0
88.2 481.59326521103253 0
88.1 481.60579720142135 0
88.0 481.6183138873389 0
87.9 481.63081528861096 0
87.8 481.643301424888 0
87.7 481.65577231564527 0
87.6 481.66822798018217 0
87.5 481.6806684376227 0
87.4 481.69309370691525 0
87.3 481.70550380683204 0
87.2 481.7178987559696 0
87.1 481.73027857274826 0
87.0 481.74264327541243 0
86.9 481.75499288202997 0
86.8 481.7673274104925 0
86.7 481.7796468785152 0
86.6 481.7919513036366 0
86.5 481.80424070321845 0
86.4 481.8165150944459 0
86.3 481.82877449432686 0
86.2 481.84101891969254 0
86.1 481.85324838719674 0
86.0 481.86546291331604 0
85.9 481.87766251434977 0
85.8 481.88984720641963 0
85.7 481.9020170054697 0
85.6 481.91417192726647 0
85.5 481.9263119873984 0
85.39999999999999 481.93843720127614 0
85.3 481.9505475841322 0
85.2 481.96264315102087 0
85.1 481.9747239168181 0
85.0 481.9867898962215 0
84.89999999999999 481.9988411037501 0
84.8 482.01087755374414 0
84.7 482.02289926036514 0
84.6 482.0349062375957 0
84.5 482.0468984992393 0
84.39999999999999 482.0588760589204 0
84.3 482.070838930084 0
84.2 482.0827871259958 0
84.1 482.0947206597419 0
84.0 482.10663954422864 0
83.89999999999999 482.1185437921828 0
83.8 482.13043341615094 0
83.7 482.1423084284998 0
83.6 482.1541688414158 0
83.5 482.16601466690514 0
83.39999999999999 482.17784591679344 0
83.3 482.1896626027259 0
83.2 482.2014647361668 0
83.1 482.2132523283999 0
83.0 482.22502539052766 0
82.89999999999999 482.2367839334716 0
82.8 482.248527967972 0
82.69999999999999 482.26025750458774 0
82.6 482.2719725536961 0
82.5 482.28367312549284 0
82.39999999999999 482.2953592299918 0
82.3 482.307030877025 0
82.19999999999999 482.3186880762424 0
82.1 482.3303308371116 0
82.0 482.341959168918 0
81.89999999999999 482.3535730807645 0
81.8 482.36517258157124 0
81.69999999999999 482.37675768007574 0
81.6 482.3883283848325 0
81.5 482.39988470421304 0
81.39999999999999 482.4114266464055 0
81.3 482.4229542194149 0
81.2 482.4344674310626 0
81.10000000000001 482.4459662889863 0
81.0 482.45745080064 0
80.9 482.4689209732936 0
80.80000000000001 482.48037681403315 0
80.7 482.4918183297601 0
80.60000000000001 482.50324552719184 0
80.5 482.5146584128609 0
80.4 482.5260569931154 0
80.30000000000001 482.5374412741183 0
80.2 482.54881126184773 0
80.10000000000001 482.5601669620966 0
80.0 482.5715083804725 0
79.9 482.58283552239743 0
79.80000000000001 482.5941483931079 0
79.7 482.60544699765444 0
79.60000000000001 482.61673134090165 0
79.5 482.62800142752815 0
79.4 482.639257262026 0
79.3 482.65049884870103 0
79.2 482.6617261916723 0
79.10000000000001 482.6729392948722 0
79.0 482.684138162046 0
78.9 482.69532279675195 0
78.8 482.70649320236106 0
78.7 482.7176493820567 0
78.60000000000001 482.7287913388348 0
78.5 482.7399190755034 0
78.4 482.7510325946825 0
78.3 482.762131898804 0
78.2 482.77321699011156 0
78.10000000000001 482.78428787066025 0
78.0 482.7953445423164 0
77.9 482.8063870067577 0
77.8 482.81741526547256 0
77.7 482.8284293197603 0
77.60000000000001 482.8394291707309 0
77.5 482.85041481930466 0
77.4 482.8613862662122 0
77.3 482.87234351199425 0
77.2 482.88328655700116 0
77.10000000000001 482.8942154013933 0
77.0 482.9051300451403 0
76.9 482.9160304880213 0
76.8 482.92691672962445 0
76.7 482.93778876934675 0
76.6 482.9486466063942 0
76.5 482.95949023978113 0
76.4 482.9703196683303 0
76.3 482.9811348906727 0
76.2 482.99193590524715 0
76.1 483.0027227103004 0
76.0 483.0134953038867 0
75.9 483.02425368386764 0
75.8 483.03499784791205 0
75.7 483.0457277934957 0
75.6 483.0564435179012 0
75.5 483.06714501821756 0
75.4 483.0778322913403 0
75.3 483.0885053339711 0
75.2 483.0991641426175 0
75.1 483.1098087135929 0
75.0 483.120439043016 0
74.9 483.1310551268111 0
74.8 483.14165696070745 0
74.7 483.15224454023917 0
74.6 483.1628178607451 0
74.5 483.17337691736867 0
74.4 483.1839217050573 0
74.3 483.1944522185626 0
74.2 483.2049684524399 0
74.1 483.21547040104815 0
74.0 483.22595805854974 0
73.9 483.23643141891 0
73.8 483.2468904758973 0
73.7 483.2573352230827 0
73.6 483.26776565383966 0
73.5 483.27818176134383 0
73.4 483.28858353857294 0
73.3 483.2989709783064 0
73.2 483.30934407312515 0
73.1 483.31970281541146 0
73.0 483.3300471973487 0
72.89999999999999 483.3403772109208 0
72.8 483.3506928479125 0
72.7 483.3609940999089 0
72.6 483.37128095829496 0
72.5 483.3815534142556 0
72.39999999999999 483.39181145877546 0
72.3 483.40205508263836 0
72.2 483.41228427642716 0
72.1 483.4224990305238 0
72.0 483.43269933510857 0
71.89999999999999 483.4428851801603 0
71.8 483.45305655545576 0
71.7 483.46321345056964 0
71.6 483.47335585487417 0
71.5 483.4834837575388 0
71.39999999999999 483.4935971475302 0
71.3 483.50369601361166 0
71.2 483.5137803443431 0
71.1 483.52385012808065 0
71.0 483.5339053529764 0
70.89999999999999 483.5439460069781 0
70.8 483.5539720778291 0
70.7 483.5639835530678 0
70.6 483.5739804200275 0
70.5 483.58396266583617 0
70.39999999999999 483.59393027741595 0
70.3 483.6038832414833 0
70.19999999999999 483.61382154454816 0
70.1 483.62374517291414 0
70.0 483.633654112678 0
69.89999999999999 483.6435483497295 0
69.8 483.6534278697508 0
69.69999999999999 483.6632926582165 0
69.6 483.6731427003934 0
69.5 483.6829779813398 0
69.39999999999999 483.69279848590554 0
69.3 483.7026041987316 0
69.19999999999999 483.7123951042498 0
69.1 483.7221711866825 0
69.0 483.73193243004226 0
68.89999999999999 483.7416788181316 0
68.8 483.75141033454264 0
68.7 483.76112696265676 0
68.60000000000001 483.77082868564446 0
68.5 483.78051548646476 0
68.4 483.7901873478651 0
68.30000000000001 483.79984425238104 0
68.2 483.8094861823357 0
68.10000000000001 483.81911311983964 0
68.0 483.8287250467906 0
67.9 483.8383219448729 0
67.80000000000001 483.84790379555733 0
67.7 483.85747058010077 0
67.60000000000001 483.86702227954584 0
67.5 483.87655887472056 0
67.4 483.8860803462379 0
67.30000000000001 483.89558667449575 0
67.2 483.90507783967627 0
67.10000000000001 483.9145538217456 0
67.0 483.9240146004536 0
66.9 483.93346015533353 0
66.8 483.94289046570157 0
66.7 483.9523055106565 0
66.60000000000001 483.9617052690794 0
66.5 483.9710897196333 0
66.4 483.98045884076265 0
66.3 483.98981261069315 0
66.2 483.99915100743135 0
66.10000000000001 484.0084740087641 0
66.0 484.0177815922585 0
65.9 484.0270737352612 0
65.8 484.0363504148982 0
65.7 484.0456116080744 0
65.60000000000001 484.0548572914734 0
65.5 484.06408744155675 0
65.4 484.07330203456394 0
65.3 484.08250104651165 0
65.2 484.0916844531938 0
65.10000000000001 484.10085223018075 0
65.0 484.11000435281903 0
64.9 484.1191407962311 0
64.8 484.1282615353146 0
64.7 484.13736654474235 0
64.60000000000001 484.14645579896165 0
64.5 484.155529272194 0
64.4 484.16458693843447 0
64.3 484.1736287714517 0
64.2 484.1826547447871 0
64.1 484.19166483175457 0
64.0 484.20065900544 0
63.9 484.20963723870096 0
63.800000000000004 484.2185995041662 0
63.7 484.22754577423524 0
63.6 484.2364760210778 0
63.5 484.24539021663355 0
63.4 484.25428833261157 0
63.3 484.2631703404898 0
63.2 484.2720362115149 0
63.1 484.2808859167014 0
63.0 484.28971942683137 0
62.9 484.29853671245434 0
62.8 484.30733774388614 0
62.7 484.316122491209 0
62.6 484.32489092427085 0
62.5 484.3336430126849 0
62.4 484.34237872582895 0
62.3 484.35109803284536 0
62.2 484.3598009026401 0
62.1 484.36848730388243 0
62.0 484.37715720500466 0
61.9 484.3858105742011 0
61.8 484.3944473794282 0
61.7 484.4030675884035 0
61.6 484.41167116860544 0
61.5 484.42025808727266 0
61.4 484.4288283114038 0
61.3 484.43738180775654 0
61.199999999999996 484.44591854284744 0
61.1 484.45443848295116 0
61.0 484.46294159410013 0
60.9 484.47142784208387 0
60.8 484.4798971924486 0
60.699999999999996 484.4883496104965 0
60.6 484.4967850612854 0
60.5 484.50520350962785 0
60.4 484.51360492009115 0
60.3 484.52198925699616 0
60.199999999999996 484.53035648441727 0
60.099999999999994 484.5387065661814 0
60.0 484.5470394658678 0
59.9 484.5553551468071 0
59.8 484.5636535720811 0
59.699999999999996 484.57193470452194 0
59.599999999999994 484.5801985067116 0
59.5 484.58844494098133 0
59.4 484.5966739694109 0
59.3 484.60488555382824 0
59.199999999999996 484.6130796558086 0
59.099999999999994 484.6212562366741 0
59.0 484.6294152574931 0
58.9 484.6375566790795 0
58.8 484.6456804619921 0
58.699999999999996 484.653786566534 0
58.599999999999994 484.6618749527521 0
58.5 484.66994558043626 0
58.4 484.67799840911886 0
58.3 484.6860333980738 0
58.199999999999996 484.69405050631633 0
58.099999999999994 484.7020496926019 0
57.99999999999999 484.710030915426 0
57.9 484.7179941330229 0
57.8 484.7259393033655 0
57.699999999999996 484.7338663841645 0
57.599999999999994 484.74177533286746 0
57.49999999999999 484.7496661066584 0
57.4 484.7575386624571 0
57.3 484.7653929569181 0
57.199999999999996 484.7732289464304 0
57.099999999999994 484.78104658711635 0
56.99999999999999 484.7888458348313 0
56.89999999999999 484.79662664516263 0
56.8 484.8043889734291 0
56.699999999999996 484.8121327746801 0
56.599999999999994 484.81985800369483 0
56.49999999999999 484.8275646149817 0
56.39999999999999 484.83525256277767 0
56.3 484.842921801047 0
56.2 484.8505722834811 0
56.10000000000001 484.85820396349726 0
56.00000000000001 484.8658167942382 0
55.900000000000006 484.8734107285712 0
55.800000000000004 484.88098571908716 0
55.7 484.8885417181 0
55.60000000000001 484.89607867764573 0
55.50000000000001 484.90359654948173 0
55.400000000000006 484.9110952850858 0
55.300000000000004 484.91857483565565 0
55.2 484.9260351521075 0
55.1 484.93347618507585 0
55.00000000000001 484.9408978849122 0
54.900000000000006 484.94830020168456 0
54.800000000000004 484.9556830851763 0
54.7 484.9630464848853 0
54.6 484.9703903500233 0
54.50000000000001 484.9777146295149 0
54.400000000000006 484.9850192719965 0
54.300000000000004 484.99230422581576 0
54.2 484.9995694390303 0
54.1 485.00681485940726 0
54.0 485.0140404344219 0
53.900000000000006 485.0212461112569 0
53.800000000000004 485.0284318368016 0
53.7 485.03559755765076 0
53.6 485.0427432201037 0
53.5 485.0498687701636 0
53.400000000000006 485.056974153536 0
53.300000000000004 485.0640593156283 0
53.2 485.0711242015488 0
53.1 485.07816875610524 0
53.0 485.0851929238043 0
52.900000000000006 485.0921966488504 0
52.800000000000004 485.09917987514456 0
52.7 485.1061425462836 0
52.6 485.11308460555904 0
52.5 485.1200059959559 0
52.400000000000006 485.12690666015203 0
52.300000000000004 485.1337865405165 0
52.2 485.14064557910905 0
52.1 485.1474837176788 0
52.0 485.1543008976631 0
51.9 485.16109706018653 0
51.800000000000004 485.1678721460598 0
51.7 485.1746260957786 0
51.6 485.18135884952244 0
51.5 485.1880703471536 0
51.4 485.194760528216 0
51.300000000000004 485.201429331934 0
51.2 485.208076697211 0
51.1 485.21470256262893 0
51.0 485.22130686644624 0
50.9 485.22788954659734 0
50.8 485.234450540691 0
50.7 485.2409897860095 0
50.6 485.24750721950704 0
50.5 485.2540027778087 0
50.4 485.2604763972091 0
50.3 485.2669280136713 0
50.2 485.2733575628254 0
50.1 485.27976497996724 0
50.0 485.28615020005714 0
49.9 485.2925131577187 0
49.8 485.29885378723725 0
49.7 485.3051720225588 0
49.6 485.31146779728846 0
49.5 485.31774104468917 0
49.4 485.32399169768047 0
49.3 485.3302196888369 0
49.2 485.3364249503868 0
49.1 485.34260741421065 0
49.0 485.34876701184 0
48.9 485.35490367445584 0
48.8 485.36101733288706 0
48.699999999999996 485.3671079176093 0
48.6 485.37317535874314 0
48.5 485.3792195860529 0
48.4 485.3852405289449 0
48.3 485.3912381164662 0
48.199999999999996 485.39721227730286 0
48.1 485.4031629397785 0
48.0 485.40909003185277 0
47.9 485.4149934811198 0
47.8 485.4208732148063 0
47.699999999999996 485.4267291597706 0
47.599999999999994 485.4325612425005 0
47.5 485.43836938911176 0
47.4 485.44415352534656 0
47.3 485.44991357657176 0
47.199999999999996 485.4556494677774 0
47.099999999999994 485.46136112357465 0
47.0 485.46704846819443 0
46.9 485.4727114254856 0
46.800000000000004 485.4783499189132 0
46.7 485.4839638715566 0
46.6 485.48955320610804 0
46.5 485.4951178448703 0
46.400000000000006 485.50065770975544 0
46.300000000000004 485.50617272228277 0
46.2 485.51166280357677 0
46.1 485.5171278743657 0
46.0 485.52256785497934 0
45.9 485.5279826653472 0
45.800000000000004 485.53337222499675 0
45.7 485.5387364530512 0
45.6 485.5440752682278 0
45.5 485.54938858883577 0
45.4 485.5546763327743 0
45.300000000000004 485.55993841753065 0
45.2 485.56517476017774 0
45.1 485.57038527737274 0
45.0 485.57556988535435 0
44.9 485.5807284999412 0
44.800000000000004 485.58586103652937 0
44.7 485.59096741009046 0
44.6 485.5960475351694 0
44.5 485.6011013258823 0
44.4 485.60612869591415 0
44.3 485.6111295585166 0
44.2 485.6161038265059 0
44.1 485.62105141226033 0
44.0 485.6259722277182 0
43.9 485.6308661843754 0
43.8 485.6357331932831 0
43.7 485.64057316504517 0
43.6 485.64538600981615 0
43.5 485.6501716372987 0
43.4 485.654929956741 0
43.3 485.6596608769344 0
43.2 485.6643643062112 0
43.1 485.6690401524416 0
43.0 485.67368832303157 0
42.9 485.67830872492016 0
42.8 485.68290126457686 0
42.699999999999996 485.6874658479991 0
42.6 485.6920023807094 0
42.5 485.696510767753 0
42.4 485.7009909136948 0
42.3 485.70544272261685 0
42.199999999999996 485.70986609811564 0
42.1 485.71426094329905 0
42.0 485.71862716078374 0
41.9 485.7229646526923 0
41.8 485.7272733206503 0
41.699999999999996 485.7315530657832 0
41.6 485.73580378871384 0
41.5 485.7400253895591 0
41.4 485.7442177679269 0
41.3 485.7483808229134 0
41.199999999999996 485.75251445309976 0
41.099999999999994 485.756618556549 0
41.0 485.7606930308029 0
40.9 485.7647377728789 0
40.8 485.76875267926675 0
40.699999999999996 485.77273764592536 0
40.6 485.7766925682795 0
40.5 485.78061734121644 0
40.400000000000006 485.7845118590826 0
40.300000000000004 485.7883760156802 0
40.2 485.79220970426377 0
40.1 485.79601281753673 0
40.0 485.7997852476479 0
39.900000000000006 485.8035268861878 0
39.800000000000004 485.8072376241852 0
39.7 485.81091735210344 0
39.6 485.81456595983695 0
39.5 485.8181833367071 0
39.4 485.82176937145886 0
39.300000000000004 485.8253239522568 0
39.2 485.8288469666812 0
39.1 485.8323383017245 0
39.0 485.8357978437869 0
38.9 485.8392254786727 0
38.800000000000004 485.8426210915861 0
38.7 485.8459845671274 0
38.6 485.84931578928854 0
38.5 485.85261464144907 0
38.4 485.85588100637204 0
38.3 485.8591147661997 0
38.2 485.862315802449 0
38.1 485.8654839960076 0
38.0 485.86861922712893 0
37.9 485.87172137542825 0
37.8 485.8747903198778 0
37.7 485.8778259388023 0
37.6 485.88082810987436 0
37.5 485.8837967101099 0
37.4 485.8867316158631 0
37.3 485.88963270282187 0
37.2 485.892499846003 0
37.1 485.8953329197469 0
37.0 485.89813179771323 0
36.9 485.9008963528753 0
36.8 485.90362645751514 0
36.7 485.90632198321856 0
36.6 485.90898280086964 0
36.5 485.9116087806457 0
36.4 485.91419979201163 0
36.3 485.9167557037148 0
36.199999999999996 485.9192763837793 0
36.1 485.9217616995007 0
36.0 485.92421151744 0
35.9 485.92662570341844 0
35.8 485.92900412251134 0
35.699999999999996 485.9313466390423 0
35.6 485.93365311657766 0
35.5 485.93592341792004 0
35.4 485.93815740510246 0
35.3 485.94035493938236 0
35.199999999999996 485.9425158812351 0
35.099999999999994 485.944640090348 0
35.0 485.94672742561363 0
34.9 485.94877774512355 0
34.8 485.9507909061617 0
34.699999999999996 485.9527667651978 0
34.599999999999994 485.95470517788056 0
34.5 485.95660599903107 0
34.4 485.9584690826357 0
34.300000000000004 485.9602942818392 0
34.2 485.9620814489377 0
34.1 485.9638304353714 0
34.0 485.9655410917174 0
33.900000000000006 485.9672132676825 0
33.800000000000004 485.96884681209536 0
33.7 485.9704415728993 0
33.6 485.9719973971445 0
33.5 485.9735141309803 0
33.4 485.97499161964714 0
33.300000000000004 485.97642970746904 0
33.2 485.9778282378451 0
33.1 485.9791870532414 0
33.0 485.98050599518285 0
32.9 485.9817849042447 0
32.800000000000004 485.9830236200441 0
32.7 485.9842219812312 0
32.6 485.9853798254808 0
32.5 485.98649698948304 0
32.4 485.9875733089347 0
32.300000000000004 485.98860861853 0
32.2 485.98960275195134 0
32.1 485.99055554185975 0
32.0 485.9914668198857 0
31.900000000000002 485.99233641661925 0
31.8 485.99316416160013 0
31.7 485.9939498833082 0
31.6 485.99469340915294 0
31.5 485.99539456546364 0
31.4 485.99605317747876 0
31.3 485.99666906933555 0
31.2 485.99724206405944 0
31.1 485.99777198355304 0
31.0 485.9982586485854 0
30.9 485.9987018787808 0
30.8 485.9991014926074 0
30.7 485.9994573073659 0
30.599999999999998 485.9997691391778 0
30.5 486.0000368029737 0
30.4 486.0002601124813 0
30.3 486.0004388802133 0
30.2 486.0005729174551 0
30.099999999999998 486.000662034252 0
30.0 486.000706039397 0
29.9 486.00070474041763 0
29.799999999999997 486.00065794356277 0
29.7 486.0005654537896 0
29.599999999999998 486.00042707475 0
29.5 486.00024260877706 0
29.4 486.0000118568707 0
29.299999999999997 485.9997346186843 0
29.2 485.99941069250957 0
29.099999999999998 485.9990398752628 0
28.999999999999996 485.99862196246943 0
28.9 485.99815674824947 0
28.799999999999997 485.9976440253021 0
28.7 485.99708358489033 0
28.599999999999998 485.99647521682505 0
28.499999999999996 485.9958187094493 0
28.4 485.995113849622 0
28.299999999999997 485.9943604227014 0
28.199999999999996 485.99355821252857 0
28.1 485.99270700141005 0
28.000000000000004 485.99180657010095 0
27.900000000000002 485.99085669778714 0
27.800000000000004 485.98985716206755 0
27.700000000000003 485.98880773893603 0
27.6 485.98770820276303 0
27.500000000000004 485.98655832627657 0
27.400000000000002 485.9853578805435 0
27.3 485.98410663495036 0
27.200000000000003 485.9828043571831 0
27.1 485.9814508132077 0
27.0 485.9800457672496 0
26.900000000000002 485.97858898177304 0
26.8 485.9770802174602 0
26.700000000000003 485.97551923318963 0
26.6 485.9739057860149 0
26.5 485.97223963114214 0
26.400000000000002 485.97052052190776 0
26.3 485.96874820975574 0
26.200000000000003 485.9669224442142 0
26.1 485.9650429728719 0
26.0 485.9631095413542 0
25.900000000000002 485.96112189329847 0
25.8 485.9590797703294 0
25.7 485.95698291203377 0
25.6 485.9548310559344 0
25.5 485.9526239374641 0
25.4 485.95036128993917 0
25.3 485.94804284453187 0
25.2 485.94566833024334 0
25.1 485.94323747387494 0
25.0 485.94075 0
24.9 485.9382056309345 0
24.8 485.9356040867074 0
24.7 485.93294508503067 0
24.6 485.9302283412683 0
24.5 485.927453568405 0
24.4 485.92462047701446 0
24.3 485.9217287752267 0
24.2 485.91877816869516 0
24.099999999999998 485.91576836056277 0
24.0 485.9126990514279 0
23.9 485.9095699393092 0
23.799999999999997 485.90638071961007 0
23.7 485.9031310850821 0
23.599999999999998 485.89982072578863 0
23.5 485.89644932906646 0
23.400000000000002 485.89301657948766 0
23.3 485.8895221588205 0
23.200000000000003 485.88596574598944 0
23.1 485.88234701703436 0
23.0 485.8786656450693 0
22.900000000000002 485.8749213002398 0
22.8 485.8711136496801 0
22.7 485.8672423574691 0
22.6 485.8633070845852 0
22.5 485.8593074888609 0
22.400000000000002 485.8552432249361 0
22.3 485.8511139442102 0
22.2 485.84691929479385 0
22.1 485.8426589214592 0
22.0 485.8383324655895 0
21.9 485.83393956512714 0
21.8 485.8294798545216 0
21.7 485.8249529646751 0
21.6 485.8203585228881 0
21.5 485.815696152803 0
21.4 485.8109654743473 0
21.3 485.80616610367497 0
21.2 485.8012976531068 0
21.099999999999998 485.7963597310697 0
21.0 485.79135194203434 0
20.9 485.7862738864517 0
20.8 485.7811251606881 0
20.7 485.775905356959 0
20.599999999999998 485.77061406326135 0
20.5 485.765250863304 0
20.4 485.75981533643727 0
20.3 485.7543070575805 0
20.200000000000003 485.7487255971483 0
20.1 485.7430705209747 0
20.0 485.7373413902362 0
19.900000000000002 485.73153776137264 0
19.8 485.7256591860063 0
19.7 485.71970521085933 0
19.6 485.71367537766946 0
19.5 485.70756922310323 0
19.400000000000002 485.7013862786677 0
19.3 485.69512607062 0
19.2 485.6887881198745 0
19.1 485.6823719419081 0
19.0 485.67587704666335 0
18.9 485.6693029384489 0
18.8 485.6626491158379 0
18.7 485.65591507156387 0
18.6 485.64910029241395 0
18.5 485.64220425911986 0
18.4 485.6352264462458 0
18.3 485.62816632207387 0
18.2 485.6210233484867 0
18.099999999999998 485.61379698084704 0
18.0 485.60648666787426 0
17.9 485.59909185151827 0
17.8 485.59161196682936 0
17.7 485.58404644182565 0
17.599999999999998 485.5763946973568 0
17.5 485.56865614696403 0
17.4 485.56083019673673 0
17.299999999999997 485.5529162451656 0
17.2 485.5449136829915 0
17.1 485.53682189305056 0
17.0 485.5286402501153 0
16.900000000000002 485.5203681207314 0
16.8 485.51200486305015 0
16.7 485.50354982665647 0
16.6 485.4950023523921 0
16.5 485.48636177217423 0
16.400000000000002 485.4776274088092 0
16.3 485.46879857580063 0
16.2 485.45987457715285 0
16.1 485.45085470716833 0
16.0 485.44173825024 0
15.9 485.4325244806371 0
15.8 485.4232126622853 0
15.7 485.4138020485409 0
15.6 485.40429188195753 0
15.5 485.3946813940473 0
15.4 485.3849698050341 0
15.299999999999999 485.3751563236001 0
15.2 485.36524014662484 0
15.1 485.3552204589162 0
15.0 485.3450964329339 0
14.899999999999999 485.33486722850404 0
14.799999999999999 485.32453199252564 0
14.7 485.3140898586676 0
14.6 485.30353994705723 0
14.499999999999998 485.292881363958 0
14.399999999999999 485.2821132014384 0
14.299999999999999 485.27123453702984 0
14.2 485.26024443337366 0
14.099999999999998 485.24914193785736 0
14.000000000000002 485.2379260822391 0
13.900000000000002 485.2265958822596 0
13.8 485.2151503372421 0
13.700000000000001 485.2035884296791 0
13.600000000000001 485.19190912480514 0
13.5 485.18011137015594 0
13.4 485.1681940951122 0
13.3 485.15615621042883 0
13.200000000000001 485.1439966077475 0
13.100000000000001 485.1317141590929 0
13.0 485.11930771635156 0
12.9 485.1067761107328 0
12.8 485.0941181522105 0
12.7 485.0813326289454 0
12.6 485.06841830668697 0
12.5 485.0553739281536 0
12.4 485.04219821239064 0
12.3 485.0288898541053 0
12.2 485.0154475229765 0
12.1 485.00186986294005 0
12.0 484.9881554914464 0
11.899999999999999 484.97430299869114 0
11.799999999999999 484.9603109468159 0
11.700000000000001 484.94617786907907 0
11.600000000000001 484.93190226899407 0
11.5 484.9174826194347 0
11.4 484.9029173617048 0
11.3 484.8882049045718 0
11.200000000000001 484.873343623261 0
11.1 484.85833185840977 0
11.0 484.8431679149791 0
10.9 484.8278500611206 0
10.8 484.8123765269967 0
10.7 484.79674550355105 0
10.6 484.78095514122805 0
10.5 484.76500354863686 0
10.4 484.7488887911587 0
10.299999999999999 484.73260888949346 0
10.2 484.71616181814267 0
10.100000000000001 484.69954550382556 0
10.0 484.682757823824 0
9.9 484.6657966042531 0
9.8 484.64865961825313 0
9.700000000000001 484.63134458409746 0
9.6 484.61384916321344 0
9.5 484.59617095810944 0
9.4 484.57830751020424 0
9.3 484.5602562975513 0
9.2 484.5420147324534 0
9.1 484.52358015895993 0
9.0 484.50494985024 0
8.9 484.486121005824 0
8.799999999999999 484.4670907487051 0
8.7 484.4478561222926 0
8.6 484.42841408720636 0
8.5 484.4087615179037 0
8.4 484.388895199127 0
8.3 484.36881182216024 0
8.200000000000001 484.34850798088206 0
8.1 484.3279801676018 0
8.0 484.3072247686629 0
7.9 484.28623805979845 0
7.8 484.2650162012219 0
7.7 484.2435552324324 0
7.6 484.2218510667167 0
7.5 484.1998994853235 0
7.3999999999999995 484.17769613128786 0
7.3 484.15523650287787 0
7.199999999999999 484.13251594663683 0
7.1 484.1095296499882 0
7.000000000000001 484.08627263337047 0
6.9 484.0627397418648 0
6.800000000000001 484.038925636274 0
6.7 484.01482478360936 0
6.6000000000000005 483.9904314469358 0
6.5 483.96573967452207 0
6.4 483.9407432882365 0
6.3 483.9154358711238 0
6.2 483.88981075409083 0
6.1 483.86386100162156 0
6.0 483.83757939643397 0
5.8999999999999995 483.8109584229813 0
5.800000000000001 483.783990249689 0
5.7 483.7566667098075 0
5.6000000000000005 483.72897928074633 0
5.5 483.70091906173974 0
5.4 483.67247674967626 0
5.3 483.6436426129042 0
5.2 483.61440646280215 0
5.1 483.58475762287645 0
5.0 483.5546848951181 0
4.9 483.52417652331576 0
4.8 483.49322015298094 0
4.7 483.46180278749614 0
4.6 483.4299107400399 0
4.5 483.39752958078213 0
4.3999999999999995 483.36464407876787 0
4.3 483.3312381378208 0
4.2 483.2972947256977 0
4.1000000000000005 483.26279579560435 0
4.0 483.22772219904 0
3.9 483.1920535887723 0
3.8 483.15576831053914 0
3.6999999999999997 483.1188432818354 0
3.5999999999999996 483.0812538558493 0
3.5000000000000004 483.04297366826455 0
3.4000000000000004 483.00397446421175 0
3.3000000000000003 482.9642259021346 0
3.2 482.92369533069007 0
3.1 482.8823475340074 0
3.0 482.8401444396432 0
2.9000000000000004 482.7970447823294 0
2.8000000000000003 482.7530037150499 0
2.7 482.70797235699587 0
2.6 482.661897265409 0
2.5 482.61471981503695 0
2.4 482.56637546464594 0
2.3 482.516792884401 0
2.1999999999999997 482.46589291043114 0
2.1 482.4135872828103 0
2.0 482.35977710945144 0
1.9 482.304350979444 0
1.7999999999999998 482.24718262279606 0
1.7000000000000002 482.1881279757131 0
1.6 482.1270214557258 0
1.5 482.063671169962 0
1.4000000000000001 481.99785265748085 0
1.3 481.92930057716245 0
1.2 481.8576974512084 0
1.0999999999999999 481.78265807931984 0
1.0 481.70370739584 0
0.8999999999999999 481.620248045646 0
0.8 481.5315111622825 0
0.7000000000000001 481.4364783032372 0
0.6 481.3337507270588 0
0.5 481.22131474837073 0
0.4 481.0960798388855 0
0.3 480.9528435600022 0
0.2 480.7814620513882 0
0.1 480.5557470634342 0
0.0 480.0 0
0.1 479.4442529365658 0
0.2 479.2185379486118 0
0.3 479.0471564399978 0
0.4 478.9039201611145 0
0.5 478.77868525162927 0
0.6 478.6662492729412 0
0.7000000000000001 478.5635216967628 0
0.8 478.4684888377175 0
0.8999999999999999 478.379751954354 0
1.0 478.29629260416 0
1.0999999999999999 478.21734192068016 0
1.2 478.1423025487916 0
1.3 478.07069942283755 0
1.4000000000000001 478.00214734251915 0
1.5 477.936328830038 0
1.6 477.8729785442742 0
1.7000000000000002 477.8118720242869 0
1.7999999999999998 477.75281737720394 0
1.9 477.695649020556 0
2.0 477.64022289054856 0
2.1 477.5864127171897 0
2.1999999999999997 477.53410708956886 0
2.3 477.483207115599 0
2.4 477.43362453535406 0
2.5 477.38528018496305 0
2.6 477.338102734591 0
2.7 477.29202764300413 0
2.8000000000000003 477.2469962849501 0
2.9000000000000004 477.2029552176706 0
3.0 477.1598555603568 0
3.1 477.1176524659926 0
3.2 477.07630466930993 0
3.3000000000000003 477.0357740978654 0
3.4000000000000004 476.99602553578825 0
3.5000000000000004 476.95702633173545 0
3.5999999999999996 476.9187461441507 0
3.6999999999999997 476.8811567181646 0
3.8 476.84423168946086 0
3.9 476.8079464112277 0
4.0 476.77227780096 0
4.1000000000000005 476.73720420439565 0
4.2 476.7027052743023 0
4.3 476.6687618621792 0
4.3999999999999995 476.63535592123213 0
4.5 476.60247041921787 0
4.6 476.5700892599601 0
4.7 476.53819721250386 0
4.8 476.50677984701906 0
4.9 476.47582347668424 0
5.0 476.4453151048819 0
5.1 476.41524237712355 0
5.2 476.38559353719785 0
5.3 476.3563573870958 0
5.4 476.32752325032374 0
5.5 476.29908093826026 0
5.6000000000000005 476.27102071925367 0
5.7 476.2433332901925 0
5.800000000000001 476.216009750311 0
5.8999999999999995 476.1890415770187 0
6.0 476.16242060356603 0
6.1 476.13613899837844 0
6.2 476.11018924590917 0
6.3 476.0845641288762 0
6.4 476.0592567117635 0
6.5 476.03426032547793 0
6.6000000000000005 476.0095685530642 0
6.7 475.98517521639064 0
6.800000000000001 475.961074363726 0
6.9 475.9372602581352 0
7.000000000000001 475.91372736662953 0
7.1 475.8904703500118 0
7.199999999999999 475.86748405336317 0
7.3 475.84476349712213 0
7.3999999999999995 475.82230386871214 0
7.5 475.8001005146765 0
7.6 475.7781489332833 0
7.7 475.7564447675676 0
7.8 475.7349837987781 0
7.9 475.71376194020155 0
8.0 475.6927752313371 0
8.1 475.6720198323982 0
8.200000000000001 475.65149201911794 0
8.3 475.63118817783976 0
8.4 475.611104800873 0
8.5 475.5912384820963 0
8.6 475.57158591279364 0
8.7 475.5521438777074 0
8.799999999999999 475.5329092512949 0
8.9 475.513878994176 0
9.0 475.49505014976 0
9.1 475.47641984104007 0
9.2 475.4579852675466 0
9.3 475.4397437024487 0
9.4 475.42169248979576 0
9.5 475.40382904189056 0
9.6 475.38615083678656 0
9.700000000000001 475.36865541590254 0
9.8 475.35134038174687 0
9.9 475.3342033957469 0
10.0 475.317242176176 0
10.100000000000001 475.30045449617444 0
10.2 475.28383818185733 0
10.299999999999999 475.26739111050654 0
10.4 475.2511112088413 0
10.5 475.23499645136314 0
10.6 475.21904485877195 0
10.7 475.20325449644895 0
10.8 475.1876234730033 0
10.9 475.1721499388794 0
11.0 475.1568320850209 0
11.1 475.14166814159023 0
11.200000000000001 475.126656376739 0
11.3 475.1117950954282 0
11.4 475.0970826382952 0
11.5 475.0825173805653 0
11.600000000000001 475.06809773100593 0
11.700000000000001 475.05382213092093 0
11.799999999999999 475.0396890531841 0
11.899999999999999 475.02569700130886 0
12.0 475.0118445085536 0
12.1 474.99813013705995 0
12.2 474.9845524770235 0
12.3 474.9711101458947 0
12.4 474.95780178760936 0
12.5 474.9446260718464 0
12.6 474.93158169331303 0
12.7 474.9186673710546 0
12.8 474.9058818477895 0
12.9 474.8932238892672 0
13.0 474.88069228364844 0
13.100000000000001 474.8682858409071 0
13.200000000000001 474.8560033922525 0
13.3 474.84384378957117 0
13.4 474.8318059048878 0
13.5 474.81988862984406 0
13.600000000000001 474.80809087519486 0
13.700000000000001 474.7964115703209 0
13.8 474.7848496627579 0
13.900000000000002 474.7734041177404 0
14.000000000000002 474.7620739177609 0
14.099999999999998 474.75085806214264 0
14.2 474.73975556662634 0
14.299999999999999 474.72876546297016 0
14.399999999999999 474.7178867985616 0
14.499999999999998 474.707118636042 0
14.6 474.69646005294277 0
14.7 474.6859101413324 0
14.799999999999999 474.67546800747436 0
14.899999999999999 474.66513277149596 0
15.0 474.6549035670661 0
15.1 474.6447795410838 0
15.2 474.63475985337516 0
15.299999999999999 474.6248436763999 0
15.4 474.6150301949659 0
15.5 474.6053186059527 0
15.6 474.59570811804247 0
15.7 474.5861979514591 0
15.8 474.5767873377147 0
15.9 474.5674755193629 0
16.0 474.55826174976 0
16.1 474.54914529283167 0
16.2 474.54012542284715 0
16.3 474.53120142419937 0
16.400000000000002 474.5223725911908 0
16.5 474.51363822782577 0
16.6 474.5049976476079 0
16.7 474.49645017334353 0
16.8 474.48799513694985 0
16.900000000000002 474.4796318792686 0
17.0 474.4713597498847 0
17.1 474.46317810694944 0
17.2 474.4550863170085 0
17.299999999999997 474.4470837548344 0
17.4 474.43916980326327 0
17.5 474.43134385303597 0
17.599999999999998 474.4236053026432 0
17.7 474.41595355817435 0
17.8 474.40838803317064 0
17.9 474.40090814848173 0
18.0 474.39351333212574 0
18.099999999999998 474.38620301915296 0
18.2 474.3789766515133 0
18.3 474.37183367792613 0
18.4 474.3647735537542 0
18.5 474.35779574088014 0
18.6 474.35089970758605 0
18.7 474.34408492843613 0
18.8 474.3373508841621 0
18.9 474.3306970615511 0
19.0 474.32412295333665 0
19.1 474.3176280580919 0
19.2 474.3112118801255 0
19.3 474.30487392938 0
19.400000000000002 474.2986137213323 0
19.5 474.29243077689677 0
19.6 474.28632462233054 0
19.7 474.28029478914067 0
19.8 474.2743408139937 0
19.900000000000002 474.26846223862736 0
20.0 474.2626586097638 0
20.1 474.2569294790253 0
20.200000000000003 474.2512744028517 0
20.3 474.2456929424195 0
20.4 474.24018466356273 0
20.5 474.234749136696 0
20.599999999999998 474.22938593673865 0
20.7 474.224094643041 0
20.8 474.2188748393119 0
20.9 474.2137261135483 0
21.0 474.20864805796566 0
21.099999999999998 474.2036402689303 0
21.2 474.1987023468932 0
21.3 474.19383389632503 0
21.4 474.1890345256527 0
21.5 474.184303847197 0
21.6 474.1796414771119 0
21.7 474.1750470353249 0
21.8 474.1705201454784 0
21.9 474.16606043487286 0
22.0 474.1616675344105 0
22.1 474.1573410785408 0
22.2 474.15308070520615 0
22.3 474.1488860557898 0
22.400000000000002 474.1447567750639 0
22.5 474.1406925111391 0
22.6 474.1366929154148 0
22.7 474.1327576425309 0
22.8 474.1288863503199 0
22.900000000000002 474.1250786997602 0
23.0 474.1213343549307 0
23.1 474.11765298296564 0
23.200000000000003 474.11403425401056 0
23.3 474.1104778411795 0
23.400000000000002 474.10698342051234 0
23.5 474.10355067093354 0
23.599999999999998 474.10017927421137 0
23.7 474.0968689149179 0
23.799999999999997 474.09361928038993 0
23.9 474.0904300606908 0
24.0 474.0873009485721 0
24.099999999999998 474.08423163943723 0
24.2 474.08122183130484 0
24.3 474.0782712247733 0
24.4 474.07537952298554 0
24.5 474.072546431595 0
24.6 474.0697716587317 0
24.7 474.06705491496933 0
24.8 474.0643959132926 0
24.9 474.0617943690655 0
25.0 474.05925 0
25.1 474.05676252612506 0
25.2 474.05433166975666 0
25.3 474.05195715546813 0
25.4 474.04963871006083 0
25.5 474.0473760625359 0
25.6 474.0451689440656 0
25.7 474.04301708796623 0
25.8 474.0409202296706 0
25.900000000000002 474.03887810670153 0
26.0 474.0368904586458 0
26.1 474.0349570271281 0
26.200000000000003 474.0330775557858 0
26.3 474.03125179024426 0
26.400000000000002 474.02947947809224 0
26.5 474.02776036885786 0
26.6 474.0260942139851 0
26.700000000000003 474.02448076681037 0
26.8 474.0229197825398 0
26.900000000000002 474.02141101822696 0
27.0 474.0199542327504 0
27.1 474.0185491867923 0
27.200000000000003 474.0171956428169 0
27.3 474.01589336504964 0
27.400000000000002 474.0146421194565 0
27.500000000000004 474.01344167372343 0
27.6 474.01229179723697 0
27.700000000000003 474.01119226106397 0
27.800000000000004 474.01014283793245 0
27.900000000000002 474.00914330221286 0
28.000000000000004 474.00819342989905 0
28.1 474.00729299858995 0
28.199999999999996 474.00644178747143 0
28.299999999999997 474.0056395772986 0
28.4 474.004886150378 0
28.499999999999996 474.0041812905507 0
28.599999999999998 474.00352478317495 0
28.7 474.00291641510967 0
28.799999999999997 474.0023559746979 0
28.9 474.00184325175053 0
28.999999999999996 474.00137803753057 0
29.099999999999998 474.0009601247372 0
29.2 474.00058930749043 0
29.299999999999997 474.0002653813157 0
29.4 473.9999881431293 0
29.5 473.99975739122294 0
29.599999999999998 473.99957292525 0
29.7 473.9994345462104 0
29.799999999999997 473.99934205643723 0
29.9 473.99929525958237 0
30.0 473.999293960603 0
30.099999999999998 473.999337965748 0
30.2 473.9994270825449 0
30.3 473.9995611197867 0
30.4 473.9997398875187 0
30.5 473.9999631970263 0
30.599999999999998 474.0002308608222 0
30.7 474.0005426926341 0
30.8 474.0008985073926 0
30.9 474.0012981212192 0
31.0 474.0017413514146 0
31.1 474.00222801644696 0
31.2 474.00275793594056 0
31.3 474.00333093066445 0
31.4 474.00394682252124 0
31.5 474.00460543453636 0
31.6 474.00530659084706 0
31.7 474.0060501166918 0
31.8 474.00683583839987 0
31.900000000000002 474.00766358338075 0
32.0 474.0085331801143 0
32.1 474.00944445814025 0
32.2 474.01039724804866 0
32.300000000000004 474.01139138147 0
32.4 474.0124266910653 0
32.5 474.01350301051696 0
32.6 474.0146201745192 0
32.7 474.0157780187688 0
32.800000000000004 474.0169763799559 0
32.9 474.0182150957553 0
33.0 474.01949400481715 0
33.1 474.0208129467586 0
33.2 474.0221717621549 0
33.300000000000004 474.02357029253096 0
33.4 474.02500838035286 0
33.5 474.0264858690197 0
33.6 474.0280026028555 0
33.7 474.0295584271007 0
33.800000000000004 474.03115318790464 0
33.900000000000006 474.0327867323175 0
34.0 474.0344589082826 0
34.1 474.0361695646286 0
34.2 474.0379185510623 0
34.300000000000004 474.0397057181608 0
34.4 474.0415309173643 0
34.5 474.04339400096893 0
34.599999999999994 474.04529482211944 0
34.699999999999996 474.0472332348022 0
34.8 474.0492090938383 0
34.9 474.05122225487645 0
35.0 474.05327257438637 0
35.099999999999994 474.055359909652 0
35.199999999999996 474.0574841187649 0
35.3 474.05964506061764 0
35.4 474.06184259489754 0
35.5 474.06407658207996 0
35.6 474.06634688342234 0
35.699999999999996 474.0686533609577 0
35.8 474.07099587748866 0
35.9 474.07337429658156 0
36.0 474.07578848256 0
36.1 474.0782383004993 0
36.199999999999996 474.0807236162207 0
36.3 474.0832442962852 0
36.4 474.08580020798837 0
36.5 474.0883912193543 0
36.6 474.09101719913036 0
36.7 474.09367801678144 0
36.8 474.09637354248486 0
36.9 474.0991036471247 0
37.0 474.10186820228677 0
37.1 474.1046670802531 0
37.2 474.107500153997 0
37.3 474.11036729717813 0
37.4 474.1132683841369 0
37.5 474.1162032898901 0
37.6 474.11917189012564 0
37.7 474.1221740611977 0
37.8 474.1252096801222 0
37.9 474.12827862457175 0
38.0 474.13138077287107 0
38.1 474.1345160039924 0
38.2 474.137684197551 0
38.3 474.1408852338003 0
38.4 474.14411899362796 0
38.5 474.14738535855093 0
38.6 474.15068421071146 0
38.7 474.1540154328726 0
38.800000000000004 474.1573789084139 0
38.9 474.1607745213273 0
39.0 474.1642021562131 0
39.1 474.1676616982755 0
39.2 474.1711530333188 0
39.300000000000004 474.1746760477432 0
39.4 474.17823062854114 0
39.5 474.1818166632929 0
39.6 474.18543404016305 0
39.7 474.18908264789656 0
39.800000000000004 474.1927623758148 0
39.900000000000006 474.1964731138122 0
40.0 474.2002147523521 0
40.1 474.20398718246327 0
40.2 474.20779029573623 0
40.300000000000004 474.2116239843198 0
40.400000000000006 474.2154881409174 0
40.5 474.21938265878356 0
40.6 474.2233074317205 0
40.699999999999996 474.22726235407464 0
40.8 474.23124732073325 0
40.9 474.2352622271211 0
41.0 474.2393069691971 0
41.099999999999994 474.243381443451 0
41.199999999999996 474.24748554690024 0
41.3 474.2516191770866 0
41.4 474.2557822320731 0
41.5 474.2599746104409 0
41.6 474.26419621128616 0
41.699999999999996 474.2684469342168 0
41.8 474.2727266793497 0
41.9 474.2770353473077 0
42.0 474.28137283921626 0
42.1 474.28573905670095 0
42.199999999999996 474.29013390188436 0
42.3 474.29455727738315 0
42.4 474.2990090863052 0
42.5 474.303489232247 0
42.6 474.3079976192906 0
42.699999999999996 474.3125341520009 0
42.8 474.31709873542314 0
42.9 474.32169127507984 0
43.0 474.32631167696843 0
43.1 474.3309598475584 0
43.2 474.3356356937888 0
43.3 474.3403391230656 0
43.4 474.345070043259 0
43.5 474.3498283627013 0
43.6 474.35461399018385 0
43.7 474.35942683495483 0
43.8 474.3642668067169 0
43.9 474.3691338156246 0
44.0 474.3740277722818 0
44.1 474.37894858773967 0
44.2 474.3838961734941 0
44.3 474.3888704414834 0
44.4 474.39387130408585 0
44.5 474.3988986741177 0
44.6 474.4039524648306 0
44.7 474.40903258990954 0
44.800000000000004 474.41413896347063 0
44.9 474.4192715000588 0
45.0 474.42443011464565 0
45.1 474.42961472262726 0
45.2 474.43482523982226 0
45.300000000000004 474.44006158246935 0
45.4 474.4453236672257 0
45.5 474.45061141116423 0
45.6 474.4559247317722 0
45.7 474.4612635469488 0
45.800000000000004 474.46662777500325 0
45.9 474.4720173346528 0
46.0 474.47743214502066 0
46.1 474.4828721256343 0
46.2 474.48833719642323 0
46.300000000000004 474.49382727771723 0
46.400000000000006 474.49934229024456 0
46.5 474.5048821551297 0
46.6 474.51044679389196 0
46.7 474.5160361284434 0
46.800000000000004 474.5216500810868 0
46.9 474.5272885745144 0
47.0 474.53295153180557 0
47.099999999999994 474.53863887642535 0
47.199999999999996 474.5443505322226 0
47.3 474.55008642342824 0
47.4 474.55584647465344 0
47.5 474.56163061088824 0
47.599999999999994 474.5674387574995 0
47.699999999999996 474.5732708402294 0
47.8 474.5791267851937 0
47.9 474.5850065188802 0
48.0 474.59090996814723 0
48.1 474.5968370602215 0
48.199999999999996 474.60278772269714 0
48.3 474.6087618835338 0
48.4 474.6147594710551 0
48.5 474.6207804139471 0
48.6 474.62682464125686 0
48.699999999999996 474.6328920823907 0
48.8 474.63898266711294 0
48.9 474.64509632554416 0
49.0 474.65123298816 0
49.1 474.65739258578935 0
49.2 474.6635750496132 0
49.3 474.6697803111631 0
49.4 474.67600830231953 0
49.5 474.68225895531083 0
49.6 474.68853220271154 0
49.7 474.6948279774412 0
49.8 474.70114621276275 0
49.9 474.7074868422813 0
50.0 474.71384979994286 0
50.1 474.72023502003276 0
50.2 474.7266424371746 0
50.3 474.7330719863287 0
50.4 474.7395236027909 0
50.5 474.7459972221913 0
50.6 474.75249278049296 0
50.7 474.7590102139905 0
50.8 474.765549459309 0
50.9 474.77211045340266 0
51.0 474.77869313355376 0
51.1 474.78529743737107 0
51.2 474.791923302789 0
51.300000000000004 474.798570668066 0
51.4 474.805239471784 0
51.5 474.8119296528464 0
51.6 474.81864115047756 0
51.7 474.8253739042214 0
51.800000000000004 474.8321278539402 0
51.9 474.83890293981347 0
52.0 474.8456991023369 0
52.1 474.8525162823212 0
52.2 474.85935442089095 0
52.300000000000004 474.8662134594835 0
52.400000000000006 474.87309333984797 0
52.5 474.8799940040441 0
52.6 474.88691539444096 0
52.7 474.8938574537164 0
52.800000000000004 474.90082012485544 0
52.900000000000006 474.9078033511496 0
53.0 474.9148070761957 0
53.1 474.92183124389476 0
53.2 474.9288757984512 0
53.300000000000004 474.9359406843717 0
53.400000000000006 474.943025846464 0
53.5 474.9501312298364 0
53.6 474.9572567798963 0
53.7 474.96440244234924 0
53.800000000000004 474.9715681631984 0
53.900000000000006 474.9787538887431 0
54.0 474.9859595655781 0
54.1 474.99318514059274 0
54.2 475.0004305609697 0
54.300000000000004 475.00769577418424 0
54.400000000000006 475.0149807280035 0
54.50000000000001 475.0222853704851 0
54.6 475.0296096499767 0
54.7 475.0369535151147 0
54.800000000000004 475.0443169148237 0
54.900000000000006 475.05169979831544 0
55.00000000000001 475.0591021150878 0
55.1 475.06652381492415 0
55.2 475.0739648478925 0
55.300000000000004 475.08142516434435 0
55.400000000000006 475.0889047149142 0
55.50000000000001 475.09640345051827 0
55.60000000000001 475.10392132235427 0
55.7 475.1114582819 0
55.800000000000004 475.11901428091284 0
55.900000000000006 475.1265892714288 0
56.00000000000001 475.1341832057618 0
56.10000000000001 475.14179603650274 0
56.2 475.1494277165189 0
56.3 475.157078198953 0
56.39999999999999 475.16474743722233 0
56.49999999999999 475.1724353850183 0
56.599999999999994 475.18014199630517 0
56.699999999999996 475.1878672253199 0
56.8 475.1956110265709 0
56.89999999999999 475.20337335483737 0
56.99999999999999 475.2111541651687 0
57.099999999999994 475.21895341288365 0
57.199999999999996 475.2267710535696 0
57.3 475.2346070430819 0
57.4 475.2424613375429 0
57.49999999999999 475.2503338933416 0
57.599999999999994 475.25822466713254 0
57.699999999999996 475.2661336158355 0
57.8 475.2740606966345 0
57.9 475.2820058669771 0
57.99999999999999 475.289969084574 0
58.099999999999994 475.2979503073981 0
58.199999999999996 475.30594949368367 0
58.3 475.3139666019262 0
58.4 475.32200159088114 0
58.5 475.33005441956374 0
58.599999999999994 475.3381250472479 0
58.699999999999996 475.346213433466 0
58.8 475.3543195380079 0
58.9 475.3624433209205 0
59.0 475.3705847425069 0
59.099999999999994 475.3787437633259 0
59.199999999999996 475.3869203441914 0
59.3 475.39511444617176 0
59.4 475.4033260305891 0
59.5 475.41155505901867 0
59.599999999999994 475.4198014932884 0
59.699999999999996 475.42806529547806 0
59.8 475.4363464279189 0
59.9 475.4446448531929 0
60.0 475.4529605341322 0
60.099999999999994 475.4612934338186 0
60.199999999999996 475.46964351558273 0
60.3 475.47801074300384 0
60.4 475.48639507990885 0
60.5 475.49479649037215 0
60.6 475.5032149387146 0
60.699999999999996 475.5116503895035 0
60.8 475.5201028075514 0
60.9 475.52857215791613 0
61.0 475.53705840589987 0
61.1 475.54556151704884 0
61.199999999999996 475.55408145715256 0
61.3 475.56261819224346 0
61.4 475.5711716885962 0
61.5 475.57974191272734 0
61.6 475.58832883139456 0
61.7 475.5969324115965 0
61.8 475.6055526205718 0
61.9 475.6141894257989 0
62.0 475.62284279499534 0
62.1 475.63151269611757 0
62.2 475.6401990973599 0
62.3 475.64890196715464 0
62.4 475.65762127417105 0
62.5 475.6663569873151 0
62.6 475.67510907572915 0
62.7 475.683877508791 0
62.8 475.69266225611386 0
62.9 475.70146328754566 0
63.0 475.71028057316863 0
63.1 475.7191140832986 0
63.2 475.7279637884851 0
63.3 475.7368296595102 0
63.4 475.74571166738843 0
63.5 475.75460978336645 0
63.6 475.7635239789222 0
63.7 475.77245422576476 0
63.800000000000004 475.7814004958338 0
63.9 475.79036276129904 0
64.0 475.79934099456 0
64.1 475.80833516824543 0
64.2 475.8173452552129 0
64.3 475.8263712285483 0
64.4 475.83541306156553 0
64.5 475.844470727806 0
64.60000000000001 475.85354420103835 0
64.7 475.86263345525765 0
64.8 475.8717384646854 0
64.9 475.8808592037689 0
65.0 475.88999564718097 0
65.10000000000001 475.89914776981925 0
65.2 475.9083155468062 0
65.3 475.91749895348835 0
65.4 475.92669796543606 0
65.5 475.93591255844325 0
65.60000000000001 475.9451427085266 0
65.7 475.9543883919256 0
65.8 475.9636495851018 0
65.9 475.9729262647388 0
66.0 475.9822184077415 0
66.10000000000001 475.9915259912359 0
66.2 476.00084899256865 0
66.3 476.01018738930685 0
66.4 476.01954115923735 0
66.5 476.0289102803667 0
66.60000000000001 476.0382947309206 0
66.7 476.0476944893435 0
66.8 476.05710953429843 0
66.9 476.06653984466647 0
67.0 476.0759853995464 0
67.10000000000001 476.0854461782544 0
67.2 476.09492216032373 0
67.30000000000001 476.10441332550425 0
67.4 476.1139196537621 0
67.5 476.12344112527944 0
67.60000000000001 476.13297772045416 0
67.7 476.14252941989923 0
67.80000000000001 476.15209620444267 0
67.9 476.1616780551271 0
68.0 476.1712749532094 0
68.10000000000001 476.18088688016036 0
68.2 476.1905138176643 0
68.30000000000001 476.20015574761896 0
68.4 476.2098126521349 0
68.5 476.21948451353524 0
68.60000000000001 476.22917131435554 0
68.7 476.23887303734324 0
68.8 476.24858966545736 0
68.89999999999999 476.2583211818684 0
69.0 476.26806756995774 0
69.1 476.2778288133175 0
69.19999999999999 476.2876048957502 0
69.3 476.2973958012684 0
69.39999999999999 476.30720151409446 0
69.5 476.3170220186602 0
69.6 476.3268572996066 0
69.69999999999999 476.3367073417835 0
69.8 476.3465721302492 0
69.89999999999999 476.3564516502705 0
70.0 476.366345887322 0
70.1 476.37625482708586 0
70.19999999999999 476.38617845545184 0
70.3 476.3961167585167 0
70.39999999999999 476.40606972258405 0
70.5 476.41603733416383 0
70.6 476.4260195799725 0
70.7 476.4360164469322 0
70.8 476.4460279221709 0
70.89999999999999 476.4560539930219 0
71.0 476.4660946470236 0
71.1 476.47614987191935 0
71.2 476.4862196556569 0
71.3 476.49630398638834 0
71.39999999999999 476.5064028524698 0
71.5 476.5165162424612 0
71.6 476.52664414512583 0
71.7 476.53678654943036 0
71.8 476.54694344454424 0
71.89999999999999 476.5571148198397 0
72.0 476.56730066489143 0
72.1 476.5775009694762 0
72.2 476.58771572357284 0
72.3 476.59794491736164 0
72.39999999999999 476.60818854122454 0
72.5 476.6184465857444 0
72.6 476.62871904170504 0
72.7 476.6390059000911 0
72.8 476.6493071520875 0
72.89999999999999 476.6596227890792 0
73.0 476.6699528026513 0
73.1 476.68029718458854 0
73.2 476.69065592687485 0
73.3 476.7010290216936 0
73.4 476.71141646142706 0
73.5 476.72181823865617 0
73.6 476.73223434616034 0
73.7 476.7426647769173 0
73.8 476.7531095241027 0
73.9 476.76356858109 0
74.0 476.77404194145026 0
74.1 476.78452959895185 0
74.2 476.7950315475601 0
74.3 476.8055477814374 0
74.4 476.8160782949427 0
74.5 476.82662308263133 0
74.6 476.8371821392549 0
74.7 476.84775545976083 0
74.8 476.85834303929255 0
74.9 476.8689448731889 0
75.0 476.879560956984 0
75.1 476.8901912864071 0
75.2 476.9008358573825 0
75.3 476.9114946660289 0
75.4 476.9221677086597 0
75.5 476.93285498178244 0
75.6 476.9435564820988 0
75.7 476.9542722065043 0
75.8 476.96500215208795 0
75.9 476.97574631613236 0
76.0 476.9865046961133 0
76.1 476.9972772896996 0
76.2 477.00806409475285 0
76.3 477.0188651093273 0
76.4 477.0296803316697 0
76.5 477.04050976021887 0
76.6 477.0513533936058 0
76.7 477.06221123065325 0
76.8 477.07308327037555 0
76.9 477.0839695119787 0
77.0 477.0948699548597 0
77.10000000000001 477.1057845986067 0
77.2 477.11671344299884 0
77.3 477.12765648800575 0
77.4 477.1386137337878 0
77.5 477.14958518069534 0
77.60000000000001 477.1605708292691 0
77.7 477.1715706802397 0
77.8 477.18258473452744 0
77.9 477.1936129932423 0
78.0 477.2046554576836 0
78.10000000000001 477.21571212933975 0
78.2 477.22678300988844 0
78.3 477.237868101196 0
78.4 477.2489674053175 0
78.5 477.2600809244966 0
78.60000000000001 477.2712086611652 0
78.7 477.2823506179433 0
78.8 477.29350679763894 0
78.9 477.30467720324805 0
79.0 477.315861837954 0
79.10000000000001 477.3270607051278 0
79.2 477.3382738083277 0
79.3 477.34950115129897 0
79.4 477.360742737974 0
79.5 477.37199857247185 0
79.60000000000001 477.38326865909835 0
79.7 477.39455300234556 0
79.80000000000001 477.4058516068921 0
79.9 477.41716447760257 0
80.0 477.4284916195275 0
80.10000000000001 477.4398330379034 0
80.2 477.45118873815227 0
80.30000000000001 477.4625587258817 0
80.4 477.4739430068846 0
80.5 477.4853415871391 0
80.60000000000001 477.49675447280816 0
80.7 477.5081816702399 0
80.80000000000001 477.51962318596685 0
80.9 477.5310790267064 0
81.0 477.54254919936 0
81.10000000000001 477.5540337110137 0
81.2 477.5655325689374 0
81.3 477.5770457805851 0
81.39999999999999 477.5885733535945 0
81.5 477.60011529578696 0
81.6 477.6116716151675 0
81.69999999999999 477.62324231992426 0
81.8 477.63482741842876 0
81.89999999999999 477.6464269192355 0
82.0 477.658040831082 0
82.1 477.6696691628884 0
82.19999999999999 477.6813119237576 0
82.3 477.692969122975 0
82.39999999999999 477.7046407700082 0
82.5 477.71632687450716 0
82.6 477.7280274463039 0
82.69999999999999 477.73974249541226 0
82.8 477.751472032028 0
82.89999999999999 477.7632160665284 0
83.0 477.77497460947234 0
83.1 477.7867476716001 0
83.2 477.7985352638332 0
83.3 477.8103373972741 0
83.39999999999999 477.82215408320656 0
83.5 477.83398533309486 0
83.6 477.8458311585842 0
83.7 477.8576915715002 0
83.8 477.86956658384906 0
83.89999999999999 477.8814562078172 0
84.0 477.89336045577136 0
84.1 477.9052793402581 0
84.2 477.9172128740042 0
84.3 477.929161069916 0
84.39999999999999 477.9411239410796 0
84.5 477.9531015007607 0
84.6 477.9650937624043 0
84.7 477.97710073963486 0
84.8 477.98912244625586 0
84.89999999999999 478.0011588962499 0
85.0 478.0132101037785 0
85.1 478.0252760831819 0
85.2 478.03735684897913 0
85.3 478.0494524158678 0
85.39999999999999 478.06156279872386 0
85.5 478.0736880126016 0
85.6 478.08582807273353 0
85.7 478.0979829945303 0
85.8 478.11015279358037 0
85.9 478.12233748565023 0
86.0 478.13453708668396 0
86.1 478.14675161280326 0
86.2 478.15898108030746 0
86.3 478.17122550567314 0
86.4 478.1834849055541 0
86.5 478.19575929678155 0
86.6 478.2080486963634 0
86.7 478.2203531214848 0
86.8 478.2326725895075 0
86.9 478.24500711797003 0
87.0 478.25735672458757 0
87.1 478.26972142725174 0
87.2 478.2821012440304 0
87.3 478.29449619316796 0
87.4 478.30690629308475 0
87.5 478.3193315623773 0
87.6 478.33177201981783 0
87.7 478.34422768435473 0
87.8 478.356698575112 0
87.9 478.36918471138904 0
88.0 478.3816861126611 0
88.1 478.39420279857865 0
88.2 478.40673478896747 0
88.3 478.41928210382866 0
88.4 478.43184476333835 0
88.5 478.4444227878476 0
88.6 478.45701619788247 0
88.7 478.4696250141438 0
88.8 478.4822492575071 0
88.9 478.49488894902237 0
89.0 478.50754410991436 0
89.1 478.520214761582 0
89.2 478.5329009255986 0
89.3 478.5456026237116 0
89.4 478.5583198778427 0
89.5 478.5710527100873 0
89.60000000000001 478.58380114271506 0
89.7 478.5965651981692 0
89.8 478.60934489906674 0
89.9 478.62214026819834 0
90.0 478.63495132852813 0
90.10000000000001 478.6477781031937 0
90.2 478.66062061550593 0
90.3 478.673478888949 0
90.4 478.6863529471801 0
90.5 478.6992428140297 0
90.60000000000001 478.71214851350106 0
90.7 478.7250700697703 0
90.8 478.73800750718647 0
90.9 478.75096085027116 0
91.0 478.7639301237185 0
91.10000000000001 478.7769153523954 0
91.2 478.78991656134093 0
91.3 478.8029337757666 0
91.4 478.81596702105605 0
91.5 478.8290163227652 0
91.60000000000001 478.842081706622 0
91.7 478.8551631985263 0
91.8 478.86826082455 0
91.9 478.88137461093663 0
92.0 478.89450458410147 0
92.10000000000001 478.90765077063145 0
92.2 478.9208131972851 0
92.30000000000001 478.9339918909924 0
92.4 478.9471868788546 0
92.5 478.9603981881443 0
92.60000000000001 478.9736258463054 0
92.7 478.9868698809528 0
92.80000000000001 479.0001303198724 0
92.9 479.01340719102126 0
93.0 479.02670052252716 0
93.10000000000001 479.0400103426887 0
93.2 479.0533366799752 0
93.30000000000001 479.0666795630266 0
93.4 479.08003902065343 0
93.5 479.0934150818367 0
93.60000000000001 479.1068077757278 0
93.7 479.1202171316484 0
93.8 479.1336431790904 0
93.89999999999999 479.14708594771594 0
94.0 479.1605454673571 0
94.1 479.17402176801613 0
94.19999999999999 479.18751487986503 0
94.3 479.2010248332458 0
94.39999999999999 479.21455165867013 0
94.5 479.22809538681935 0
94.6 479.24165604854454 0
94.69999999999999 479.25523367486625 0
94.8 479.26882829697445 0
94.89999999999999 479.2824399462286 0
95.0 479.2960686541573 0
95.1 479.3097144524587 0
95.19999999999999 479.3233773729998 0
95.3 479.33705744781696 0
95.39999999999999 479.3507547091153 0
95.5 479.3644691892691 0
95.6 479.3782009208214 0
95.7 479.39194993648414 0
95.8 479.4057162691379 0
95.89999999999999 479.41949995183194 0
96.0 479.4333010177842 0
96.1 479.447119500381 0
96.2 479.4609554331772 0
96.3 479.47480884989614 0
96.39999999999999 479.48867978442917 0
96.5 479.50256827083615 0
96.6 479.51647434334507 0
96.7 479.53039803635187 0
96.8 479.54433938442065 0
96.89999999999999 479.55829842228354 0
97.0 479.5722751848404 0
97.1 479.5862697071591 0
97.2 479.60028202447506 0
97.3 479.61431217219155 0
97.39999999999999 479.6283601858795 0
97.5 479.6424261012773 0
97.6 479.6565099542908 0
97.7 479.6706117809935 0
97.8 479.684731617626 0
97.89999999999999 479.69886950059646 0
98.0 479.71302546647996 0
98.1 479.7271995520191 0
98.2 479.7413917941234 0
98.3 479.75560222986934 0
98.4 479.7698308965006 0
98.5 479.7840778314276 0
98.6 479.79834307222774 0
98.7 479.81262665664514 0
98.8 479.82692862259063 0
98.9 479.84124900814174 0
99.0 479.8555878515427 0
99.1 479.86994519120407 0
99.2 479.88432106570303 0
99.3 479.8987155137832 0
99.4 479.9131285743546 0
99.5 479.9275602864933 0
99.6 479.94201068944193 0
99.7 479.9564798226091 0
99.8 479.9709677255696 0
99.9 479.9854744380643 0
100.0 480.0 0
