100.0 120.0 0
99.9052106905897 120.0504606664252 0
99.81040207892805 120.10085866871356 0
99.71557420229826 120.15119409899239 0
99.62072709786099 120.20146704899513 0
99.52586080265485 120.25167761006115 0
99.43097535359642 120.30182587313548 0
99.33607078748088 120.35191192876862 0
99.2411471409821 120.40193586711626 0
99.1462044506531 120.45189777793917 0
99.05124275292627 120.50179775060289 0
98.95626208411377 120.55163587407746 0
98.8612624804078 120.60141223693732 0
98.76624397788095 120.651126927361 0
98.67120661248647 120.7007800331309 0
98.57615042005868 120.75037164163305 0
98.48107543631318 120.79990183985696 0
98.38598169684728 120.84937071439526 0
98.29086923714023 120.89877835144361 0
98.19573809255357 120.94812483680037 0
98.10058829833152 120.99741025586644 0
98.00541988960117 121.04663469364492 0
97.91023290137294 121.09579823474101 0
97.81502736854078 121.14490096336174 0
97.71980332588257 121.1939429633156 0
97.62456080806041 121.24292431801256 0
97.52929984962097 121.2918451104636 0
97.43402048499576 121.34070542328064 0
97.33872274850151 121.38950533867617 0
97.24340667434048 121.43824493846311 0
97.14807229660074 121.4869243040546 0
97.05271964925656 121.53554351646359 0
96.95734876616864 121.5841026563028 0
96.86195968108454 121.63260180378441 0
96.76655242763894 121.68104103871975 0
96.67112703935398 121.72942044051918 0
96.57568354963956 121.77774008819173 0
96.48022199179374 121.826000060345 0
96.38474239900295 121.87420043518475 0
96.28924480434239 121.9223412905148 0
96.19372924077635 121.97042270373672 0
96.09819574115852 122.01844475184959 0
96.00264433823233 122.06640751144981 0
95.90707506463121 122.11431105873072 0
95.81148795287906 122.16215546948251 0
95.71588303539039 122.20994081909193 0
95.6202603444708 122.25766718254192 0
95.5246199123172 122.30533463441157 0
95.42896177101822 122.35294324887568 0
95.33328595255448 122.40049309970466 0
95.23759248879894 122.44798426026416 0
95.14188141151719 122.49541680351491 0
95.04615275236785 122.54279080201245 0
94.95040654290283 122.5901063279068 0
94.85464281456764 122.63736345294231 0
94.75886159870184 122.68456224845733 0
94.66306292653923 122.73170278538406 0
94.5672468292082 122.77878513424814 0
94.47141333773217 122.82580936516854 0
94.37556248302978 122.87277554785722 0
94.27969429591529 122.91968375161888 0
94.18380880709888 122.96653404535077 0
94.087906047187 123.01332649754231 0
93.99198604668271 123.06006117627494 0
93.89604883598592 123.10673814922183 0
93.80009444539387 123.15335748364758 0
93.70412290510131 123.19991924640802 0
93.60813424520093 123.24642350394984 0
93.51212849568367 123.29287032231049 0
93.41610568643895 123.33925976711778 0
93.3200658472552 123.38559190358967 0
93.22400900781996 123.431866796534 0
93.1279351977204 123.4780845103482 0
93.03184444644354 123.52424510901903 0
92.93573678337663 123.57034865612242 0
92.83961223780743 123.61639521482294 0
92.74347083892461 123.66238484787385 0
92.64731261581802 123.70831761761656 0
92.55113759747908 123.75419358598054 0
92.45494581280104 123.80001281448295 0
92.35873729057936 123.84577536422839 0
92.26251205951205 123.89148129590865 0
92.16627014819994 123.93713066980241 0
92.0700115851471 123.98272354577495 0
91.97373639876109 124.02825998327789 0
91.87744461735335 124.07374004134898 0
91.78113626913952 124.11916377861166 0
91.68481138223973 124.16453125327496 0
91.588469984679 124.20984252313306 0
91.4921121043875 124.25509764556516 0
91.39573776920098 124.30029667753503 0
91.29934700686098 124.34543967559092 0
91.2029398450153 124.3905266958651 0
91.10651631121819 124.4355577940737 0
91.0100764329308 124.48053302551631 0
90.9136202375215 124.52545244507581 0
90.81714775226611 124.570316107218 0
90.72065900434836 124.61512406599138 0
90.6241540208602 124.65987637502673 0
90.52763282880203 124.70457308753697 0
90.43109545508318 124.74921425631682 0
90.33454192652218 124.79379993374246 0
90.23797226984703 124.83833017177129 0
90.14138651169569 124.88280502194154 0
90.04478467861627 124.92722453537215 0
89.94816679706743 124.97158876276231 0
89.85153289341874 125.01589775439122 0
89.75488299395091 125.06015156011782 0
89.65821712485631 125.10435022938044 0
89.56153531223912 125.14849381119653 0
89.46483758211576 125.19258235416234 0
89.36812396041522 125.23661590645263 0
89.27139447297941 125.28059451582033 0
89.17464914556345 125.32451822959634 0
89.07788800383601 125.36838709468906 0
88.98111107337975 125.41220115758422 0
88.88431837969152 125.45596046434451 0
88.78750994818276 125.49966506060927 0
88.69068580417986 125.54331499159422 0
88.5938459729245 125.58691030209107 0
88.4969904795739 125.63045103646728 0
88.40011934920125 125.67393723866573 0
88.30323260679606 125.71736895220437 0
88.20633027726441 125.76074622017593 0
88.10941238542938 125.8040690852476 0
88.01247895603133 125.84733758966074 0
87.91553001372829 125.89055177523048 0
87.81856558309623 125.93371168334546 0
87.72158568862946 125.97681735496751 0
87.62459035474099 126.01986883063127 0
87.52757960576277 126.06286615044397 0
87.43055346594613 126.10580935408498 0
87.3335119594621 126.14869848080555 0
87.2364551104017 126.19153356942851 0
87.13938294277635 126.23431465834784 0
87.04229548051818 126.27704178552843 0
86.94519274748032 126.31971498850572 0
86.8480747674374 126.36233430438536 0
86.75094156408565 126.40489976984287 0
86.65379316104351 126.44741142112326 0
86.55662958185177 126.48986929404086 0
86.45945084997399 126.53227342397876 0
86.36225698879684 126.5746238458886 0
86.26504802163049 126.61692059429018 0
86.16782397170883 126.65916370327118 0
86.07058486218995 126.70135320648676 0
85.97333071615637 126.74348913715917 0
85.8760615566155 126.7855715280775 0
85.77877740649987 126.8276004115973 0
85.68147828866755 126.86957581964019 0
85.58416422590246 126.91149778369356 0
85.48683524091473 126.95336633481016 0
85.38949135634105 126.9951815036078 0
85.292132594745 127.03694332026896 0
85.1947589786174 127.07865181454046 0
85.09737053037666 127.12030701573306 0
84.99996727236913 127.16190895272115 0
84.90254922686945 127.20345765394232 0
84.80511641608084 127.24495314739711 0
84.70766886213555 127.2863954606485 0
84.61020658709512 127.32778462082169 0
84.51272961295078 127.36912065460358 0
84.41523796162375 127.41040358824253 0
84.31773165496561 127.45163344754795 0
84.2202107147587 127.49281025788986 0
84.12267516271635 127.53393404419862 0
84.02512502048334 127.5750048309645 0
83.92756030963619 127.61602264223728 0
83.82998105168356 127.65698750162593 0
83.73238726806649 127.6978994322982 0
83.63477898015888 127.73875845698021 0
83.53715620926778 127.77956459795611 0
83.4395189766337 127.82031787706768 0
83.34186730343106 127.86101831571392 0
83.24420121076841 127.90166593485071 0
83.1465207196889 127.94226075499037 0
83.04882585117056 127.9828027962013 0
82.95111662612669 128.02329207810754 0
82.8533930654062 128.06372861988848 0
82.75565518979387 128.10411244027833 0
82.65790302001092 128.14444355756578 0
82.56013657671512 128.18472198959364 0
82.4623558805013 128.22494775375839 0
82.36456095190162 128.26512086700973 0
82.26675181138596 128.30524134585028 0
82.16892847936231 128.34530920633512 0
82.07109097617699 128.38532446407135 0
81.97323932211516 128.42528713421774 0
81.87537353740112 128.46519723148427 0
81.77749364219854 128.50505477013166 0
81.67959965661103 128.54485976397115 0
81.58169160068235 128.58461222636387 0
81.48376949439677 128.6243121702205 0
81.38583335767949 128.66395960800085 0
81.28788321039696 128.70355455171347 0
81.18991907235718 128.74309701291511 0
81.09194096331017 128.78258700271044 0
80.99394890294823 128.8220245317515 0
80.89594291090634 128.86140961023733 0
80.79792300676247 128.90074224791348 0
80.69988921003805 128.9400224540717 0
80.60184154019814 128.97925023754928 0
80.50378001665197 129.0184256067288 0
80.40570465875321 129.05754856953772 0
80.30761548580031 129.09661913344766 0
80.20951251703688 129.13563730547426 0
80.1113957716521 129.17460309217654 0
80.01326526878097 129.21351649965655 0
79.91512102750478 129.25237753355884 0
79.81696306685137 129.2911861990701 0
79.71879140579556 129.3299425009186 0
79.62060606325946 129.36864644337373 0
79.52240705811288 129.4072980302457 0
79.42419440917364 129.44589726488482 0
79.32596813520797 129.48444415018125 0
79.22772825493082 129.52293868856444 0
79.12947478700629 129.56138088200262 0
79.03120775004791 129.59977073200247 0
78.93292716261907 129.6381082396084 0
78.83463304323331 129.6763934054024 0
78.7363254103548 129.71462622950318 0
78.63800428239853 129.75280671156602 0
78.53966967773086 129.79093485078215 0
78.44132161466969 129.82901064587816 0
78.34296011148501 129.86703409511568 0
78.24458518639912 129.90500519629083 0
78.14619685758704 129.94292394673366 0
78.04779514317694 129.98079034330775 0
77.94938006125032 130.0186043824096 0
77.85095162984264 130.05636605996824 0
77.75250986694346 130.09407537144472 0
77.65405479049684 130.1317323118314 0
77.55558641840184 130.16933687565177 0
77.45710476851275 130.20688905695965 0
77.35860985863947 130.2443888493388 0
77.26010170654793 130.28183624590247 0
77.16158032996043 130.31923123929266 0
77.063045746556 130.35657382167986 0
76.96449797397075 130.39386398476233 0
76.86593702979827 130.43110171976562 0
76.76736293158997 130.46828701744212 0
76.66877569685549 130.50541986807042 0
76.57017534306297 130.5425002614548 0
76.47156188763957 130.5795281869247 0
76.37293534797166 130.61650363333425 0
76.27429574140534 130.65342658906158 0
76.17564308524675 130.69029704200835 0
76.07697739676237 130.7271149795992 0
75.97829869317953 130.76388038878127 0
75.87960699168666 130.8005932560234 0
75.78090230943371 130.83725356731586 0
75.68218466353251 130.8738613081696 0
75.58345407105716 130.91041646361577 0
75.48471054904438 130.9469190182051 0
75.38595411449384 130.98336895600738 0
75.28718478436865 131.01976626061077 0
75.18840257559559 131.05611091512142 0
75.08960750506557 131.09240290216266 0
74.990799589634 131.12864220387462 0
74.8919788461211 131.16482880191347 0
74.79314529131237 131.20096267745097 0
74.69429894195885 131.2370438111738 0
74.59543981477759 131.27307218328298 0
74.49656792645195 131.30904777349318 0
74.39768329363206 131.34497056103234 0
74.29878593293508 131.3808405246408 0
74.19987586094567 131.4166576425709 0
74.10095309421634 131.45242189258624 0
74.0020176492678 131.48813325196107 0
73.90306954258934 131.52379169747974 0
73.80410879063925 131.55939720543603 0
73.70513540984514 131.5949497516325 0
73.60614941660432 131.6304493113799 0
73.50715082728428 131.66589585949652 0
73.40813965822286 131.70128937030756 0
73.30911592572886 131.73662981764443 0
73.21007964608228 131.77191717484422 0
73.11103083553465 131.80715141474894 0
73.01196951030961 131.8423325097049 0
72.91289568660308 131.8774604315621 0
72.81380938058376 131.91253515167347 0
72.71471060839345 131.94755664089433 0
72.61559938614745 131.98252486958162 0
72.51647572993498 132.01743980759332 0
72.41733965581949 132.05230142428763 0
72.3181911798391 132.08710968852245 0
72.21903031800692 132.1218645686546 0
72.1198570863115 132.15656603253913 0
72.02067150071717 132.19121404752872 0
71.92147357716443 132.22580858047291 0
71.82226333157034 132.26034959771738 0
71.72304077982889 132.2948370651033 0
71.6238059378114 132.3292709479666 0
71.52455882136688 132.36365121113718 0
71.42529944632246 132.39797781893841 0
71.32602782848369 132.43225073518622 0
71.22674398363503 132.46646992318833 0
71.12744792754017 132.50063534574375 0
71.02813967594243 132.53474696514184 0
70.92881924456513 132.5688047431617 0
70.82948664911203 132.6028086410713 0
70.73014190526762 132.63675861962687 0
70.63078502869763 132.67065463907207 0
70.5314160350493 132.70449665913725 0
70.43203493995188 132.73828463903865 0
70.33264175901692 132.77201853747778 0
70.2332365078387 132.80569831264046 0
70.13381920199463 132.83932392219614 0
70.03438985704562 132.87289532329717 0
69.93494848853653 132.9064124725779 0
69.83549511199641 132.93987532615398 0
69.73602974293908 132.9732838396216 0
69.63655239686338 133.00663796805654 0
69.53706308925366 133.0399376660135 0
69.43756183558006 133.07318288752523 0
69.338048651299 133.10637358610185 0
69.2385235518536 133.1395097147298 0
69.13898655267391 133.1725912258712 0
69.03943766917749 133.20561807146294 0
68.93987691676966 133.2385902029159 0
68.84030431084402 133.27150757111406 0
68.74071986678271 133.30437012641372 0
68.64112359995698 133.33717781864257 0
68.54151552572738 133.36993059709894 0
68.4418956594443 133.4026284105508 0
68.34226401644834 133.435271207235 0
68.24262061207071 133.46785893485645 0
68.14296546163355 133.50039154058712 0
68.04329858045047 133.5328689710652 0
67.94361998382679 133.5652911723942 0
67.8439296870601 133.5976580901422 0
67.74422770544051 133.6299696693407 0
67.64451405425115 133.66222585448398 0
67.54478874876855 133.69442658952795 0
67.44505180426299 133.72657181788938 0
67.345303235999 133.75866148244504 0
67.24554305923566 133.79069552553054 0
67.14577128922706 133.82267388893962 0
67.04598794122269 133.85459651392316 0
66.94619303046782 133.88646334118815 0
66.846386572204 133.9182743108968 0
66.74656858166931 133.95002936266562 0
66.64673907409887 133.98172843556438 0
66.54689806472526 134.0133714681152 0
66.44704556877883 134.0449583982915 0
66.34718160148823 134.07648916351715 0
66.24730617808068 134.10796370066532 0
66.14741931378249 134.13938194605763 0
66.04752102381946 134.17074383546304 0
65.94761132341718 134.2020493040969 0
65.84769022780156 134.23329828661994 0
65.74775775219919 134.26449071713722 0
65.64781391183779 134.29562652919705 0
65.5478587219465 134.3267056557901 0
65.44789219775645 134.35772802934827 0
65.34791435450106 134.38869358174355 0
65.24792520741653 134.41960224428718 0
65.14792477174215 134.45045394772836 0
65.04791306272088 134.4812486222534 0
64.94789009559955 134.5119861974844 0
64.84785588562946 134.54266660247836 0
64.74781044806667 134.57328976572603 0
64.64775379817253 134.60385561515076 0
64.54768595121395 134.63436407810752 0
64.44760692246399 134.6648150813816 0
64.34751672720212 134.6952085511876 0
64.24741538071473 134.7255444131683 0
64.14730289829555 134.7558225923936 0
64.04717929524597 134.78604301335915 0
63.94704458687561 134.81620559998538 0
63.846898788502635 134.84631027561633 0
63.74674191545421 134.8763569630184 0
63.64657398306688 134.90634558437924 0
63.546395006687085 134.93627606130647 0
63.44620500167147 134.96614831482668 0
63.34600398338743 134.99596226538398 0
63.24579196721343 135.02571783283898 0
63.145568968539436 135.05541493646749 0
63.045335002767445 135.0850534949593 0
62.9450900853118 135.114633426417 0
62.844834231599634 135.14415464835457 0
62.744567457071376 135.17361707769635 0
62.644289777181086 135.20302063077568 0
62.5440012073969 135.23236522333352 0
62.443701763201545 135.26165077051735 0
62.34339146009265 135.29087718687978 0
62.243070313583225 135.3200443863773 0
62.14273833920213 135.3491522823689 0
62.04239555249447 135.3782007876148 0
61.94204196902202 135.40718981427514 0
61.84167760436367 135.43611927390864 0
61.741302474115855 135.46498907747122 0
61.640916593893024 135.4937991353147 0
61.540519979328025 135.52254935718534 0
61.44011264607256 135.55123965222253 0
61.33969460979763 135.57986992895752 0
61.23926588619397 135.60844009531175 0
61.138826490972484 135.63695005859566 0
61.038376439864685 135.66539972550726 0
60.93791574862312 135.69378900213061 0
60.83744443302187 135.7221177939345 0
60.7369625088569 135.7503860057708 0
60.63646999194656 135.7785935418733 0
60.53596689813205 135.80674030585604 0
60.43545324327779 135.83482620071177 0
60.33492904327192 135.86285112881075 0
60.23439431402675 135.89081499189888 0
60.13384907147915 135.9187176910965 0
60.033293331591054 135.94655912689672 0
59.9327271103499 135.97433919916386 0
59.83215042376905 136.00205780713202 0
59.73156328788826 136.0297148494034 0
59.63096571877412 136.05731022394679 0
59.530357732520535 136.08484382809598 0
59.42973934524911 136.11231555854826 0
59.3291105731097 136.1397253113626 0
59.22847143228076 136.16707298195826 0
59.12782193896988 136.194358465113 0
59.0271621094142 136.2215816549615 0
58.92649195988088 136.2487424449938 0
58.82581150666755 136.27584072805345 0
58.72512076610277 136.30287639633593 0
58.62441975454649 136.32984934138702 0
58.52370848839051 136.35675945410094 0
58.422986984058944 136.38360662471874 0
58.32225525800868 136.4103907428266 0
58.221513326729834 136.43711169735397 0
58.12076120674622 136.46376937657192 0
58.019998914615826 136.4903636680913 0
57.91922646693125 136.516894458861 0
57.8184438803202 136.54336163516612 0
57.71765117144596 136.56976508262616 0
57.6168483570078 136.59610468619317 0
57.51603545374152 136.62238033015 0
57.415212478419896 136.6485918981084 0
57.31437944785313 136.67473927300705 0
57.21353637888934 136.70082233710977 0
57.11268328841504 136.72684097200366 0
57.01182019335561 136.75279505859712 0
56.910947110675735 136.7786844771179 0
56.81006405737994 136.80450910711124 0
56.70917105051303 136.8302688274378 0
56.60826810716058 136.85596351627177 0
56.50735524444946 136.88159305109886 0
56.406432479548165 136.90715730871426 0
56.305499829667504 136.93265616522064 0
56.204557312060935 136.95808949602613 0
56.10360494402508 136.9834571758422 0
56.00264274290026 137.00875907868163 0
55.90167072607092 137.0339950778565 0
55.80068891096616 137.05916504597587 0
55.699697315060185 137.08426885494387 0
55.59869595587282 137.10930637595746 0
55.49768485097002 137.1342774795043 0
55.396664017964305 137.15918203536052 0
55.295633474515306 137.1840199125886 0
55.194593238330235 137.2087909795351 0
55.093543327164376 137.23349510382852 0
54.992483758821606 137.2581321523769 0
54.891414551154874 137.28270199136563 0
54.790335722066686 137.30720448625533 0
54.68924728950966 137.3316395017792 0
54.588149271486955 137.356006901941 0
54.48704168605283 137.38030655001256 0
54.38592455131314 137.40453830853147 0
54.28479788542578 137.42870203929866 0
54.18366170660133 137.452797603376 0
54.08251603310339 137.476824861084 0
53.981360883249216 137.5007836719991 0
53.8801962754102 137.52467389495152 0
53.77902222801234 137.54849538802256 0
53.67783875953683 137.57224800854215 0
53.5766458885205 137.59593161308638 0
53.47544363355639 137.6195460574749 0
53.37423201329419 137.64309119676838 0
53.273011046440864 137.66656688526587 0
53.17178075176112 137.68997297650222 0
53.0705411480779 137.71330932324548 0
52.96929225427296 137.73657577749424 0
52.86803408928734 137.7597721904748 0
52.76676667212197 137.7828984126387 0
52.66549002183809 137.80595429365985 0
52.56420415755788 137.82893968243184 0
52.46290909846494 137.851854427065 0
52.36160486380482 137.87469837488396 0
52.2602914728856 137.89747137242443 0
52.15896894507836 137.9201732654306 0
52.05763729981774 137.94280389885222 0
51.95629655660253 137.96536311684164 0
51.854946734996155 137.98785076275095 0
51.75358785462723 138.01026667912905 0
51.65221993519008 138.03261070771862 0
51.55084299644537 138.0548826894531 0
51.44945705822056 138.07708246445375 0
51.34806214041048 138.09920987202662 0
51.24665826297791 138.1212647506593 0
51.1452454459541 138.1432469380179 0
51.043823709439366 138.16515627094412 0
50.942393073603576 138.1869925854517 0
50.84095355868678 138.20875571672352 0
50.739505184999715 138.23044549910827 0
50.63804797292442 138.2520617661173 0
50.53658194291474 138.27360435042115 0
50.43510711549693 138.29507308384643 0
50.33362351127024 138.31646779737244 0
50.232131150907435 138.33778832112768 0
50.13063005515538 138.35903448438665 0
50.029120244835624 138.3802061155663 0
49.92760174084499 138.40130304222248 0
49.82607456415613 138.42232509104676 0
49.72453873581809 138.44327208786254 0
49.622994276956945 138.46414385762174 0
49.521441208776295 138.4849402244011 0
49.41987955255795 138.50566101139862 0
49.31830932966244 138.52630604092988 0
49.21673056152964 138.54687513442434 0
49.11514326967935 138.5673681124216 0
49.0135474757119 138.58778479456774 0
48.911943201308745 138.6081249996114 0
48.810330468233026 138.6283885454 0
48.70870929833022 138.64857524887597 0
48.60707971352873 138.6686849260727 0
48.50544173584046 138.68871739211068 0
48.40379538736146 138.70867246119354 0
48.30214069027252 138.72854994660406 0
48.20047766683976 138.7483496607 0
48.098806339415276 138.7680714149101 0
47.997126730437756 138.78771501973011 0
47.89543886243307 138.80728028471822 0
47.7937427580149 138.82676701849132 0
47.6920384398854 138.8461750287204 0
47.59032593083577 138.86550412212648 0
47.48860525374691 138.88475410447617 0
47.38687643159006 138.90392478057737 0
47.2851394874274 138.92301595427477 0
47.18339444441274 138.94202742844558 0
47.0816413257921 138.96095900499478 0
46.97988015490438 138.9798104848508 0
46.87811095518203 138.9985816679608 0
46.776333750151636 139.01727235328613 0
46.67454856343463 139.03588233879765 0
46.57275541874789 139.05441142147092 0
46.470954339904445 139.0728593972815 0
46.3691453508141 139.0912260612002 0
46.26732847548409 139.1095112071881 0
46.16550373801979 139.12771462819174 0
46.06367116262532 139.1458361161381 0
45.96183077360426 139.1638754619296 0
45.85998259536032 139.18183245543915 0
45.758126652397976 139.19970688550487 0
45.65626296932321 139.2174985399251 0
45.554391570844125 139.23520720545304 0
45.452512481771684 139.25283266779164 0
45.35062572702038 139.2703747115882 0
45.248731331608894 139.28783312042899 0
45.14682932066086 139.3052076768339 0
45.0449197194055 139.32249816225092 0
44.94300255317836 139.3397043570506 0
44.84107784742198 139.35682604052047 0
44.739145627686646 139.37386299085946 0
44.63720591963107 139.39081498517209 0
44.53525874902312 139.40768179946278 0
44.43330414174053 139.42446320863002 0
44.3313421237716 139.4411589864605 0
44.22937272121598 139.45776890562314 0
44.127395960285355 139.47429273766312 0
44.02541186730417 139.49073025299577 0
43.9234204687104 139.50708122090055 0
43.82142179105626 139.52334540951472 0
43.71941586100897 139.5395225858272 0
43.61740270535148 139.55561251567218 0
43.515382350983266 139.57161496372277 0
43.41335482492102 139.58752969348456 0
43.31132015429946 139.60335646728907 0
43.209278366372075 139.6190950462871 0
43.10722948851191 139.63474519044226 0
43.0051735482123 139.65030665852402 0
42.90311057308767 139.66577920810104 0
42.80104059087434 139.6811625955343 0
42.698963629431255 139.69645657597005 0
42.59687971674081 139.7116609033329 0
42.49478888090964 139.72677533031867 0
42.39269115016941 139.74179960838725 0
42.290586552877606 139.75673348775524 0
42.18847511751837 139.77157671738885 0
42.0863568727033 139.78632904499617 0
41.984231847172225 139.80099021701997 0
41.88210006979411 139.81555997863003 0
41.7799615695678 139.83003807371543 0
41.677816375622896 139.84442424487682 0
41.57566451722056 139.85871823341873 0
41.47350602375438 139.8729197793415 0
41.371340924751216 139.88702862133337 0
41.26916924987202 139.90104449676238 0
41.16699102891273 139.9149671416682 0
41.06480629180509 139.92879629075384 0
40.96261506861754 139.9425316773774 0
40.86041738955608 139.95617303354337 0
40.75821328496517 139.96972008989442 0
40.65600278532857 139.98317257570255 0
40.55378592127024 139.99653021886033 0
40.451562723555256 140.0097927458722 0
40.34933322309068 140.02295988184548 0
40.24709745092648 140.03603135048127 0
40.144855438256435 140.04900687406538 0
40.04260721641904 140.06188617345913 0
39.940352816898475 140.0746689680898 0
39.838092271325436 140.08735497594154 0
39.735825611478184 140.09994391354533 0
39.63355286928339 140.11243549596975 0
39.531274076817155 140.12482943681093 0
39.42898926630591 140.1371254481827 0
39.326698470127404 140.1493232407067 0
39.22440172081163 140.16142252350204 0
39.12209905104187 140.17342300417522 0
39.019790493655606 140.1853243888097 0
38.917476081645525 140.19712638195546 0
38.81515584816053 140.20882868661823 0
38.71282982650673 140.220431004249 0
38.61049805014843 140.23193303473295 0
38.508160552709164 140.24333447637855 0
38.4058173679727 140.2546350259064 0
38.303468529884114 140.26583437843806 0
38.20111407255073 140.2769322274845 0
38.09875403024328 140.28792826493472 0
37.99638843739686 140.29882218104405 0
37.89401732861206 140.30961366442227 0
37.791640738655964 140.32030240202178 0
37.68925870246328 140.33088807912546 0
37.586871255137396 140.34137037933434 0
37.48447843195149 140.35174898455534 0
37.38208026834957 140.36202357498874 0
37.27967679994767 140.37219382911536 0
37.17726806253493 140.38225942368382 0
37.07485409207467 140.3922200336975 0
36.9724349247056 140.4020753324014 0
36.87001059674292 140.4118249912688 0
36.76758114467949 140.42146867998767 0
36.66514660518697 140.43100606644722 0
36.56270701511699 140.4404368167239 0
36.46026241150238 140.4497605950674 0
36.35781283155828 140.45897706388658 0
36.255358312683406 140.46808588373506 0
36.15289889246122 140.4770867132966 0
36.05043460866115 140.4859792093705 0
35.94796549923986 140.49476302685662 0
35.8454916023424 140.50343781874034 0
35.74301295630357 140.51200323607722 0
35.6405295996491 140.5204589279775 0
35.53804157109691 140.52880454159046 0
35.435548909558484 140.53703972208854 0
35.33305165414005 140.5451641126512 0
35.23054984414395 140.5531773544487 0
35.128043519069955 140.56107908662548 0
35.02553271861655 140.56886894628352 0
34.92301748268232 140.5765465684654 0
34.82049785136724 140.5841115861371 0
34.71797386497414 140.59156363017067 0
34.61544556400993 140.59890232932642 0
34.512912989187136 140.6061273102354 0
34.410376181425214 140.613238197381 0
34.30783518185196 140.62023461308084 0
34.20529003180497 140.62711617746808 0
34.10274077283306 140.63388250847262 0
34.00018744669774 140.64053322180212 0
33.89763009537462 140.6470679309225 0
33.79506876105497 140.6534862470386 0
33.69250348614713 140.65978777907407 0
33.589934313278086 140.66597213365137 0
33.487361285294945 140.6720389150715 0
33.3847844452665 140.67798772529312 0
33.28220383648476 140.68381816391167 0
33.17961950246652 140.6895298281382 0
33.07703148695498 140.69512231277778 0
32.97443983392126 140.70059521020767 0
32.871844587566095 140.70594811035517 0
32.76924579232141 140.71118060067522 0
32.66664349285202 140.71629226612768 0
32.564037734057194 140.72128268915418 0
32.46142856107245 140.7261514496548 0
32.35881601927119 140.73089812496426 0
32.25620015426638 140.735522289828 0
32.15358101191237 140.74002351637768 0
32.05095863830657 140.74440137410642 0
31.948333079791237 140.7486554298439 0
31.845704382955258 140.7527852477306 0
31.743072594635986 140.75679038919228 0
31.640437761920996 140.76067041291358 0
31.53779993215002 140.76442487481165 0
31.435159152916704 140.768053328009 0
31.33251547207059 140.7715553228063 0
31.22986893771895 140.77493040665465 0
31.12721959822875 140.7781781241273 0
31.02456750222856 140.78129801689127 0
30.92191269861057 140.7842896236783 0
30.819255236532534 140.78715248025543 0
30.716595165419786 140.7898861193952 0
30.613932534967315 140.7924900708453 0
30.51126739514176 140.7949638612981 0
30.408599796183545 140.79730701435903 0
30.305929788608953 140.79951905051539 0
30.203257423212253 140.8015994871038 0
30.100582751067872 140.80354783827795 0
29.997905823532555 140.80536361497525 0
29.89522669224758 140.80704632488334 0
29.792545409140963 140.80859547240593 0
29.689862026429765 140.8100105586281 0
29.587176596622307 140.81129108128127 0
29.484489172520544 140.81243653470733 0
29.381799807222357 140.81344640982252 0
29.27910855412394 140.81432019408044 0
29.17641546692218 140.8150573714348 0
29.073720599617108 140.81565742230129 0
28.97102400651433 140.81611982351913 0
28.86832574222751 140.81644404831184 0
28.765625861680892 140.81662956624737 0
28.662924420111864 140.81667584319777 0
28.5602214730735 140.81658234129804 0
28.457517076437195 140.8163485189044 0
28.354811286395325 140.81597383055197 0
28.25210415946387 140.81545772691157 0
28.1493957524852 140.81479965474608 0
28.04668612263077 140.81399905686584 0
27.943975327403912 140.81305537208354 0
27.841263424642694 140.81196803516823 0
27.73855047252271 140.81073647679864 0
27.63583652956004 140.80936012351575 0
27.533121654614153 140.80783839767452 0
27.43040590689087 140.80617071739493 0
27.327689345945412 140.80435649651204 0
27.22497203168541 140.80239514452538 0
27.122254024374058 140.80028606654741 0
27.01953538463318 140.7980286632512 0
26.916816173446477 140.79562233081697 0
26.814096452162712 140.7930664608782 0
26.711376282498982 140.79036044046643 0
26.60865572654407 140.78750365195512 0
26.505934846761757 140.7844954730028 0
26.403213705994276 140.78133527649518 0
26.30049236746574 140.7780224304861 0
26.19777089478566 140.77455629813747 0
26.095049351952515 140.77093623765853 0
25.992327803357345 140.76716160224356 0
25.88960631378743 140.76323174000873 0
25.786884948429982 140.75914599392803 0
25.684163772875955 140.75490370176763 0
25.581442853123836 140.75050419601948 0
25.47872225558354 140.74594680383356 0
25.376002047080355 140.74123084694895 0
25.273282294858944 140.73635564162353 0
25.170563066587405 140.7313204985628 0
25.06784443036139 140.72612472284686 0
24.965126454708304 140.72076761385665 0
24.862409208591533 140.71524846519833 0
24.75969276141479 140.7095665646267 0
24.656977183026473 140.7037211939669 0
24.55426254372414 140.697711629035 0
24.451548914259007 140.6915371395567 0
24.34883636584057 140.68519698908477 0
24.24612497014124 140.67869043491515 0
24.143414799301116 140.67201672800104 0
24.04070592593278 140.6651751128657 0
23.93799842312621 140.6581648275135 0
23.835292364453732 140.65098510333917 0
23.732587823975116 140.64363516503562 0
23.629884876242667 140.63611423049974 0
23.527183596306493 140.62842151073642 0
23.424484059719788 140.62055620976088 0
23.32178634254425 140.61251752449888 0
23.219090521355568 140.60430464468527 0
23.116396673249 140.59591675276025 0
23.013704875845058 140.58735302376382 0
22.911015207295286 140.57861262522817 0
22.80832774628814 140.56969471706768 0
22.705642572054956 140.56059845146706 0
22.60295976437603 140.551322972767 0
22.50027940358682 140.5418674173478 0
22.39760157058424 140.53223091351026 0
22.294926346833048 140.52241258135462 0
22.192253814372396 140.51241153265673 0
22.08958405582246 140.50222687074177 0
21.986917154391193 140.49185769035537 0
21.884253193881207 140.4813030775323 0
21.78159225869679 140.47056210946192 0
21.67893443385103 140.45963385435147 0
21.57627980497308 140.44851737128602 0
21.473628458315577 140.43721171008576 0
21.370980480762157 140.42571591116015 0
21.26833595983515 140.41402900535897 0
21.165694983703403 140.40215001382037 0
21.063057641190255 140.39007794781546 0
20.96042402178165 140.37781180858968 0
20.85779421563444 140.36535058720085 0
20.755168313584797 140.35269326435335 0
20.652546407156855 140.33983881022914 0
20.549928588571454 140.3267861843148 0
20.44731495075509 140.31353433522486 0
20.344705587349047 140.3000822005211 0
20.242100592718693 140.2864287065281 0
20.139500061962973 140.2725727681444 0
20.036904090924082 140.25851328864965 0
19.934312776197352 140.24424915950712 0
19.83172621514132 140.22977926016208 0
19.72914450588802 140.2151024578354 0
19.626567747353455 140.20021760731242 0
19.523996039248342 140.18512355072704 0
19.42142948208903 140.16981911734072 0
19.318868177208664 140.15430312331642 0
19.216312226768586 140.13857437148738 0
19.113761733769987 140.12263165112006 0
19.011216802065785 140.10647373767202 0
18.908677536372785 140.09009939254364 0
18.80614404228407 140.0735073628242 0
18.703616426281705 140.05669638103154 0
18.60109479574967 140.0396651648459 0
18.47263255011056 140.02233401825725 0
18.324296702513404 140.00433569085627 0
18.176085124840245 139.98562303717569 0
18.028001646347207 139.96619538607578 0
17.880050105254007 139.94605208222376 0
17.73223434847812 139.92519248581334 0
17.584558231375034 139.90361597227076 0
17.437025617484913 139.88132193194662 0
17.28964037828603 139.85830976979412 0
17.142406392955266 139.83457890503257 0
16.995327548136093 139.81012877079704 0
16.84840773771431 139.7849588137729 0
16.701650862601962 139.7590684938164 0
16.55506083052974 139.73245728355948 0
16.40864155584831 139.7051246680004 0
16.26239695933883 139.67707014407839 0
16.11633096803314 139.64829322023326 0
15.97044751504395 139.61879341594945 0
15.824750539405432 139.5885702612838 0
15.679243985924579 139.55762329637773 0
15.5339318050438 139.52595207095297 0
15.388817952715076 139.49355614379064 0
15.243906390286178 139.46043508219398 0
15.099201084399269 139.42658846143365 0
14.954706006902423 139.3920158641762 0
14.81042513477442 139.35671687989472 0
14.666362450063286 139.32069110426207 0
14.522521939839075 139.28393813852554 0
14.378907596161275 139.24645758886373 0
14.235523416061385 139.20824906572426 0
14.092373401541108 139.16931218314255 0
13.949461559586668 139.12964655804154 0
13.806791902199752 139.0892518095112 0
13.66436844644561 139.04812755806836 0
13.522195214518812 139.00627342489537 0
13.380276233827262 138.96368903105866 0
13.238615537094958 138.92037399670502 0
13.097217162484151 138.87632794023662 0
12.95608515373743 138.83155047746314 0
12.815223560340366 138.78604122073153 0
12.674636437705383 138.7397997780317 0
12.534327847377405 138.69282575207865 0
12.394301857262061 138.64511873936965 0
12.254562541877041 138.59667832921616 0
12.115113982627397 138.54750410274983 0
11.975960268105453 138.4975956319017 0
11.837105494416125 138.44695247835392 0
11.698553765528462 138.39557419246324 0
11.560309193654186 138.34346031215526 0
11.422375899654094 138.29061036178882 0
11.284758013473226 138.23702385098923 0
11.14745967460572 138.1827002734497 0
11.010485032590259 138.12763910569961 0
10.873838247537195 138.0718398058388 0
10.737523490688309 138.01530181223632 0
10.60154494501034 137.9580245421929 0
10.465906805823403 137.9000073905654 0
10.330613281465455 137.84124972835207 0
10.195668593994107 137.78175090123688 0
10.061076979927 137.72151022809206 0
9.926842691022166 137.66052699943626 0
9.792969995099755 137.59880047584724 0
9.659463176906627 137.53632988632725 0
9.526326539025392 137.47311442661865 0
9.393564402829524 137.40915325746843 0
9.261181109486252 137.34444550283877 0
9.129181021009098 137.27899024806177 0
8.997568521361925 137.21278653793598 0
8.866348017616524 137.14583337476154 0
8.735523941165846 137.07812971631196 0
8.605100748995149 137.0096744737391 0
8.475082925013366 136.94046650940842 0
8.345474981447214 136.8705046346615 0
8.216281460300674 136.79978760750177 0
8.087506934882587 136.72831413020037 0
7.959156011405353 136.65608284681784 0
7.831233330657807 136.5830923406378 0
7.703743569755551 136.50934113150782 0
7.5766914439722886 136.4348276730832 0
7.450081708655784 136.35955034996837 0
7.323919161232434 136.2835074747508 0
7.198208643304574 136.20669728492155 0
7.072955042844961 136.12911793967686 0
6.948163296493129 136.0507675165938 0
6.823838391958609 135.9716440081736 0
6.69998537053634 135.89174531824537 0
6.576609329739947 135.81106925822206 0
6.453715426058879 135.72961354320074 0
6.331308877845901 135.64737578789826 0
6.209394968341739 135.56435350241262 0
6.087979048844273 135.48054408780035 0
5.967066542030044 135.39594483145854 0
5.846662945436483 135.31055290230034 0
5.726773835113817 135.22436534571128 0
5.607404869456205 135.13737907827323 0
5.488561793222402 135.04959088224157 0
5.3702504417569505 134.96099739976037 0
5.2524767454237 134.87159512679898 0
5.13524673426436 134.78138040679235 0
5.018566542895684 134.69034942396607 0
4.902442415659969 134.59849819632566 0
4.786880712044617 134.50582256828764 0
4.671887912387775 134.4123182029291 0
4.5574706238883556 134.3179805738295 0
4.443635586940209 134.2228049564771 0
4.330389681811802 134.1267864192102 0
4.217739935694459 134.02991981366011 0
4.105693530144187 133.93219976466105 0
3.9942578089440612 133.83362065958846 0
3.8834402864165565 133.73417663708452 0
3.7732486562176213 133.63386157512556 0
3.6636908006470326 133.53266907838247 0
3.5547748005127064 133.43059246482056 0
3.446508945589797 133.327624751481 0
3.3389017457193 133.22375863938024 0
3.2319619425947557 133.11898649745757 0
3.1256985222902935 133.01330034549608 0
3.020120728588184 132.90669183593278 0
2.915238077169619 132.79915223446739 0
2.8110603707385806 132.69067239937002 0
2.7075977151555852 132.5812427593771 0
2.6048605366656172 132.4708532900552 0
2.502859600313238 132.35949348849888 0
2.4016060296473114 132.24715234621556 0
2.301111327828521 132.13381832003398 0
2.201387400264909 132.0194793008567 0
2.1024465789141384 131.90412258005514 0
2.0043016484064196 131.78773481328653 0
1.9069658741592728 131.6703019814832 0
1.8104530326747352 131.55180934873982 0
1.714777444231666 131.43224141678945 0
1.6199540082109136 131.31158187572325 0
1.5259982413196018 131.18981355056684 0
1.4329263190133925 131.06691834327864 0
1.340755120452871 130.94287716967992 0
1.2495022773729139 130.8176698907638 0
1.1591862272930937 130.69127523775822 0
1.0698262715538143 130.56367073023333 0
0.9814426387284768 130.43483258644738 0
0.8940565540379086 130.30473562501288 0
0.807690315481719 130.17335315683334 0
0.7223673775043891 130.04065686610784 0
0.6381124431346329 129.90661667902197 0
0.5549515656783757 129.7712006185319 0
0.4729122612128919 129.63437464340052 0
0.39202363332747414 129.4961024693482 0
0.31231651179093534 129.35634536983187 0
0.23382360710656816 129.2150619535462 0
0.15657968325086535 129.0722079152389 0
0.08062175129631144 128.92773575582697 0
0.005989287106908381 128.78159446706968 0
-0.06727552311145274 128.63372917516165 0
-0.13912750489884496 128.48408073652195 0
-0.20951817987022378 128.33258527771466 0
-0.2783954057883793 128.179173669781 0
-0.3457029645165949 128.0237709252001 0
-0.4113800882756969 127.8662955031138 0
-0.47536091247414003 127.70665850519126 0
-0.5375738406423938 127.54476274036753 0
-0.5979408035000179 127.38050163138344 0
-0.6563763896628473 127.2137579291965 0
-0.7127868196094886 127.04440219239135 0
-0.7670687267820432 126.87229097694403 0
-0.8191076994025277 126.69726466602567 0
-0.8687765227481242 126.51914484844171 0
-0.9159330427933623 126.33773112556415 0
-0.9604175461448101 126.15279718692136 0
-1.0020495148222441 125.96408593898067 0
-1.0406235627003835 125.77130339242677 0
-1.0759042855086869 125.5741108983777 0
-1.1076196456635237 125.37211515416696 0
-1.1354523462533965 125.16485514272391 0
-1.1590283902881358 124.9517847722483 0
-1.177901610790831 124.73224935036637 0
-1.1915322837452156 124.50545298790774 0
-1.1992567900983004 124.27041225770944 0
-1.20024326018874 124.02588829018102 0
-1.1934243443244001 123.77028361948678 0
-1.1773907566088277 123.50147847171637 0
-1.150213293453178 123.21655643312592 0
-1.1091238762929663 122.91131168853175 0
-1.0498887150551424 122.57927834003581 0
-0.9654059959888224 122.20955366282448 0
-0.8418791572645344 121.78084327787283 0
-0.6438293926839387 121.23807599417793 0
0.0 120.0 0
0.8438293926839386 118.88892197595818 0
1.2418791572645345 118.47246642831583 0
1.5654059959888227 118.16938154533312 0
1.8498887150551424 117.92459613600717 0
2.1091238762929665 117.71681582131302 0
2.350213293453178 117.53513787643705 0
2.5773907566088274 117.3730964034812 0
2.7934243443244 117.22648558726182 0
3.0002432601887397 117.09238901403504 0
3.1992567900983 116.96868690989047 0
3.3915322837452155 116.85378180899242 0
3.577901610790831 116.7464348417505 0
3.7590283902881354 116.64566258100167 0
3.9354523462533963 116.55066913757558 0
4.107619645663524 116.46079981909847 0
4.2759042855086875 116.37550853377007 0
4.440623562700384 116.29433426451978 0
4.6020495148222444 116.21688370868105 0
4.76041754614481 116.14281821737195 0
4.915933042793362 116.07184380127718 0
5.0687765227481245 116.00370336686404 0
5.219107699402527 115.93817060366094 0
5.367068726782042 115.87504511303982 0
5.512786819609489 115.81414848380618 0
5.656376389662848 115.75532109913112 0
5.797940803500018 115.69841951499068 0
5.9375738406423935 115.64331428996952 0
6.07536091247414 115.58988817502512 0
6.211380088275698 115.53803459289833 0
6.345702964516595 115.48765635252418 0
6.478395405788379 115.43866455557188 0
6.609518179870225 115.39097766118321 0
6.739127504898845 115.34452068183734 0
6.867275523111453 115.29922448857545 0
6.994010712893092 115.25502520796167 0
7.119378248703688 115.21186369641502 0
7.243420316749134 115.16968508013018 0
7.366176392893431 115.12843835086633 0
7.487683488209066 115.0880760095406 0
7.607976366672525 115.04855375090058 0
7.727087738787109 115.00983018364097 0
7.845048434321625 114.97186658121873 0
7.961887556865365 114.93462665935427 0
8.07763262249561 114.89807637681035 0
8.192309684518282 114.86218375654325 0
8.305943445962091 114.8269187247385 0
8.418557361271523 114.79225296559525 0
8.530173728446186 114.75815979001693 0
8.640813772706906 114.72461401661609 0
8.750497722627088 114.69159186365098 0
8.859244879547129 114.65907085069176 0
8.967073680986607 114.62702970896632 0
9.074001758680398 114.59544829946785 0
9.180045991789086 114.56430753801757 0
9.285222555768334 114.5335893265739 0
9.389546967325266 114.5032764901625 0
9.493034125840726 114.47335271887451 0
9.595698351593581 114.44380251444295 0
9.69755342108586 114.41461114096255 0
9.79861259973509 114.38576457936566 0
9.89888867217148 114.35724948530937 0
9.998393970352689 114.32905315016527 0
10.097140399686761 114.30116346483578 0
10.195139463334382 114.27356888614976 0
10.292402284844416 114.24625840561455 0
10.38893962926142 114.21922152032477 0
10.484761922830382 114.19244820584693 0
10.579879271411817 114.16592889091748 0
10.674301477709708 114.13965443380653 0
10.768038057405246 114.11361610021382 0
10.861098254280698 114.08780554257635 0
10.953491054410202 114.06221478067717 0
11.045225199487293 114.03683618345565 0
11.136309199352967 114.01166245192817 0
11.226751343782379 113.98668660313592 0
11.316559713583443 113.96190195504424 0
11.40574219105594 113.93730211232399 0
11.494306469855815 113.91288095295148 0
11.582260064305542 113.88863261556892 0
11.669610318188198 113.86455148755178 0
11.756364413059792 113.84063219373424 0
11.842529376111646 113.8168695857476 0
11.928112087612226 113.79325873193015 0
12.013119287955384 113.76979490777019 0
12.097557584340032 113.74647358684719 0
12.181433457104315 113.72329043223819 0
12.264753265735639 113.70024128835976 0
12.347523254576299 113.67732217321736 0
12.42974955824305 113.65452927103664 0
12.511438206777598 113.63185892525252 0
12.592595130543794 113.60930763183437 0
12.673226164886184 113.58687203292624 0
12.753337054563518 113.5645489107835 0
12.832933457969956 113.54233518198804 0
12.912020951155728 113.52022789192539 0
12.990605031658262 113.49822420950869 0
13.0686911221541 113.47632142213504 0
13.146284573941122 113.45451693086095 0
13.223390670260054 113.43280824578444 0
13.30001462946366 113.41119298162238 0
13.376161608041393 113.3896688534718 0
13.45183670350687 113.36823367274569 0
13.527044957155038 113.34688534327309 0
13.601791356695426 113.32562185755528 0
13.676080838767565 113.30444129316935 0
13.749918291344216 113.2833418093115 0
13.82330855602771 113.26232164347282 0
13.89625643024445 113.24137910824075 0
13.968766669342191 113.22051258821975 0
14.040843988594649 113.19972053706509 0
14.112493065117413 113.17900147462436 0
14.183718539699328 113.15835398418116 0
14.254525018552785 113.13777670979606 0
14.324917074986635 113.11726835374019 0
14.39489925100485 113.09682767401699 0
14.464476058834155 113.07645348196799 0
14.533651982383478 113.0561446399587 0
14.602431478638072 113.03590005914097 0
14.670818978990901 113.0157186972883 0
14.73881889051375 112.99559955670087 0
14.806435597170475 112.97554168217715 0
14.873673460974606 112.95554415904928 0
14.940536823093373 112.93560611127948 0
15.007030004900246 112.91572669961468 0
15.073157308977834 112.8959051197973 0
15.138923020073 112.87614060082952 0
15.204331406005894 112.85643240328915 0
15.269386718534545 112.83677981769483 0
15.334093194176598 112.81718216291874 0
15.39845505498966 112.79763878464495 0
15.462476509311692 112.77814905387164 0
15.526161752462809 112.75871236545568 0
15.589514967409743 112.7393281366978 0
15.652540325394282 112.71999580596707 0
15.715241986526774 112.70071483136331 0
15.777624100345907 112.68148468941591 0
15.839690806345816 112.66230487381806 0
15.901446234471539 112.6431748941951 0
15.962894505583877 112.62409427490583 0
16.02403973189455 112.6050625538759 0
16.0848860173726 112.58607928146203 0
16.145437458122956 112.56714401934639 0
16.205698142737937 112.54825633945998 0
16.265672152622592 112.52941582293448 0
16.325363562294616 112.51062205908136 0
16.384776439659632 112.49187464439787 0
16.44391484626257 112.473173181599 0
16.50278283751585 112.4545172786747 0
16.56138446290504 112.43590654797185 0
16.619723766172736 112.41734060530023 0
16.677804785481186 112.39881906906191 0
16.735631553554388 112.38034155940377 0
16.793208097800246 112.36190769739214 0
16.85053844041333 112.3435171042095 0
16.90762659845889 112.32516940037256 0
16.964476583938616 112.30686420497135 0
17.021092403838725 112.28860113492875 0
17.077478060160924 112.27037980428027 0
17.133637549936715 112.25219982347349 0
17.18957486522558 112.23406079868698 0
17.245293993097576 112.21596233116809 0
17.300798915600733 112.1979040165896 0
17.356093609713824 112.17988544442466 0
17.411182047284925 112.1619061973398 0
17.466068194956204 112.14396585060571 0
17.520756014075424 112.12606397152558 0
17.57524946059457 112.10820011888057 0
17.62955248495605 112.0903738423924 0
17.683669031966865 112.07258468220246 0
17.737603040661174 112.05483216836765 0
17.79135844415169 112.03711582037235 0
17.84493916947026 112.01943514665638 0
17.898349137398036 112.00178964415903 0
17.951592262285686 111.98417879787847 0
18.004672451863904 111.96660208044675 0
18.05759360704473 111.94905895171998 0
18.110359621713968 111.93154885838366 0
18.162974382515085 111.91407123357277 0
18.215441768624963 111.89662549650669 0
18.267765651521877 111.87921105213854 0
18.319949894745992 111.86182729081901 0
18.371998353652792 111.84447358797426 0
18.423914875159756 111.82714930379807 0
18.475703297486596 111.80985378295759 0
18.52736744988944 111.79258635431316 0
18.59890520425033 111.77536140365234 0
18.696383573718293 111.75829688139437 0
18.79385595771593 111.74141696876043 0
18.891322463627215 111.72472038343072 0
18.988783197934215 111.70820585792315 0
19.086238266230012 111.69187213932693 0
19.183687773231416 111.67571798904248 0
19.281131822791338 111.65974218252734 0
19.37857051791097 111.64394350904801 0
19.476003960751658 111.62832077143769 0
19.573432252646548 111.61287278585934 0
19.670855494111983 111.59759838157444 0
19.768273784858682 111.58249640071688 0
19.86568722380265 111.567565698072 0
19.96309590907592 111.55280514086066 0
20.06049993803703 111.53821360852812 0
20.15789940728131 111.52378999253773 0
20.255294412650958 111.50953319616906 0
20.352685049244908 111.49544213432068 0
20.450071411428546 111.48151573331712 0
20.547453592843144 111.46775293072024 0
20.644831686415202 111.45415267514451 0
20.74220578436556 111.44071392607654 0
20.839575978218345 111.42743565369827 0
20.936942358809745 111.41431683871411 0
21.034305016296596 111.40135647218185 0
21.13166404016485 111.38855355534693 0
21.229019519237845 111.37590709948049 0
21.326371541684424 111.36341612572065 0
21.423720195026917 111.35107966491721 0
21.52106556614897 111.33889675747962 0
21.61840774130321 111.32686645322806 0
21.71574680611879 111.31498781124762 0
21.813082845608804 111.30325989974551 0
21.91041594417754 111.29168179591116 0
22.007746185627607 111.28025258577924 0
22.105073653166954 111.26897136409546 0
22.202398429415762 111.25783723418498 0
22.29972059641318 111.24684930782361 0
22.397040235623972 111.23600670511162 0
22.494357427945047 111.22530855434984 0
22.591672253711863 111.21475399191851 0
22.688984792704716 111.20434216215837 0
22.786295124154947 111.1940722172541 0
22.883603326751004 111.18394331712013 0
22.980909478644435 111.17395462928856 0
23.078213657455752 111.16410532879945 0
23.175515940280214 111.15439459809302 0
23.272816403693508 111.14482162690406 0
23.370115123757333 111.13538561215839 0
23.467412176024883 111.12608575787118 0
23.564707635546263 111.11692127504735 0
23.662001576873788 111.10789138158378 0
23.75929407406722 111.09899530217336 0
23.85658520069888 111.09023226821085 0
23.95387502985876 111.08160151770063 0
24.05116363415943 111.07310229516595 0
24.14845108574099 111.06473385155999 0
24.245737456275858 111.05649544417865 0
24.343022816973527 111.0483863365748 0
24.44030723858521 111.04040579847413 0
24.537590791408466 111.03255310569261 0
24.634873545291697 111.02482754005545 0
24.732155569638607 111.01722838931744 0
24.829436933412595 111.00975494708476 0
24.926717705141055 111.0024065127383 0
25.023997952919647 110.99518239135824 0
25.12127774441646 110.98808189364998 0
25.218557146876165 110.98110433587148 0
25.315836227124045 110.97424903976179 0
25.413115051570017 110.96751533247088 0
25.510393686212574 110.9609025464907 0
25.607672196642657 110.95441001958747 0
25.704950648047486 110.9480370947351 0
25.80222910521434 110.94178312004982 0
25.899507632534263 110.93564744872592 0
25.996786294005723 110.92962943897254 0
26.094065153238244 110.92372845395171 0
26.19134427345593 110.91794386171723 0
26.288623717501018 110.91227503515478 0
26.38590354783729 110.90672135192288 0
26.483183826553525 110.9012821943951 0
26.58046461536682 110.89595694960286 0
26.677745975625943 110.89074500917964 0
26.77502796831459 110.88564576930575 0
26.872310654054594 110.8806586306542 0
26.969594093109134 110.87578299833746 0
27.066878345385852 110.87101828185506 0
27.164163470439963 110.86636389504207 0
27.261449527477293 110.86181925601845 0
27.358736575357312 110.85738378713917 0
27.45602467259609 110.85305691494523 0
27.553313877369234 110.8488380701153 0
27.650604247514803 110.84472668741851 0
27.747895840536135 110.8407222056675 0
27.845188713604678 110.83682406767264 0
27.9424829235628 110.83303172019676 0
28.039778526926497 110.82934461391072 0
28.137075579888133 110.82576220334963 0
28.2343741383191 110.8222839468697 0
28.331674257772487 110.81890930660596 0
28.42897599348567 110.81563774843043 0
28.526279400382887 110.81246874191109 0
28.623584533077818 110.80940176027143 0
28.720891445876056 110.80643628035065 0
28.81820019277764 110.80357178256452 0
28.91551082747945 110.80080775086667 0
29.01282340337769 110.79814367271076 0
29.110137973570232 110.79557903901298 0
29.207454590859033 110.79311334411526 0
29.30477330775242 110.79074608574894 0
29.402094176467443 110.78847676499922 0
29.499417248932126 110.78630488626973 0
29.596742576787744 110.78422995724814 0
29.694070211391043 110.78225148887186 0
29.791400203816455 110.78036899529454 0
29.888732604858237 110.77858199385287 0
29.986067465032683 110.77689000503406 0
30.083404834580215 110.77529255244366 0
30.180744763467466 110.77378916277394 0
30.278087301389427 110.7723793657726 0
30.37543249777144 110.7710626942122 0
30.47278040177125 110.7698386838598 0
30.570131062281046 110.76870687344713 0
30.66748452792941 110.76766680464115 0
30.764840847083295 110.76671802201523 0
30.862200067849983 110.76586007302036 0
30.959562238079002 110.76509250795725 0
31.056927405364014 110.76441487994845 0
31.154295617044742 110.76382674491103 0
31.251666920208766 110.7633276615297 0
31.34904136169343 110.76291719123014 0
31.446418988087625 110.76259489815295 0
31.543799845733623 110.7623603491277 0
31.641183980728815 110.76221311364755 0
31.738571438927547 110.76215276384418 0
31.835962265942808 110.76217887446298 0
31.933356507147987 110.76229102283872 0
32.030754207678584 110.76248878887147 0
32.128155412433905 110.76277175500286 0
32.22556016607874 110.76313950619272 0
32.322968513045026 110.763591629896 0
32.42038049753348 110.76412771604001 0
32.51779616351524 110.76474735700204 0
32.61521555473351 110.76545014758713 0
32.71263871470506 110.76623568500631 0
32.81006568672192 110.76710356885505 0
32.90749651385288 110.76805340109202 0
33.004931238945034 110.76908478601817 0
33.10236990462538 110.77019733025597 0
33.199812553302266 110.77139064272914 0
33.29725922716694 110.77266433464244 0
33.39470996819504 110.77401801946185 0
33.492164818148055 110.77545131289497 0
33.58962381857479 110.77696383287176 0
33.68708701081287 110.77855519952534 0
33.784554435990074 110.78022503517333 0
33.88202613502587 110.78197296429916 0
33.979502148632754 110.78379861353379 0
34.076982517317674 110.78570161163763 0
34.17446728138344 110.78768158948272 0
34.27195648093004 110.78973818003499 0
34.36945015585604 110.79187101833703 0
34.46694834585994 110.79407974149083 0
34.56445109044151 110.79636398864085 0
34.661958428903084 110.79872340095731 0
34.7594704003509 110.8011576216197 0
34.85698704369643 110.80366629580044 0
34.9545083976576 110.80624907064883 0
35.05203450076014 110.8089055952751 0
35.14956539133885 110.81163552073484 0
35.24710110753878 110.81443850001337 0
35.34464168731659 110.81731418801058 0
35.44218716844172 110.82026224152575 0
35.53973758849762 110.82328231924271 0
35.637292984883004 110.82637408171502 0
35.73485339481303 110.82953719135152 0
35.832418855320505 110.83277131240195 0
35.929989403257075 110.83607611094276 0
36.02756507529439 110.83945125486309 0
36.12514590792533 110.842896413851 0
36.22273193746507 110.84641125937974 0
36.32032320005232 110.84999546469427 0
36.417919731650436 110.85364870479802 0
36.51552156804851 110.85737065643958 0
36.6131287448626 110.8611609980998 0
36.71074129753672 110.86501940997891 0
36.80835926134404 110.86894557398388 0
36.905982671387946 110.87293917371574 0
37.00361156260314 110.87699989445733 0
37.101245969756725 110.88112742316108 0
37.19888592744927 110.88532144843674 0
37.29653147011589 110.88958166053968 0
37.394182632027295 110.89390775135885 0
37.491839447290836 110.8982994144053 0
37.589501949851574 110.90275634480051 0
37.68717017349327 110.90727823926511 0
37.78484415183947 110.91186479610758 0
37.88252391835448 110.91651571521311 0
37.980209506344394 110.92123069803262 0
38.07790094895813 110.92600944757193 0
38.17559827918837 110.93085166838098 0
38.2733015298726 110.93575706654323 0
38.37101073369409 110.94072534966516 0
38.468725923182845 110.94575622686594 0
38.56644713071661 110.95084940876714 0
38.66417438852182 110.95600460748264 0
38.761907728674565 110.96122153660853 0
38.85964718310153 110.96649991121339 0
38.95739278358096 110.97183944782829 0
39.05514456174357 110.97723986443725 0
39.152902549073524 110.98270088046765 0
39.25066677690932 110.98822221678074 0
39.34843727644475 110.99380359566237 0
39.44621407872976 110.99944474081364 0
39.543997214671435 111.00514537734186 0
39.64178671503483 111.01090523175145 0
39.73958261044392 111.01672403193503 0
39.837384931382466 111.02260150716458 0
39.935193708194916 111.02853738808271 0
40.03300897108727 111.03453140669401 0
40.13083075012797 111.04058329635652 0
40.22865907524878 111.04669279177324 0
40.326493976245615 111.05285962898388 0
40.42433548277944 111.05908354535646 0
40.5221836243771 111.0653642795792 0
40.620038430432196 111.0717015716525 0
40.71789993020588 111.0780951628808 0
40.81576815282777 111.08454479586484 0
40.9136431272967 111.09105021449366 0
41.01152488248162 111.09761116393703 0
41.10941344712239 111.1042273906377 0
41.20730884983059 111.11089864230385 0
41.30521111909036 111.1176246679016 0
41.403120283259184 111.12440521764759 0
41.50103637056874 111.1312400430017 0
41.598959409125655 111.13812889665975 0
41.69688942691233 111.14507153254634 0
41.7948264517877 111.15206770580775 0
41.89277051148809 111.15911717280493 0
41.99072163362792 111.16621969110653 0
42.08867984570054 111.17337501948208 0
42.18664517507898 111.18058291789512 0
42.28461764901673 111.1878431474965 0
42.38259729464852 111.19515547061772 0
42.48058413899103 111.20251965076437 0
42.57857820894374 111.20993545260956 0
42.6765795312896 111.21740264198746 0
42.774588132695825 111.22492098588704 0
42.872604039714645 111.23249025244553 0
42.970627278784015 111.24011021094236 0
43.0686578762284 111.24778063179292 0
43.16669585825947 111.25550128654234 0
43.26474125097688 111.26327194785958 0
43.36279408036893 111.27109238953132 0
43.46085437231335 111.27896238645602 0
43.55892215257802 111.28688171463811 0
43.65699744682164 111.29485015118216 0
43.7550802805945 111.30286747428704 0
43.85317067933914 111.3109334632403 0
43.95126866839111 111.31904789841249 0
44.04937427297963 111.3272105612516 0
44.14748751822832 111.33542123427752 0
44.24560842915587 111.34367970107652 0
44.34373703067679 111.35198574629592 0
44.44187334760203 111.36033915563863 0
44.540017404639684 111.36873971585787 0
44.63816922639574 111.37718721475198 0
44.736328837374685 111.38568144115911 0
44.83449626198022 111.3942221849521 0
44.93267152451591 111.40280923703344 0
45.030854649185905 111.41144238933008 0
45.12904566009556 111.42012143478854 0
45.227244581252116 111.42884616736994 0
45.32545143656538 111.43761638204506 0
45.42366624984837 111.44643187478947 0
45.521889044817975 111.45529244257875 0
45.62011984509562 111.46419788338373 0
45.71835867420791 111.47314799616575 0
45.816605555587266 111.48214258087202 0
45.9148605125726 111.49118143843091 0
46.013123568409945 111.50026437074747 0
46.11139474625309 111.50939118069884 0
46.20967406916422 111.51856167212976 0
46.30796156011459 111.5277756498481 0
46.406257241985095 111.53703291962049 0
46.50456113756693 111.54633328816793 0
46.60287326956224 111.55567656316144 0
46.701193660584714 111.56506255321786 0
46.79952233316024 111.57449106789545 0
46.89785930972747 111.5839619176899 0
46.99620461263853 111.59347491402995 0
47.09455826415954 111.60302986927343 0
47.19292028647127 111.61262659670304 0
47.29129070166977 111.62226491052243 0
47.38966953176697 111.6319446258521 0
47.488056798691254 111.64166555872548 0
47.58645252428809 111.65142752608493 0
47.68485673032065 111.6612303457779 0
47.78326943847036 111.67107383655305 0
47.881690670337555 111.68095781805641 0
47.98012044744205 111.69088211082764 0
48.0785587912237 111.70084653629617 0
48.17700572304305 111.71085091677759 0
48.2754612641819 111.72089507546987 0
48.373925435843866 111.73097883644976 0
48.47239825915501 111.74110202466919 0
48.57087975516438 111.7512644659516 0
48.669369944844625 111.76146598698848 0
48.767868849092565 111.77170641533574 0
48.86637648872975 111.78198557941033 0
48.964892884503065 111.79230330848668 0
49.063418057085265 111.80265943269339 0
49.161952027075586 111.8130537830097 0
49.260494815000285 111.8234861912622 0
49.35904644131322 111.83395649012152 0
49.45760692639642 111.84446451309891 0
49.556176290560636 111.8550100945431 0
49.654754554045894 111.86559306963696 0
49.7533417370221 111.87621327439429 0
49.851937859589526 111.88687054565669 0
49.950542941779446 111.89756472109033 0
50.04915700355463 111.90829563918282 0
50.14778006480992 111.91906313924017 0
50.24641214537277 111.92986706138363 0
50.34505326500385 111.94070724654667 0
50.44370344339747 111.95158353647197 0
50.54236270018227 111.96249577370843 0
50.64103105492165 111.9734438016081 0
50.7397085271144 111.98442746432339 0
50.83839513619518 111.99544660680401 0
50.937090901535065 112.00650107479413 0
51.03579584244212 112.01759071482955 0
51.134509978161915 112.02871537423479 0
51.23323332787804 112.03987490112026 0
51.33196591071266 112.05106914437953 0
51.43070774572705 112.0622979536865 0
51.52945885192211 112.07356117949266 0
51.628219248238885 112.08485867302441 0
51.726988953559136 112.09619028628029 0
51.82576798670582 112.10755587202833 0
51.92455636644362 112.1189552838034 0
52.023354111479506 112.13038837590457 0
52.12216124046317 112.1418550033925 0
52.22097777198766 112.1533550220868 0
52.31980372458981 112.1648882885636 0
52.41863911675079 112.17645466015281 0
52.51748396689662 112.18805399493579 0
52.61633829339868 112.19968615174264 0
52.715202114574225 112.21135099014992 0
52.81407544868687 112.22304837047808 0
52.91295831394718 112.234778153789 0
53.01185072851305 112.24654020188362 0
53.11075271049035 112.25833437729952 0
53.20966427793332 112.27016054330852 0
53.308585448845136 112.28201856391438 0
53.4075162411784 112.29390830385034 0
53.50645667283563 112.30582962857697 0
53.60540676166977 112.31778240427967 0
53.7043665254847 112.32976649786652 0
53.803335982035705 112.34178177696597 0
53.90231514902999 112.3538281099246 0
54.00130404412719 112.3659053658049 0
54.10030268493983 112.37801341438299 0
54.199311089033856 112.39015212614655 0
54.29832927392909 112.4023213722925 0
54.397357257099756 112.41452102472499 0
54.496395055974936 112.4267509560531 0
54.59544268793908 112.43901103958888 0
54.6945001703325 112.4513011493451 0
54.793567520451845 112.46362116003328 0
54.892644755550556 112.4759709470615 0
54.991731892839425 112.48835038653247 0
55.09082894948698 112.50075935524136 0
55.189935942620075 112.51319773067387 0
55.289052889324275 112.5256653910042 0
55.3881798066444 112.53816221509302 0
55.487316711584945 112.55068808248555 0
55.586463621110646 112.56324287340956 0
55.685620552146865 112.57582646877344 0
55.78478752158009 112.58843875016427 0
55.88396454625847 112.6010795998459 0
55.98315164299219 112.61374890075702 0
56.08234882855403 112.62644653650938 0
56.18155611967979 112.63917239138576 0
56.28077353306874 112.65192635033829 0
56.380001085384166 112.66470829898643 0
56.47923879325377 112.6775181236153 0
56.578486673270156 112.69035571117378 0
56.67774474199131 112.70322094927272 0
56.777013015941044 112.71611372618318 0
56.87629151160948 112.72903393083465 0
56.97558024545351 112.74198145281323 0
57.07487923389722 112.75495618236005 0
57.174188493332444 112.7679580103693 0
57.27350804011911 112.78098682838676 0
57.37283789058579 112.79404252860792 0
57.47217806103011 112.80712500387634 0
57.571528567719234 112.82023414768202 0
57.67088942689029 112.83336985415963 0
57.770260654750885 112.846532018087 0
57.86964226747946 112.85972053488332 0
57.96903428122587 112.87293530060764 0
58.06843671211174 112.88617621195716 0
58.16784957623094 112.8994431662657 0
58.26727288965009 112.91273606150207 0
58.36670666840894 112.92605479626849 0
58.46615092852085 112.93939926979901 0
58.565605685973246 112.95276938195799 0
58.66507095672807 112.96616503323852 0
58.764546756722204 112.9795861247609 0
58.86403310186794 112.99303255827112 0
58.96353000805343 113.00650423613934 0
59.0630374911431 113.0200010613584 0
59.16255556697813 113.03352293754232 0
59.262084251376876 113.04706976892481 0
59.361623560135314 113.06064146035784 0
59.46117350902751 113.07423791731017 0
59.56073411380602 113.08785904586584 0
59.66030539020236 113.10150475272286 0
59.75988735392743 113.11517494519167 0
59.859480020671974 113.12886953119377 0
59.95908340610697 113.14258841926032 0
60.05869752588414 113.15633151853075 0
60.15832239563633 113.17009873875134 0
60.257958030977974 113.18388999027388 0
60.35760444750553 113.19770518405431 0
60.45726166079787 113.21154423165133 0
60.55692968641677 113.22540704522508 0
60.65660853990735 113.2392935375358 0
60.75629823679846 113.25320362194249 0
60.855998792603096 113.26713721240162 0
60.955710222818915 113.28109422346579 0
61.05543254292862 113.29507457028247 0
61.155165768400366 113.30907816859268 0
61.254909914688206 113.3231049347297 0
61.354664997232554 113.33715478561788 0
61.454431031460565 113.35122763877123 0
61.554208032786576 113.36532341229231 0
61.65399601661257 113.37944202487094 0
61.75379499832852 113.3935833957829 0
61.85360499331291 113.40774744488878 0
61.95342601693312 113.42193409263278 0
62.053258084545796 113.43614326004139 0
62.153101211497365 113.45037486872228 0
62.25295541312439 113.46462884086309 0
62.35282070475403 113.47890509923023 0
62.45269710170446 113.49320356716773 0
62.55258461928527 113.50752416859599 0
62.65248327279789 113.52186682801076 0
62.75239307753602 113.53623147048181 0
62.85231404878605 113.55061802165199 0
62.95224620182748 113.56502640773587 0
63.052189551933324 113.57945655551882 0
63.15214411437054 113.59390839235571 0
63.252109904400456 113.60838184616996 0
63.35208693727912 113.62287684545228 0
63.45207522825784 113.63739331925964 0
63.55207479258348 113.65193119721424 0
63.65208564549894 113.6664904095023 0
63.752107802243565 113.68107088687306 0
63.85214127805351 113.69567256063773 0
63.95218608816222 113.71029536266835 0
64.0522422478008 113.72493922539678 0
64.15230977219845 113.73960408181368 0
64.25238867658283 113.7542898654674 0
64.35247897618055 113.768996510463 0
64.45258068621752 113.78372395146117 0
64.55269382191932 113.79847212367729 0
64.65281839851178 113.8132409628803 0
64.75295443122117 113.82803040539183 0
64.85310193527475 113.84284038808507 0
64.95326092590113 113.85767084838385 0
65.0534314183307 113.87252172426162 0
65.153613427796 113.8873929542405 0
65.25380696953218 113.90228447739024 0
65.35401205877733 113.91719623332736 0
65.45422871077295 113.93212816221407 0
65.55445694076435 113.94708020475738 0
65.654696764001 113.96205230220814 0
65.75494819573701 113.97704439636007 0
65.85521125123147 113.99205642954885 0
65.95548594574886 114.0070883446512 0
66.0557722945595 114.02214008508388 0
66.1560703129399 114.03721159480284 0
66.25638001617321 114.05230281830234 0
66.35670141954955 114.06741370061391 0
66.45703453836646 114.08254418730557 0
66.5573793879293 114.09769422448085 0
66.65773598355167 114.11286375877796 0
66.75810434055572 114.12805273736889 0
66.85848447427264 114.1432611079585 0
66.95887640004304 114.15848881878362 0
67.05928013321729 114.17373581861231 0
67.159695689156 114.18900205674285 0
67.26012308323035 114.20428748300293 0
67.36056233082253 114.21959204774883 0
67.4610134473261 114.23491570186457 0
67.56147644814641 114.250258396761 0
67.661951348701 114.26562008437502 0
67.76243816441996 114.28100071716874 0
67.86293691074636 114.29640024812866 0
67.9634476031366 114.31181863076482 0
68.06397025706092 114.32725581911 0
68.16450488800358 114.34271176771887 0
68.26505151146345 114.35818643166728 0
68.36561014295435 114.37367976655139 0
68.46618079800535 114.38919172848681 0
68.56676349216129 114.40472227410794 0
68.66735824098306 114.42027136056709 0
68.76796506004811 114.43583894553375 0
68.86858396495069 114.45142498719373 0
68.96921497130236 114.46702944424851 0
69.06985809473237 114.48265227591435 0
69.17051335088796 114.49829344192162 0
69.27118075543486 114.51395290251395 0
69.37186032405756 114.52963061844757 0
69.47255207245982 114.54532655099048 0
69.57325601636497 114.56104066192175 0
69.67397217151631 114.57677291353077 0
69.77470055367753 114.59252326861649 0
69.87544117863311 114.6082916904867 0
69.9761940621886 114.62407814295732 0
70.07695922017109 114.63988259035165 0
70.17773666842965 114.65570499749967 0
70.27852642283555 114.67154532973728 0
70.37932849928282 114.68740355290565 0
70.4801429136885 114.70327963335049 0
70.58096968199308 114.7191735379213 0
70.6818088201609 114.73508523397074 0
70.7826603441805 114.7510146893539 0
70.88352427006501 114.76696187242759 0
70.98440061385254 114.78292675204969 0
71.08528939160655 114.79890929757848 0
71.18619061941624 114.81490947887185 0
71.28710431339691 114.83092726628678 0
71.38803048969038 114.84696263067855 0
71.48896916446535 114.86301554340015 0
71.58992035391772 114.87908597630154 0
71.69088407427114 114.89517390172904 0
71.79186034177714 114.91127929252468 0
71.89284917271573 114.9274021220255 0
71.99385058339567 114.94354236406296 0
72.09486459015486 114.95969999296224 0
72.19589120936075 114.97587498354163 0
72.29693045741065 114.99206731111187 0
72.3979823507322 115.00827695147555 0
72.49904690578366 115.02450388092643 0
72.60012413905432 115.04074807624883 0
72.70121406706492 115.05700951471705 0
72.80231670636795 115.07328817409469 0
72.90343207354805 115.08958403263405 0
73.00456018522242 115.10589706907551 0
73.10570105804115 115.12222726264696 0
73.20685470868763 115.13857459306313 0
73.30802115387888 115.154939040525 0
73.409200410366 115.17132058571927 0
73.51039249493442 115.18771920981769 0
73.61159742440441 115.20413489447641 0
73.71281521563134 115.22056762183558 0
73.81404588550615 115.23701737451856 0
73.91528945095563 115.25348413563142 0
74.01654592894283 115.26996788876241 0
74.11781533646749 115.28646861798128 0
74.21909769056629 115.30298630783878 0
74.32039300831335 115.31952094336602 0
74.42170130682048 115.33607251007398 0
74.52302260323764 115.35264099395289 0
74.62435691475325 115.36922638147166 0
74.72570425859466 115.38582865957737 0
74.82706465202834 115.40244781569469 0
74.92843811236044 115.41908383772525 0
75.02982465693702 115.43573671404724 0
75.13122430314452 115.45240643351472 0
75.23263706841003 115.46909298545715 0
75.33406297020173 115.48579635967884 0
75.43550202602925 115.50251654645837 0
75.536954253444 115.5192535365481 0
75.63841967003957 115.53600732117363 0
75.73989829345207 115.55277789203318 0
75.84139014136053 115.56956524129723 0
75.94289523148726 115.58636936160782 0
76.04441358159816 115.60319024607817 0
76.14594520950317 115.62002788829206 0
76.24749013305654 115.6368822823033 0
76.34904837015736 115.65375342263536 0
76.45061993874968 115.67064130428066 0
76.55220485682307 115.6875459227002 0
76.65380314241295 115.70446727382298 0
76.75541481360088 115.72140535404559 0
76.85703988851499 115.73836016023154 0
76.95867838533032 115.75533168971091 0
77.06033032226915 115.77231994027981 0
77.16199571760147 115.78932491019985 0
77.26367458964522 115.80634659819768 0
77.36536695676669 115.82338500346448 0
77.46707283738094 115.8404401256555 0
77.5687922499521 115.85751196488954 0
77.67052521299372 115.8746005217485 0
77.77227174506918 115.89170579727687 0
77.87403186479203 115.90882779298127 0
77.97580559082637 115.92596651082995 0
78.07759294188713 115.94312195325237 0
78.17939393674055 115.96029412313867 0
78.28120859420446 115.97748302383918 0
78.38303693314865 115.9946886591641 0
78.48487897249522 116.0119110333828 0
78.58673473121904 116.02915015122362 0
78.6886042283479 116.04640601787317 0
78.79048748296313 116.06367863897603 0
78.8923845141997 116.08096802063424 0
78.9942953412468 116.09827416940685 0
79.09621998334804 116.11559709230946 0
79.19815845980187 116.13293679681374 0
79.30011078996196 116.15029329084712 0
79.40207699323753 116.16766658279215 0
79.50405708909368 116.18505668148617 0
79.60605109705178 116.20246359622091 0
79.70805903668983 116.21988733674193 0
79.81008092764283 116.23732791324825 0
79.91211678960306 116.25478533639193 0
80.01416664232052 116.27225961727761 0
80.11623050560324 116.28975076746208 0
80.21830839931766 116.30725879895387 0
80.32040034338898 116.32478372421279 0
80.42250635780147 116.34232555614952 0
80.52462646259889 116.3598843081252 0
80.62676067788482 116.37745999395104 0
80.72890902382301 116.3950526278878 0
80.83107152063769 116.41266222464543 0
80.93324818861403 116.43028879938272 0
81.03543904809837 116.44793236770676 0
81.13764411949869 116.46559294567263 0
81.23986342328486 116.48327054978292 0
81.34209697998907 116.5009651969874 0
81.44434481020612 116.5186769046825 0
81.5466069345938 116.53640569071102 0
81.64888337387329 116.5541515733617 0
81.75117414882943 116.57191457136871 0
81.85347928031109 116.58969470391145 0
81.95579878923158 116.60749199061397 0
82.05813269656893 116.62530645154465 0
82.16048102336629 116.64313810721583 0
82.2628437907322 116.66098697858337 0
82.3652210198411 116.67885308704629 0
82.4676127319335 116.69673645444635 0
82.57001894831643 116.71463710306772 0
82.6724396903638 116.73255505563651 0
82.77487497951665 116.75049033532048 0
82.87732483728365 116.76844296572858 0
82.9797892852413 116.7864129709106 0
83.08226834503438 116.80440037535682 0
83.18476203837625 116.82240520399758 0
83.28727038704922 116.84042748220291 0
83.38979341290487 116.85846723578223 0
83.49233113786444 116.87652449098388 0
83.59488358391916 116.89459927449478 0
83.69745077313054 116.91269161344012 0
83.80003272763086 116.9308015353829 0
83.90262946962332 116.94892906832361 0
84.00524102138259 116.96707424069987 0
84.10786740525499 116.98523708138609 0
84.21050864365894 117.00341761969301 0
84.31316475908527 117.02161588536744 0
84.41583577409753 117.03983190859186 0
84.51852171133245 117.05806571998413 0
84.62122259350012 117.07631735059692 0
84.7239384433845 117.0945868319177 0
84.82666928384363 117.11287419586803 0
84.92941513781005 117.13117947480349 0
85.03217602829116 117.14950270151314 0
85.13495197836951 117.16784390921926 0
85.23774301120315 117.186203131577 0
85.340549150026 117.20458040267405 0
85.44337041814823 117.2229757570302 0
85.54620683895648 117.24138922959708 0
85.64905843591436 117.25982085575781 0
85.75192523256261 117.27827067132668 0
85.85480725251968 117.29673871254873 0
85.95770451948182 117.31522501609948 0
86.06061705722364 117.33372961908455 0
86.1635448895983 117.35225255903941 0
86.26648804053791 117.37079387392896 0
86.36944653405386 117.38935360214714 0
86.47242039423723 117.40793178251681 0
86.57540964525901 117.4265284542892 0
86.67841431137053 117.4451436571437 0
86.78143441690376 117.46377743118752 0
86.88446998627171 117.48242981695533 0
86.98752104396867 117.50110085540892 0
87.09058761457062 117.51979058793695 0
87.19366972273559 117.53849905635458 0
87.29676739320395 117.55722630290313 0
87.39988065079875 117.5759723702498 0
87.5030095204261 117.59473730148731 0
87.6061540270755 117.61352114013363 0
87.70931419582013 117.63232393013162 0
87.81249005181724 117.65114571584876 0
87.91568162030849 117.66998654207674 0
88.01888892662025 117.68884645403132 0
88.122111996164 117.70772549735179 0
88.22535085443656 117.72662371810087 0
88.32860552702058 117.74554116276425 0
88.43187603958478 117.7644778782504 0
88.53516241788424 117.78343391189016 0
88.63846468776089 117.80240931143649 0
88.7417828751437 117.82140412506413 0
88.8451170060491 117.84041840136936 0
88.94846710658128 117.8594521893696 0
89.05183320293257 117.87850553850319 0
89.15521532138374 117.89757849862907 0
89.25861348830432 117.91667112002644 0
89.36202773015297 117.93578345339449 0
89.46545807347783 117.95491554985216 0
89.56890454491682 117.97406746093769 0
89.67236717119798 117.99323923860845 0
89.7758459791398 118.01243093524069 0
89.87934099565163 118.03164260362904 0
89.98285224773389 118.05087429698645 0
90.08637976247851 118.07012606894374 0
90.1899235670692 118.08939797354937 0
90.29348368878182 118.10869006526916 0
90.39706015498471 118.12800239898596 0
90.50065299313901 118.1473350299994 0
90.60426223079902 118.16668801402558 0
90.7078878956125 118.18606140719679 0
90.81153001532101 118.20545526606126 0
90.91518861776028 118.22486964758279 0
91.01886373086049 118.24430460914054 0
91.12255538264665 118.26376020852874 0
91.22626360123893 118.28323650395635 0
91.32998841485292 118.30273355404688 0
91.43372985180007 118.32225141783805 0
91.53748794048796 118.34179015478148 0
91.64126270942064 118.36134982474243 0
91.74505418719897 118.38093048799962 0
91.84886240252092 118.40053220524482 0
91.95268738418198 118.42015503758263 0
92.05652916107539 118.43979904653021 0
92.16038776219258 118.45946429401702 0
92.26426321662339 118.4791508423845 0
92.36815555355646 118.49885875438586 0
92.4720648022796 118.51858809318574 0
92.57599099218005 118.53833892236001 0
92.67993415274482 118.55811130589545 0
92.78389431356105 118.5779053081895 0
92.88787150431634 118.59772099404998 0
92.99186575479908 118.61755842869488 0
93.0958770948987 118.63741767775198 0
93.19990555460615 118.65729880725874 0
93.30395116401408 118.67720188366185 0
93.40801395331731 118.69712697381713 0
93.51209395281299 118.71707414498921 0
93.61619119290111 118.73704346485124 0
93.7203057040847 118.75703500148465 0
93.8244375169702 118.77704882337888 0
93.9285866622678 118.79708499943116 0
94.03275317079178 118.8171435989462 0
94.13693707346077 118.83722469163598 0
94.24113840129816 118.85732834761944 0
94.34535718543235 118.87745463742223 0
94.44959345709717 118.89760363197655 0
94.55384724763213 118.91777540262075 0
94.6581185884828 118.93797002109918 0
94.76240751120105 118.95818755956186 0
94.86671404744551 118.97842809056435 0
94.97103822898177 118.99869168706734 0
95.07538008768279 119.01897842243652 0
95.1797396555292 119.03928837044225 0
95.2841169646096 119.0596216052594 0
95.38851204712093 119.07997820146699 0
95.49292493536878 119.100358234048 0
95.59735566176766 119.12076177838917 0
95.70180425884148 119.14118891028069 0
95.80627075922365 119.16163970591592 0
95.9107551956576 119.18211424189123 0
96.01525760099705 119.2026125952057 0
96.11977800820625 119.22313484326092 0
96.22431645036042 119.24368106386068 0
96.32887296064602 119.26425133521079 0
96.43344757236105 119.28484573591881 0
96.53804031891545 119.30546434499377 0
96.64265123383136 119.32610724184606 0
96.74728035074344 119.34677450628699 0
96.85192770339924 119.36746621852873 0
96.95659332565951 119.388182459184 0
97.06127725149848 119.40892330926579 0
97.16597951500424 119.42968885018719 0
97.27070015037903 119.45047916376114 0
97.37543919193958 119.47129433220016 0
97.48019667411742 119.49213443811611 0
97.58497263145921 119.51299956452002 0
97.68976709862706 119.53388979482182 0
97.79458011039883 119.55480521283005 0
97.89941170166848 119.57574590275168 0
98.00426190744642 119.59671194919196 0
98.10913076285978 119.61770343715396 0
98.21401830315271 119.6387204520386 0
98.31892456368682 119.65976307964424 0
98.42384957994132 119.6808314061665 0
98.52879338751353 119.70192551819807 0
98.63375602211904 119.72304550272841 0
98.73873751959219 119.74419144714358 0
98.84373791588622 119.76536343922598 0
98.94875724707373 119.78656156715412 0
99.0537955493469 119.80778591950245 0
99.1588528590179 119.82903658524101 0
99.26392921251912 119.85031365373536 0
99.36902464640357 119.87161721474624 0
99.47413919734515 119.89294735842934 0
99.57927290213901 119.91430417533518 0
99.68442579770175 119.93568775640878 0
99.78959792107194 119.95709819298952 0
99.8947893094103 119.97853557681083 0
100.0 120.0 0
