60.0 240.0 0
59.942413490874635 240.02753531840543 0
59.88481815722691 240.05503629829903 0
59.82721401633949 240.08250299340244 0
59.76960108543796 240.10993545721007 0
59.711979381690995 240.13733374298891 0
59.65434892221048 240.1646979037785 0
59.596709724051685 240.19202799239073 0
59.539061804213375 240.21932406140982 0
59.481405179638024 240.24658616319218 0
59.42373986721189 240.27381434986626 0
59.3660658837652 240.30100867333238 0
59.30838324607229 240.32816918526282 0
59.25069197085176 240.35529593710152 0
59.19299207476662 240.38238898006395 0
59.13528357442443 240.40944836513722 0
59.07756648637743 240.43647414307966 0
59.01984082712274 240.46346636442095 0
58.96210661310248 240.49042507946186 0
58.90436386070389 240.51735033827424 0
58.84661258625952 240.54424219070077 0
58.78885280604736 240.57110068635498 0
58.73108453629099 240.59792587462104 0
58.67330779315974 240.62471780465367 0
58.61552259276881 240.65147652537806 0
58.55772895117944 240.67820208548963 0
58.49992688439907 240.7048945334541 0
58.44211640838145 240.73155391750726 0
58.38429753902683 240.75818028565473 0
58.32647029218209 240.7847736856721 0
58.26863468364087 240.81133416510463 0
58.21079072914375 240.83786177126717 0
58.15293844437841 240.86435655124407 0
58.095077844979706 240.89081855188897 0
58.03720894652992 240.9172478198248 0
57.97933176455883 240.9436444014436 0
57.921446314543886 240.97000834290634 0
57.863552611910364 240.9963396901429 0
57.80565067203153 241.02263848885187 0
57.747740510228745 241.04890478450045 0
57.68982214177166 241.07513862232437 0
57.63189558187831 241.10134004732768 0
57.573960845715355 241.1275091042827 0
57.51601794839813 241.15364583772978 0
57.45806690499086 241.1797502919774 0
57.40010773050676 241.20582251110181 0
57.342140439908256 241.23186253894698 0
57.28416504810706 241.25787041912452 0
57.22618156996436 241.2838461950135 0
57.168190020290965 241.30978990976033 0
57.110190413847434 241.3357016062787 0
57.05218276534426 241.36158132724933 0
56.994167089442016 241.38742911511991 0
56.93614340075145 241.41324501210497 0
56.878111713833725 241.43902906018576 0
56.82007204320049 241.4647813011101 0
56.76202440331407 241.4905017763922 0
56.703968808587625 241.5161905273126 0
56.64590527338526 241.5418475949181 0
56.58783381202221 241.5674730200214 0
56.529754438764975 241.5930668432012 0
56.4716671678315 241.61862910480195 0
56.41357201339126 241.64415984493377 0
56.355468989565495 241.66965910347224 0
56.29735811042728 241.69512692005839 0
56.23923939000175 241.72056333409836 0
56.18111284226618 241.74596838476353 0
56.1229784811502 241.77134211099013 0
56.0648363205359 241.7966845514793 0
56.00668637425802 241.82199574469684 0
55.94852865610403 241.8472757288731 0
55.8903631798144 241.87252454200282 0
55.832189959082626 241.89774222184508 0
55.77400900755547 241.92292880592305 0
55.71582033883305 241.9480843315239 0
55.65762396646905 241.97320883569864 0
55.59941990397083 241.99830235526207 0
55.54120816479959 242.02336492679245 0
55.48298876237052 242.04839658663155 0
55.42476171005294 242.07339737088444 0
55.36652702117051 242.09836731541927 0
55.30828470900128 242.12330645586724 0
55.25003478677794 242.14821482762244 0
55.191777267687904 242.1730924658416 0
55.133512164873515 242.19793940544403 0
55.07523949143216 242.22275568111152 0
55.016959260416414 242.2475413272881 0
54.958671484834255 242.27229637817996 0
54.900376177649136 242.29702086775524 0
54.8420733517802 242.3217148297439 0
54.78376302010238 242.34637829763767 0
54.72544519544659 242.37101130468972 0
54.66711989059989 242.39561388391468 0
54.608787118305585 242.42018606808838 0
54.55044689126342 242.44472788974778 0
54.492099222129724 242.46923938119073 0
54.433744123517556 242.49372057447587 0
54.37538160799687 242.51817150142256 0
54.31701168809463 242.54259219361052 0
54.258634376295035 242.56698268237986 0
54.2002496850396 242.5913429988309 0
54.14185762672736 242.61567317382386 0
54.083458213714984 242.63997323797895 0
54.02505145831696 242.66424322167603 0
53.966637372805735 242.6884831550545 0
53.908215969411856 242.71269306801324 0
53.849787260324156 242.7368729902102 0
53.79135125768988 242.76102295106256 0
53.732907973614836 242.78514297974635 0
53.674457420163584 242.8092331051964 0
53.61599960935955 242.83329335610608 0
53.55753455318519 242.85732376092724 0
53.499062263582175 242.88132434787002 0
53.44058275245148 242.90529514490265 0
53.38209603165363 242.9292361797513 0
53.323602113008754 242.95314747989997 0
53.26510100829682 242.97702907259023 0
53.20659272925773 243.00088098482115 0
53.148077287591526 243.0247032433491 0
53.08955469495852 243.04849587468755 0
53.03102496297942 243.0722589051069 0
52.972488103235555 243.09599236063445 0
52.91394412726896 243.11969626705402 0
52.85539304658255 243.14337064990593 0
52.79683487264031 243.16701553448678 0
52.73826961686741 243.19063094584934 0
52.67969729065039 243.21421690880217 0
52.62111790533726 243.23777344790983 0
52.56253147223774 243.26130058749226 0
52.50393800262334 243.28479835162497 0
52.44533750772756 243.30826676413866 0
52.38672999874601 243.3317058486192 0
52.328115486836616 243.3551156284072 0
52.26949398311971 243.37849612659818 0
52.21086549867825 243.40184736604206 0
52.15223004455793 243.4251693693432 0
52.09358763176737 243.4484621588602 0
52.03493827127823 243.4717257567056 0
51.9762819740254 243.49496018474582 0
51.917618750907145 243.5181654646009 0
51.858948612785284 243.54134161764443 0
51.80027157048528 243.56448866500318 0
51.741587634796474 243.5876066275571 0
51.682896816472194 243.61069552593906 0
51.624199126229946 243.6337553805347 0
51.565494574751526 243.6567862114821 0
51.50678317268319 243.67978803867186 0
51.448064930635866 243.70276088174666 0
51.38933985918521 243.7257047601012 0
51.33060796887188 243.748619692882 0
51.27186927020157 243.77150569898717 0
51.213123773645265 243.7943627970663 0
51.154371489639345 243.8171910055201 0
51.095612428585774 243.8399903425005 0
51.03684660085222 243.8627608259101 0
50.97807401677227 243.88550247340228 0
50.91929468664549 243.9082153023808 0
50.860508620737704 243.93089932999973 0
50.80171582928107 243.95355457316322 0
50.742916322474244 243.9761810485252 0
50.684110110482564 243.99877877248946 0
50.62529720343821 244.02134776120906 0
50.566477611440305 244.04388803058646 0
50.507651344555164 244.06639959627316 0
50.44881841281638 244.08888247366954 0
50.38997882622501 244.11133667792458 0
50.331132594749725 244.13376222393586 0
50.27227972832697 244.1561591263491 0
50.21342023686114 244.17852739955816 0
50.15455413022471 244.20086705770467 0
50.095681418258394 244.22317811467795 0
50.036802110771355 244.2454605841148 0
49.97791621754128 244.2677144793991 0
49.919023748314615 244.2899398136619 0
49.86012471280667 244.31213659978098 0
49.80121912070182 244.3343048503807 0
49.742306981653634 244.3564445778318 0
49.68338830528504 244.3785557942512 0
49.6244631011885 244.40063851150182 0
49.565531378926146 244.42269274119218 0
49.506593148029964 244.4447184946764 0
49.44764841800192 244.4667157830539 0
49.38869719831416 244.48868461716913 0
49.329739498409154 244.51062500761145 0
49.27077532769982 244.53253696471478 0
49.21180469556976 244.55442049855753 0
49.152827611373326 244.57627561896226 0
49.09384408443587 244.59810233549544 0
49.03485412405385 244.6199006574674 0
48.975857739494984 244.64167059393188 0
48.91685493999845 244.6634121536859 0
48.85784573477503 244.6851253452696 0
48.79883013300727 244.7068101769659 0
48.739808143849594 244.72846665680026 0
48.680779776428565 244.7500947925406 0
48.62174503984296 244.7716945916969 0
48.56270394316395 244.79326606152105 0
48.5036564954353 244.81480920900657 0
48.44460270567347 244.83632404088843 0
48.38554258286782 244.85781056364274 0
48.32647613598076 244.87926878348662 0
48.2674033739479 244.90069870637777 0
48.20832430567823 244.92210033801442 0
48.149238940054275 244.943473683835 0
48.09014728593223 244.96481874901795 0
48.03104935214216 244.9861355384814 0
47.97194514748816 245.00742405688288 0
47.91283468074848 245.02868430861926 0
47.85371796067573 245.04991629782634 0
47.794594995997 245.07112002837866 0
47.73546579541407 245.0922955038892 0
47.67633036760354 245.1134427277092 0
47.61718872121698 245.13456170292793 0
47.55804086488114 245.1556524323722 0
47.498886807198076 245.1767149186064 0
47.43972655674529 245.19774916393212 0
47.380560122075984 245.21875517038785 0
47.32138751171912 245.23973293974876 0
47.26220873417962 245.26068247352646 0
47.20302379793858 245.28160377296865 0
47.14383271145333 245.30249683905902 0
47.084635483157705 245.32336167251677 0
47.02543212146214 245.3441982737965 0
46.966222634753834 245.36500664308792 0
46.907007031396965 245.38578678031547 0
46.84778531973281 245.40653868513823 0
46.7885575080799 245.42726235694946 0
46.729323604734226 245.44795779487643 0
46.67008361796937 245.46862499778015 0
46.61083755603669 245.48926396425512 0
46.55158542716548 245.50987469262884 0
46.49232723956309 245.5304571809618 0
46.433063001415164 245.5510114270471 0
46.373792720885774 245.57153742841004 0
46.314516406117555 245.59203518230808 0
46.25523406523191 245.61250468573033 0
46.19594570632916 245.63294593539734 0
46.136651337488715 245.65335892776093 0
46.0773509667692 245.67374365900363 0
46.018044602208704 245.69410012503866 0
45.958732251824856 245.71442832150944 0
45.89941392361504 245.73472824378948 0
45.84008962555658 245.75499988698186 0
45.78075936560682 245.77524324591914 0
45.721423151703384 245.7954583151629 0
45.6620809917643 245.8156450890035 0
45.60273289368816 245.83580356145987 0
45.543378865354306 245.85593372627898 0
45.48401891462298 245.87603557693575 0
45.42465304933549 245.89610910663262 0
45.365281277314395 245.91615430829933 0
45.30590360636366 245.93617117459246 0
45.24652004426882 245.95615969789526 0
45.18713059879714 245.97611987031726 0
45.12773527769782 245.99605168369402 0
45.068334088702095 246.01595512958667 0
45.00892703952346 246.03583019928178 0
44.94951413785785 246.05567688379085 0
44.89009539138372 246.07549517385013 0
44.830670807762296 246.09528505992017 0
44.77124039463772 246.11504653218563 0
44.711804159637225 246.1347795805548 0
44.65236211037125 246.15448419465943 0
44.5929142544337 246.17416036385418 0
44.533460599402034 246.19380807721654 0
44.47400115283746 246.21342732354626 0
44.414535922285125 246.23301809136515 0
44.35506491527427 246.2525803689167 0
44.29558813931837 246.27211414416576 0
44.23610560191535 246.2916194047981 0
44.176617310547726 246.31109613822017 0
44.117123272682775 246.33054433155868 0
44.05762349577271 246.34996397166034 0
43.99811798725487 246.3693550450914 0
43.938606754551834 246.38871753813729 0
43.87908980507166 246.40805143680237 0
43.81956714620799 246.42735672680948 0
43.76003878534028 246.4466333935996 0
43.70050472983391 246.46588142233153 0
43.64096498704042 246.48510079788144 0
43.58141956429761 246.5042915048425 0
43.52186846892979 246.52345352752465 0
43.46231170824785 246.54258684995406 0
43.40274928954955 246.56169145587285 0
43.34318122011958 246.58076732873866 0
43.28360750722981 246.5998144517243 0
43.224028158139426 246.61883280771738 0
43.164443180095084 246.63782237931986 0
43.10485258033114 246.65678314884778 0
43.04525636606977 246.67571509833076 0
42.98565454452116 246.69461820951162 0
42.92604712288367 246.71349246384608 0
42.86643410834404 246.73233784250223 0
42.8068155080775 246.75115432636025 0
42.747191329248 246.76994189601191 0
42.68756157900834 246.78870053176033 0
42.6279262645004 246.80743021361928 0
42.56828539285525 246.82613092131308 0
42.508638971193356 246.84480263427602 0
42.44898700662475 246.863445331652 0
42.3893295062492 246.88205899229408 0
42.329666477156366 246.90064359476406 0
42.26999792642603 246.91919911733217 0
42.2103238611282 246.93772553797646 0
42.15064428832334 246.95622283438252 0
42.090959215062504 246.97469098394296 0
42.03126864838754 246.99312996375707 0
41.971572595331224 247.0115397506303 0
41.911871062917506 247.02992032107392 0
41.85216405816161 247.0482716513044 0
41.79245158807026 247.0665937172432 0
41.73273365964181 247.08488649451616 0
41.67301027986648 247.10314995845312 0
41.61328145572649 247.12138408408742 0
41.55354719419619 247.13958884615553 0
41.493807502242376 247.1577642190965 0
41.43406238682432 247.17591017705158 0
41.37431185489403 247.1940266938637 0
41.31455591339638 247.21211374307703 0
41.25479456926934 247.2301712979365 0
41.19502782944411 247.24819933138735 0
41.135255700845285 247.26619781607465 0
41.075478190391095 247.28416672434278 0
41.01569530499352 247.30210602823504 0
40.955907051558505 247.32001569949307 0
40.8961134369861 247.33789570955642 0
40.83631446817069 247.35574602956208 0
40.77651015200114 247.3735666303439 0
40.71670049536096 247.39135748243217 0
40.656885505128535 247.40911855605313 0
40.59706518817724 247.42684982112843 0
40.53723955137566 247.44455124727457 0
40.477408601587776 247.46222280380258 0
40.4175723456731 247.47986445971722 0
40.357730790486904 247.4974761837168 0
40.29788394288037 247.51505794419234 0
40.23803180970078 247.5326097092273 0
40.17817439779168 247.5501314465969 0
40.11831171399311 247.5676231237677 0
40.0584437651417 247.58508470789693 0
39.99857055807095 247.60251616583207 0
39.93869209961132 247.61991746411033 0
39.878808396590486 247.63728856895793 0
39.81891945583345 247.65462944628982 0
39.7590252841628 247.67194006170888 0
39.69912588839881 247.68922038050553 0
39.6392212753597 247.70647036765706 0
39.57931145186174 247.7236899878272 0
39.51939642471953 247.74087920536542 0
39.45947620074607 247.7580379843064 0
39.39955078675302 247.7751662883696 0
39.33962018955088 247.7922640809584 0
39.27968441594913 247.80933132515977 0
39.21974347275644 247.8263679837436 0
39.159797366780886 247.8433740191621 0
39.099846104830064 247.86034939354914 0
39.03988969371132 247.8772940687199 0
38.97992814023193 247.89420800616992 0
38.91996145119927 247.91109116707477 0
38.859989633421044 247.92794351228935 0
38.8000126937054 247.94476500234722 0
38.74003063886115 247.96155559746012 0
38.680043475698 247.97831525751715 0
38.62005121102664 247.99504394208438 0
38.56005385165902 248.01174161040404 0
38.50005140440849 248.02840822139396 0
38.44004387608999 248.0450437336469 0
38.380031273520245 248.06164810542998 0
38.32001360351796 248.07822129468394 0
38.25999087290398 248.09476325902247 0
38.19996308850152 248.11127395573175 0
38.1399302571363 248.12775334176953 0
38.07989238563678 248.14420137376467 0
38.01984948083433 248.16061800801629 0
37.959801549563416 248.17700320049326 0
37.89974859866178 248.1933569068335 0
37.83969063497065 248.20967908234306 0
37.77962766533492 248.22596968199582 0
37.71955969660335 248.24222866043252 0
37.65948673562871 248.2584559719601 0
37.59940878926806 248.27465157055104 0
37.539325864382825 248.29081540984265 0
37.479237967839104 248.3069474431364 0
37.41914510650776 248.32304762339706 0
37.359047287264694 248.33911590325215 0
37.298944516990964 248.355152234991 0
37.23883680257303 248.3711565705643 0
37.178724150902916 248.38712886158305 0
37.118606568878434 248.40306905931806 0
37.058484063403334 248.4189771146991 0
36.99835664138754 248.43485297831407 0
36.93822430974729 248.4506966004084 0
36.87808707540542 248.46650793088415 0
36.81794494529142 248.48228691929933 0
36.7577979263418 248.49803351486702 0
36.69764602550012 248.5137476664547 0
36.637489249717305 248.52942932258335 0
36.577327605951766 248.54507843142676 0
36.51716110116964 248.5606949408106 0
36.45698974234496 248.5762787982118 0
36.39681353645985 248.59182995075759 0
36.33663249050477 248.60734834522458 0
36.27644661147862 248.6228339280383 0
36.216255906389044 248.63828664527196 0
36.15606038225255 248.65370644264593 0
36.095860046094714 248.66909326552658 0
36.03565490495044 248.68444705892583 0
35.975444965864085 248.69976776749988 0
35.915230235889695 248.71505533554864 0
35.8550107220912 248.73030970701478 0
35.79478643154262 248.74553082548275 0
35.73455737132822 248.760718634178 0
35.674323548542795 248.77587307596616 0
35.61408497029178 248.79099409335197 0
35.55384164369151 248.80608162847847 0
35.49359357586942 248.8211356231261 0
35.4333407739642 248.8361560187118 0
35.373083245126026 248.85114275628803 0
35.3128209965168 248.8660957765418 0
35.252554035310276 248.88101501979395 0
35.19228236869233 248.89590042599787 0
35.13200600386111 248.91075193473887 0
35.071724948027295 248.92556948523304 0
35.01143920841425 248.94035301632627 0
34.95114879225826 248.9551024664934 0
34.89085370680872 248.96981777383718 0
34.83055395932835 248.9844988760872 0
34.7702495570934 248.99914571059898 0
34.70994050739384 249.013758214353 0
34.649626817533594 249.02833632395357 0
34.589308494830725 249.04287997562795 0
34.528985546617655 249.05738910522518 0
34.46865798024136 249.07186364821513 0
34.4083258030636 249.08630353968744 0
34.34798902246109 249.10070871435047 0
34.28764764582575 249.11507910653023 0
34.2273016805649 249.1294146501693 0
34.166951134101446 249.1437152788258 0
34.10659601387414 249.1579809256722 0
34.04623632733773 249.17221152349438 0
33.98587208196324 249.18640700469035 0
33.925503285238094 249.20056730126933 0
33.86512994466643 249.21469234485045 0
33.80475206776923 249.2287820666617 0
33.74436966208457 249.24283639753878 0
33.683982735167845 249.25685526792407 0
33.62359129459194 249.27083860786516 0
33.56319534794747 249.2847863470141 0
33.50279490284303 249.2986984146258 0
33.44238996690533 249.3125747395572 0
33.381980547779484 249.32641525026588 0
33.32156665312919 249.34021987480887 0
33.261148290636946 249.3539885408415 0
33.20072546800429 249.3677211756161 0
33.140298192952 249.38141770598085 0
33.079866473220314 249.3950780583785 0
33.01943031656914 249.408702158845 0
32.95898973077832 249.42228993300841 0
32.89854472364776 249.43584130608758 0
32.838095302997765 249.44935620289078 0
32.77764147666916 249.46283454781448 0
32.717183252523576 249.476276264842 0
32.65672063844362 249.48968127754225 0
32.59625364233317 249.5030495090683 0
32.53578227211751 249.5163808821561 0
32.47530653574361 249.5296753191232 0
32.41482644118037 249.54293274186728 0
32.354341996418746 249.55615307186474 0
32.293853209472104 249.56933623016945 0
32.233360088376344 249.58248213741126 0
32.172862641190186 249.59559071379462 0
32.112360875995364 249.60866187909713 0
32.051854800896876 249.62169555266817 0
31.991344424023183 249.63469165342735 0
31.930829753526474 249.64765009986314 0
31.870310797582878 249.6605708100314 0
31.809787564392675 249.6734537015538 0
31.74926006218057 249.68629869161646 0
31.688728299195873 249.6991056969683 0
31.628192283712778 249.71187463391968 0
31.56765202403056 249.72460541834067 0
31.50710752847383 249.7372979656597 0
31.446558805392765 249.74995219086188 0
31.38600586316333 249.76256800848736 0
31.325448710187512 249.77514533262996 0
31.264887354893585 249.78768407693536 0
31.20432180573632 249.8001841545996 0
31.143752071197213 249.81264547836741 0
31.083178159784758 249.82506796053053 0
31.022600080034657 249.8374515129261 0
30.962017840510057 249.84979604693496 0
30.90143144980182 249.86210147348004 0
30.84084091652872 249.87436770302452 0
30.780246249337722 249.8865946455702 0
30.719647456904212 249.89878221065578 0
30.65904454793222 249.91093030735504 0
30.598437531154694 249.92303884427508 0
30.537826415333733 249.9351077295547 0
30.47721120926081 249.94713687086232 0
30.416591921757057 249.95912617539446 0
30.35596856167348 249.9710755498737 0
30.29534113789121 249.98298490054688 0
30.234709659321773 249.9948541331834 0
30.174074134907322 250.00668315307306 0
30.11343457362087 250.0184718650244 0
30.05279098446658 250.0302201733627 0
29.992143376479973 250.04192798192804 0
29.931491758728217 250.05359519407335 0
29.870836140310356 250.06522171266246 0
29.81017653035758 250.07680744006814 0
29.74951293803345 250.0883522781701 0
29.688845372534207 250.09985612835285 0
29.628173843088955 250.11131889150388 0
29.56749835895999 250.12274046801136 0
29.506818929443014 250.13412075776228 0
29.446135563867397 250.1454596601402 0
29.385448271596452 250.15675707402323 0
29.3247570620277 250.16801289778184 0
29.264061944593106 250.17922702927672 0
29.203362928759354 250.19039936585662 0
29.142660024028114 250.20152980435617 0
29.081953239936315 250.2126182410936 0
29.02124258605638 250.2236645718686 0
28.960528071996528 250.23466869195994 0
28.899809707401015 250.24563049612328 0
28.839087501950413 250.2565498785889 0
28.77836146536188 250.26742673305932 0
28.71763160738943 250.2782609527069 0
28.656897937824183 250.28905243017158 0
28.596160466494688 250.29980105755845 0
28.535419203267132 250.3105067264354 0
28.474674158045673 250.32116932783052 0
28.413925340772675 250.3317887522298 0
28.35317276142899 250.34236488957464 0
28.292416430034258 250.3528976292592 0
28.231656356647168 250.36338686012806 0
28.170892551365736 250.37383247047353 0
28.11012502432759 250.38423434803317 0
28.04935378571026 250.3945923799871 0
27.988578845731443 250.4049064529554 0
27.927800214649302 250.41517645299552 0
27.867017902762754 250.42540226559944 0
27.80623192041173 250.43558377569116 0
27.745442277977507 250.44572086762386 0
27.684648985882944 250.4558134251771 0
27.62385205459283 250.46586133155412 0
27.56305149461412 250.475864469379 0
27.502247316496263 250.48582272069376 0
27.44143953083148 250.49573596695558 0
27.380628148255084 250.50560408903385 0
27.319813179445728 250.51542696720725 0
27.258994635125756 250.52520448116073 0
27.198172526061466 250.53493650998263 0
27.137346863063428 250.54462293216164 0
27.07651765698677 250.55426362558364 0
27.015684918731502 250.56385846752877 0
26.954848659242806 250.57340733466825 0
26.894008889511344 250.5829101030612 0
26.83316562057356 250.59236664815157 0
26.77231886351201 250.60177684476477 0
26.71146862945565 250.61114056710468 0
26.650614929580144 250.6204576887501 0
26.589757775108204 250.62972808265164 0
26.528897177309883 250.6389516211283 0
26.46803314750289 250.64812817586414 0
26.407165697052914 250.6572576179048 0
26.346294837373957 250.66633981765415 0
26.28542057992862 250.6753746448707 0
26.224542936228463 250.68436196866418 0
26.163661917834293 250.69330165749196 0
26.10277753635653 250.70219357915545 0
26.041889803455486 250.71103760079643 0
25.980998730841744 250.71983358889352 0
25.920104330276448 250.72858140925828 0
25.85920661357165 250.73728092703163 0
25.79830559259066 250.74593200668002 0
25.737401279248342 250.75453451199158 0
25.676493685511495 250.76308830607223 0
25.615582823399162 250.77159325134193 0
25.554668704982987 250.7800492095305 0
25.49375134238754 250.7884560416738 0
25.432830747790685 250.79681360810972 0
25.37190693342391 250.80512176847392 0
25.31097991157268 250.81338038169594 0
25.250049694576774 250.82158930599485 0
25.18911629483067 250.82974839887513 0
25.12817972478386 250.83785751712247 0
25.067239996941233 250.84591651679932 0
25.006297123863426 250.85392525324067 0
24.945351118167174 250.86188358104963 0
24.884401992525685 250.8697913540929 0
24.823449759668993 250.8776484254965 0
24.76249443238434 250.8854546476409 0
24.70153602351652 250.89320987215672 0
24.640574545968278 250.90091394991995 0
24.579610012700655 250.90856673104727 0
24.518642436733387 250.91616806489134 0
24.45767183114526 250.92371780003597 0
24.396698209074508 250.93121578429123 0
24.335721583719184 250.93866186468867 0
24.274741968337544 250.94605588747623 0
24.21375937624844 250.9533976981133 0
24.152773820831698 250.96068714126554 0
24.091785315528522 250.96792406079996 0
24.030793873841873 250.97510829977944 0
23.969799509336877 250.98223970045777 0
23.908802235641218 250.9893181042741 0
23.847802066445542 250.99634335184777 0
23.78679901550385 251.00331528297272 0
23.725793096633918 251.01023373661204 0
23.6647843237177 251.01709855089254 0
23.603772710701737 251.02390956309893 0
23.54275827159757 251.03066660966823 0
23.48174102048217 251.03736952618405 0
23.420720971498326 251.04401814737076 0
23.35969813885512 251.0506123070875 0
23.298672536828292 251.05715183832237 0
23.23764417976071 251.0636365731863 0
23.17661308206279 251.07006634290698 0
23.115579258212914 251.07644097782276 0
23.0545427227579 251.08276030737625 0
22.993503490313405 251.08902416010815 0
22.932461575564393 251.09523236365087 0
22.871416993265576 251.1013847447219 0
22.810369758241855 251.10748112911742 0
22.74931988538878 251.11352134170562 0
22.688267389673005 251.11950520642 0
22.62721228613275 251.1254325462526 0
22.56615458987825 251.13130318324707 0
22.505094316092233 251.13711693849186 0
22.444031480030397 251.142873632113 0
22.38296609702185 251.1485730832672 0
22.32189818246963 251.1542151101344 0
22.260827751851156 251.15979952991069 0
22.199754820718706 251.1653261588008 0
22.13867940469993 251.1707948120107 0
22.077601519498316 251.17620530373998 0
22.016521180893704 251.18155744717416 0
21.95543840474277 251.18685105447705 0
21.894353206979538 251.19208593678277 0
21.83326560361587 251.19726190418794 0
21.772175610742003 251.20237876574345 0
21.711083244527035 251.20743632944647 0
21.649988521219463 251.21243440223213 0
21.588891457147696 251.21737278996514 0
21.52779206872058 251.22225129743137 0
21.46669037242794 251.22706972832927 0
21.405586384841097 251.23182788526117 0
21.344480122613426 251.2365255697245 0
21.283371602480898 251.24116258210287 0
21.222260841262607 251.24573872165715 0
21.16114785586135 251.2502537865161 0
21.100032663264177 251.25470757366747 0
21.038915280542934 251.2590998789483 0
20.977795724854865 251.26343049703553 0
20.91667401344316 251.26769922143652 0
20.855550163637524 251.27190584447914 0
20.794424192854805 251.27605015730197 0
20.73329611859951 251.28013194984425 0
20.672165958464472 251.28415101083584 0
20.611033730131393 251.28810712778687 0
20.549899451371466 251.29200008697737 0
20.488763140045993 251.29582967344675 0
20.42762481410699 251.299595670983 0
20.3664844915978 251.30329786211212 0
20.305342190653725 251.30693602808682 0
20.24419792950266 251.31050994887573 0
20.18305172646572 251.31401940315186 0
20.121903599957896 251.3174641682814 0
20.060753568488696 251.3208440203119 0
19.999601650662786 251.32415873396087 0
19.93844786518068 251.32740808260357 0
19.877292230839387 251.3305918382611 0
19.816134766533086 251.33370977158825 0
19.754975491253806 251.3367616518609 0
19.69381442409213 251.33974724696367 0
19.63265158423786 251.3426663233771 0
19.571486990980727 251.34551864616466 0
19.51032066371112 251.34830397895988 0
19.44915262192077 251.35102208395278 0
19.387982885203485 251.35367272187665 0
19.32681147325587 251.35625565199427 0
19.265638405878082 251.35877063208414 0
19.204463702974547 251.36121741842638 0
19.143287384554732 251.3635957657885 0
19.082109470733894 251.36590542741098 0
19.020929981733843 251.36814615499264 0
18.959748937883724 251.37031769867573 0
18.898566359620794 251.37241980703084 0
18.837382267491222 251.3744522270417 0
18.776196682150868 251.37641470408957 0
18.71500962436611 251.37830698193756 0
18.653821115014658 251.38012880271464 0
18.592631175086364 251.38187990689943 0
18.53143982568407 251.38356003330375 0
18.470247088024447 251.38516891905604 0
18.409052983438848 251.38670629958426 0
18.347857533374157 251.38817190859882 0
18.286660759393687 251.38956547807513 0
18.225462683178037 251.3908867382359 0
18.164263326525997 251.39213541753315 0
18.10306271135542 251.39331124263003 0
18.041860859704183 251.39441393838229 0
17.980657793731066 251.39544322781947 0
17.919453535716706 251.39639883212587 0
17.85824810806451 251.39728047062115 0
17.797041533301662 251.39808786074073 0
17.735833834080033 251.39882071801577 0
17.674625033177186 251.39947875605293 0
17.613415153497364 251.40006168651377 0
17.552204218072475 251.40056921909397 0
17.49099225006311 251.40100106150192 0
17.429779272759568 251.40135691943726 0
17.3685653095829 251.40163649656907 0
17.307350384085936 251.4018394945135 0
17.246134519954364 251.40196561281124 0
17.184917741007798 251.40201454890462 0
17.12370007120087 251.40198599811427 0
17.062481534624315 251.4018796536154 0
17.00126215550611 251.4016952064138 0
16.940041958212586 251.40143234532144 0
16.87882096724957 251.4010907569315 0
16.81759920726356 251.40067012559328 0
16.75637670304286 251.40017013338647 0
16.69515347951883 251.39959046009514 0
16.63392956176702 251.39893078318116 0
16.572704975008435 251.3981907777574 0
16.511479744610746 251.3973701165603 0
16.450253896089563 251.39646846992207 0
16.38902745510967 251.39548550574236 0
16.327800447486336 251.3944208894596 0
16.266572899186613 251.39327428402177 0
16.20534483633064 251.39204534985657 0
16.144116285192986 251.3907337448413 0
16.08288727220402 251.38933912427214 0
16.021657823951266 251.38786114083285 0
15.960427967180799 251.38629944456306 0
15.899197728798661 251.38465368282584 0
15.837967135872292 251.38292350027496 0
15.776736215631976 251.3811085388213 0
15.715504995472314 251.37920843759903 0
15.654273502953727 251.37722283293078 0
15.593041765803957 251.37515135829258 0
15.5318098119196 251.37299364427798 0
15.470577669367685 251.37074931856162 0
15.40934536638723 251.3684180058621 0
15.348112931390855 251.3659993279043 0
15.286880392966415 251.36349290338086 0
15.225647779878633 251.36089834791315 0
15.164415121070803 251.35821527401146 0
15.103182445666462 251.35544329103442 0
15.041949782971134 251.3525820051478 0
14.980717162474065 251.3496310192826 0
14.919484613850024 251.3465899330921 0
14.858252166961085 251.34345834290843 0
14.797019851858478 251.34023584169827 0
14.73578769878444 251.3369220190176 0
14.674555738174105 251.3335164609658 0
14.613324000657432 251.33001875013878 0
14.552092517061148 251.32642846558122 0
14.490861318410724 251.32274518273803 0
14.429630435932395 251.31896847340485 0
14.368399901055207 251.31509790567753 0
14.307169745413082 251.31113304390072 0
14.245940000846934 251.30707344861557 0
14.184710699406816 251.30291867650627 0
14.123481873354098 251.2986682803457 0
14.062253555163682 251.2943218089399 0
14.001025777526245 251.2898788070717 0
13.93979857335055 251.28533881544277 0
13.87857197576575 251.28070137061528 0
13.817346018123768 251.2759660049517 0
13.7561207340017 251.27113224655383 0
13.69489615720426 251.2661996192005 0
13.633672321766277 251.26116764228408 0
13.572449261955216 251.25603583074562 0
13.51122701227376 251.25080369500876 0
13.450005607462431 251.24547074091237 0
13.38878508250226 251.24003646964178 0
13.327565472617483 251.2345003776585 0
13.266346813278327 251.22886195662872 0
13.205129140203798 251.22312069335018 0
13.143912489364558 251.21727606967758 0
13.082696896985825 251.21132756244646 0
13.02148239955035 251.2052746433956 0
12.96026903380142 251.19911677908746 0
12.899056836745949 251.19285343082748 0
12.837845845657593 251.18648405458117 0
12.776636098079955 251.1800081008898 0
12.715427631829815 251.17342501478404 0
12.654220485000456 251.166734235696 0
12.593014695965023 251.1599351973692 0
12.531810303379965 251.1530273277667 0
12.470607346188533 251.14601004897705 0
12.409405863624352 251.13888277711857 0
12.348205895215054 251.13164492224118 0
12.287007480785988 251.12429588822621 0
12.225810660463996 251.11683507268395 0
12.164615474681273 251.10926186684907 0
12.103421964179296 251.10157565547345 0
12.042230170012832 251.09377581671689 0
11.98104013355403 251.0858617220351 0
11.919851896496587 251.07783273606543 0
11.858665500860011 251.06968821650972 0
11.797480988993957 251.06142751401455 0
11.736298403582667 251.05304997204894 0
11.675117787649485 251.04455492677894 0
11.613939184561477 251.0359417069395 0
11.552762638034155 251.02720963370317 0
11.491588192136268 251.01835802054595 0
11.430415891294738 251.00938617310982 0
11.369245780299671 251.00029338906194 0
11.308077904309478 250.99107895795072 0
11.246912308856125 250.98174216105826 0
11.185749039850469 250.9722822712492 0
11.12458814358774 250.9626985528162 0
11.063429666753114 250.95299026132116 0
11.00227365642744 250.94315664343307 0
10.941120160093062 250.93319693676156 0
10.8799692256398 250.92311036968636 0
10.818820901371044 250.9128961611826 0
10.75767523601 250.90255352064165 0
10.69653227870608 250.89208164768752 0
10.635392079041413 250.88147973198858 0
10.574254687037548 250.87074695306444 0
10.513120153162273 250.85988248008798 0
10.451988528336628 250.8488854716822 0
10.39085986394205 250.8377550757118 0
10.329734211827711 250.8264904290695 0
10.268611624318035 250.81509065745644 0
10.20749215422036 250.80355487515706 0
10.146375854832833 250.79188218480803 0
10.085262779952465 250.78007167716075 0
10.024152983883393 250.76812243083768 0
9.963046521445346 250.75603351208213 0
9.901943447982323 250.74380397450113 0
9.840843819371482 250.73143285880136 0
9.77336959468827 250.71891067323273 0
9.684658308079488 250.70601928001648 0
9.596043494734179 250.6926631828073 0
9.507527854760227 250.67884192790075 0
9.4191140948421 250.66455507165676 0
9.330804928059852 250.64980218020318 0
9.242603073715056 250.6345828291259 0
9.154511257164021 250.61889660314455 0
9.06653220965864 250.60274309577431 0
8.97866866819529 250.58612190897324 0
8.890923375372116 250.56903265277458 0
8.803299079255146 250.5514749449047 0
8.715798533253578 250.53344841038557 0
8.628424496004687 250.5149526811218 0
8.541179731268763 250.49598739547213 0
8.454067007834473 250.47655219780492 0
8.367089099435098 250.45664673803745 0
8.280248784676111 250.4362706711586 0
8.19354884697449 250.4154236567348 0
8.10699207451028 250.39410535839858 0
8.020581260190838 250.37231544331996 0
7.934319201628276 250.35005358165967 0
7.8482087011305754 250.3273194460041 0
7.762252565706883 250.30411271078196 0
7.676453607087512 250.28043305166145 0
7.590814641759206 250.2562801449281 0
7.5053384910161745 250.23165366684285 0
7.42002798102751 250.20655329297927 0
7.334885942921531 250.18097869754024 0
7.249915212887696 250.15492955265293 0
7.165118632296669 250.1284055276417 0
7.080499047839216 250.10140628827844 0
6.996059311684563 250.07393149600964 0
6.911802281658933 250.04598080715934 0
6.827730821444945 250.01755387210764 0
6.743847800802644 249.9886503344436 0
6.6601560958129 249.95926983009213 0
6.576658589143994 249.92941198641356 0
6.493358170342205 249.89907642127565 0
6.410257736147269 249.86826274209645 0
6.327360190833598 249.83697054485734 0
6.244668446578216 249.80519941308535 0
6.16218542385636 249.77294891680313 0
6.079914051865802 249.74021861144607 0
5.9978572689809315 249.70700803674455 0
5.916018023237741 249.67331671557076 0
5.83439927285087 249.63914415274797 0
5.75300398676395 249.6044898338213 0
5.671835145234542 249.56935322378803 0
5.590895740455017 249.5337337657859 0
5.510188777210804 249.49763087973776 0
5.429717273577528 249.46104396095006 0
5.349484261658604 249.4239723786641 0
5.269492788364951 249.38641547455683 0
5.189745916238614 249.34837256118976 0
5.110246724322122 249.30984292040296 0
5.030998309075578 249.27082580165177 0
4.952003785343534 249.2313204202835 0
4.873266287373873 249.19132595575093 0
4.794788969891033 249.15084154975963 0
4.716575009226022 249.1098663043457 0
4.638627604505879 249.06839927988023 0
4.5609499789053505 249.02643949299681 0
4.483545380963749 248.98398591443797 0
4.406417085970154 248.94103746681571 0
4.329568397420292 248.8975930222825 0
4.253002648548684 248.85365140010643 0
4.176723203939854 248.80921136414617 0
4.100733461222688 248.7642716202197 0
4.025036852852231 248.71883081336023 0
3.949636847983612 248.67288752495375 0
3.8745369544430237 248.62644026974988 0
3.7997407208010388 248.57948749273956 0
3.725251738553985 248.532027565891 0
3.6510736444194287 248.48405878473486 0
3.577210122752304 248.43557936479 0
3.5036649080886972 248.38658743781897 0
3.4304417878248032 248.33708104790307 0
3.357544605039156 248.28705814732461 0
3.2849772614668282 248.23651659224439 0
3.2127437206349994 248.18545413816014 0
3.1408480111699806 248.133868435132 0
3.0692942302866206 248.08175702275824 0
2.9980865474718685 248.02911732488502 0
2.9272292083752243 247.97594664403064 0
2.8567265389198706 247.922242155505 0
2.786582949649388 247.86800090120167 0
2.7168029403262453 247.81321978303933 0
2.647391104799623 247.75789555602663 0
2.578352136161625 247.70202482092228 0
2.5096908322126454 247.64560401646017 0
2.4414121012584467 247.5886294111057 0
2.3735209682635783 247.53109709430754 0
2.3060225813879818 247.47300296720462 0
2.2389222189361235 247.41434273274515 0
2.172225296750752 247.3551118851701 0
2.105937376086429 247.2953056988087 0
2.0400641720013595 247.23491921612916 0
1.974611562309882 247.17394723498074 0
1.909585597142112 247.11238429495896 0
1.8449925091620258 247.05022466281616 0
1.7808387245004762 246.98746231683418 0
1.7171308744655565 246.92409093006466 0
1.6538758080993539 246.8601038523344 0
1.591080605657577 246.79549409090023 0
1.528752593096938 246.73025428962652 0
1.4668993576646399 246.66437670654275 0
1.4055287646950592 246.5978531896233 0
1.3446489757308346 246.53067515061213 0
1.2842684680994065 246.46283353669483 0
1.2243960560917586 246.39431879979549 0
1.1650409139080364 246.3251208632494 0
1.1062126005552806 246.25522908557005 0
1.0479210869059938 246.18463222099356 0
0.990176785153375 246.1133183764417 0
0.9329905809302018 246.04127496449644 0
0.8763738683944604 245.96848865192396 0
0.820338588626599 245.89494530322065 0
0.7648972717319481 245.82062991857893 0
0.7100630830985803 245.74552656558328 0
0.6558498743273016 245.66961830384267 0
0.6022722394284603 245.59288710164597 0
0.5493455769722161 245.51531374358322 0
0.4970861589876675 245.43687772790614 0
0.44551120753545226 245.3575571522012 0
0.39463898003247855 245.27732858570664 0
0.3444888645920288 245.19616692631777 0
0.2950814868644496 245.11404523997712 0
0.2464388301320844 245.03093457972568 0
0.19858437073813656 244.9468037811804 0
0.15154323132738623 244.8616192305773 0
0.10534235486572965 244.7753446007516 0
0.06001070300961052 244.68794054947378 0
0.015579483147341935 244.59936437337845 0
-0.027917590626141756 244.50956960923807 0
-0.07044399615578054 244.41850557246403 0
-0.11196005354602967 244.32611682033777 0
-0.15242251728276612 244.23234252442882 0
-0.19178409780529004 244.1371157327174 0
-0.22999289694497405 244.0403624968061 0
-0.26699173739785037 243.94200083284252 0
-0.30271736075116296 243.84193947577782 0
-0.3370994609929137 243.7400763744735 0
-0.37005951010277505 243.6362968586656 0
-0.4015093180738528 243.53047138599828 0
-0.43134924977110123 243.42245274539036 0
-0.45946599266554194 243.3120725474916 0
-0.48572972841559847 243.19913676701583 0
-0.5099905006337797 243.08342000420308 0
-0.5320734796815285 242.96465798528016 0
-0.5517726838484175 242.84253759356366 0
-0.5688424913515058 242.7166833595352 0
-0.5829859086128476 242.58663874137392 0
-0.5938379326893981 242.45183951084704 0
-0.6009412324704836 242.3115747536056 0
-0.6037092981974116 242.1649276221059 0
-0.6013681046109486 242.01068130264352 0
-0.5928586044125753 241.84716143771428 0
-0.5766620349477548 241.6719530690723 0
-0.5504566919279855 241.48134302572421 0
-0.5103503026955633 241.2690694300763 0
-0.4487858828287749 241.02290062375786 0
-0.3463425504572037 240.71119965986938 0
0.0 240.0 0
0.46634255045720374 239.36126517457993 0
0.688785882828775 239.12158373925746 0
0.8703503026955633 238.94698915562165 0
1.0304566919279856 238.80584447677307 0
1.1766620349477548 238.685918044341 0
1.3128586044125754 238.58094798073168 0
1.4413681046109486 238.48722111495175 0
1.5637092981974117 238.4023224887554 0
1.6809412324704835 238.32457774463833 0
1.793837932689398 238.25277006889624 0
1.9029859086128473 238.18598261398537 0
2.0088424913515057 238.12350446555672 0
2.111772683848417 238.0647713953776 0
2.2120734796815285 238.0093268616271 0
2.3099905006337798 237.95679539478684 0
2.405729728415599 237.90686387817343 0
2.499465992665542 237.85926803801365 0
2.591349249771101 237.81378247454757 0
2.6815093180738527 237.77021316248897 0
2.7700595101027754 237.72839171248768 0
2.857099460992914 237.68817091346241 0
2.9427173607511627 237.64942122305743 0
3.0269917373978505 237.61202797100873 0
3.109992896944974 237.57588910617784 0
3.19178409780529 237.54091336351587 0
3.272422517282766 237.50701875917045 0
3.3519600535460294 237.47413134474417 0
3.4304439961557804 237.44218416821724 0
3.5079175906261417 237.4111164011592 0
3.5844205168526577 237.3808726008515 0
3.6599892969903896 237.3514020827055 0
3.7346576451342703 237.3226583834937 0
3.808456768672614 237.29459879985066 0
3.8814156292618636 237.2671839895469 0
3.953561169867916 237.24037762541764 0
4.0249185131355505 237.21414609369887 0
4.095511135407971 237.18845823000757 0
4.165361019967522 237.16328508738468 0
4.234488792464548 237.1385997317728 0
4.302913841012333 237.11437706106722 0
4.370654423027784 237.09059364450616 0
4.437727760571541 237.06722757967606 0
4.504150125672698 237.04425836482872 0
4.56993691690142 237.0216667845541 0
4.635102728268051 236.99943480714114 0
4.699661411373401 236.97754549219877 0
4.76362613160554 236.95598290731147 0
4.827009419069799 236.93473205267168 0
4.889823214846625 236.91377879277576 0
4.952078913094007 236.8931097943899 0
5.013787399444719 236.87271247009608 0
5.074959086091964 236.8525749268161 0
5.135603943908241 236.832685918786 0
5.195731531900593 236.81303480451936 0
5.2553510242691654 236.7936115073514 0
5.314471235304941 236.77440647920625 0
5.37310064233536 236.75541066726947 0
5.431247406903062 236.73661548328508 0
5.488919394342423 236.71801277522738 0
5.546124191900645 236.6995948011259 0
5.602869125534443 236.68135420484498 0
5.659161275499524 236.66328399364147 0
5.715007490837974 236.64537751734215 0
5.770414402857888 236.62762844899873 0
5.825388437690117 236.61003076689298 0
5.879935827998641 236.59257873777725 0
5.934062623913571 236.57526690124706 0
5.987774703249249 236.5580900551517 0
6.041077781063877 236.5410432419593 0
6.093977418612019 236.5241217359992 0
6.146479031736421 236.50732103151228 0
6.198587898741552 236.4906368314468 0
6.250309167787354 236.4740650369417 0
6.301647863838375 236.45760173744563 0
6.352608895200377 236.441243201424 0
6.403197059673754 236.42498586761062 0
6.453417050350612 236.40882633676432 0
6.50327346108013 236.39276136389367 0
6.552770791624776 236.3767878509174 0
6.601913452528131 236.36090283972905 0
6.65070576971338 236.3451035056385 0
6.69915198883002 236.3293871511641 0
6.747256279365001 236.31375120015198 0
6.795022738533173 236.29819319220044 0
6.8424553949608455 236.28271077736957 0
6.889558212175196 236.26730171115716 0
6.936335091911302 236.25196384972395 0
6.982789877247696 236.2366951453523 0
7.0289263555805706 236.22149364212345 0
7.074748261446015 236.2063574718 0
7.120259279198961 236.1912848499008 0
7.165463045556976 236.17627407195653 0
7.210363152016388 236.16132350993536 0
7.25496314714777 236.14643160882824 0
7.299266538777312 236.13159688338482 0
7.343276796060145 236.11681791499103 0
7.386997351451317 236.10209334868014 0
7.430431602579708 236.0874218902701 0
7.473582914029847 236.0728023036196 0
7.516454619036251 236.0582334079967 0
7.55905002109465 236.04371407555388 0
7.601372395494121 236.02924322890317 0
7.643424990773977 236.01481983878708 0
7.685211030108967 236.00044292183918 0
7.726733712626127 235.98611153843058 0
7.767996214656465 235.9718247905974 0
7.809001690924421 235.95758182004516 0
7.849753275677877 235.94338180622668 0
7.890254083761386 235.92922396448924 0
7.93050721163505 235.91510754428822 0
7.970515738341397 235.90103182746364 0
8.010282726422473 235.88699612657703 0
8.049811222789195 235.8729997833054 0
8.089104259544982 235.85904216688994 0
8.128164854765458 235.84512267263722 0
8.166996013236052 235.83124072047 0
8.20560072714913 235.81739575352603 0
8.243981976762257 235.80358723680263 0
8.282142731019068 235.78981465584485 0
8.320085948134198 235.77607751547606 0
8.357814576143639 235.76237533856838 0
8.395331553421784 235.7487076648522 0
8.432639809166401 235.73507404976291 0
8.469742263852732 235.7214740633232 0
8.506641829657793 235.70790728906002 0
8.543341410856007 235.69437332295485 0
8.5798439041871 235.68087177242566 0
8.616152199197357 235.66740225534022 0
8.652269178555056 235.6539643990589 0
8.688197718341067 235.64055783950658 0
8.723940688315436 235.62718222027232 0
8.759500952160785 235.61383719173622 0
8.794881367703331 235.60052241022237 0
8.830084787112305 235.58723753717717 0
8.86511405707847 235.5739822383726 0
8.899972018972491 235.56075618313295 0
8.934661508983828 235.5475590435854 0
8.969185358240797 235.53439049393288 0
9.00354639291249 235.52125020974893 0
9.037747434293118 235.50813786729444 0
9.071791298869423 235.49505314285503 0
9.105680798371722 235.48199571209886 0
9.13941873980916 235.4689652494546 0
9.173007925489719 235.45596142750873 0
9.206451153025508 235.4429839164219 0
9.239751215323889 235.4300323833641 0
9.272910900564902 235.417106491968 0
9.305932992165527 235.4042059017999 0
9.338820268731236 235.3913302678488 0
9.371575503995313 235.37847924003182 0
9.404201466746422 235.36565246271743 0
9.436700920744853 235.35284957426438 0
9.469076624627885 235.34007020657722 0
9.50133133180471 235.32731398467797 0
9.53346779034136 235.31458052629293 0
9.56548874283598 235.30186944145544 0
9.597396926284944 235.2891803321235 0
9.629195071940147 235.27651279181225 0
9.6608859051579 235.2638664052414 0
9.692472145239773 235.25124074799677 0
9.723956505265821 235.2386353862063 0
9.755341691920513 235.22604987622987 0
9.78663040531173 235.213483764363 0
9.83915618062852 235.20096838769746 0
9.898056552017678 235.18857575938873 0
9.956953478554654 235.17630776390266 0
10.015847016116608 235.16416344194593 0
10.074737220047536 235.15214184712556 0
10.133624145167168 235.14024204568483 0
10.192507845779643 235.12846311624625 0
10.251388375681966 235.11680414956123 0
10.310265788172286 235.10526424826637 0
10.36914013605795 235.09384252664614 0
10.428011471663371 235.08253811040174 0
10.486879846837725 235.0713501364258 0
10.54574531296245 235.06027775258303 0
10.604607920958586 235.0493201174965 0
10.66346772129392 235.03847640033902 0
10.722324763989999 235.02774578063026 0
10.781179098628956 235.01712744803854 0
10.8400307743602 235.00662060218787 0
10.898879839906938 234.99622445246965 0
10.95772634357256 234.985938217859 0
11.016570333246886 234.97576112673568 0
11.075411856412261 234.96569241670926 0
11.134250960149531 234.95573133444873 0
11.193087691143877 234.94587713551607 0
11.25192209569052 234.93612908420386 0
11.310754219700328 234.92648645337678 0
11.369584108705263 234.91694852431692 0
11.428411807863734 234.90751458657266 0
11.487237361965846 234.8981839378112 0
11.546060815438523 234.88895588367453 0
11.604882212350516 234.8798297376386 0
11.663701596417335 234.870804820876 0
11.722519011006044 234.8618804621217 0
11.781334499139989 234.85305599754167 0
11.840148103503415 234.84433077060498 0
11.898959866445972 234.83570413195824 0
11.95776982998717 234.82717543930326 0
12.016578035820705 234.81874405727737 0
12.075384525318729 234.81040935733628 0
12.134189339536006 234.80217071763983 0
12.19299251921401 234.79402752293987 0
12.251794104784944 234.7859791644711 0
12.310594136375647 234.77802503984375 0
12.369392653811465 234.77016455293924 0
12.428189696620034 234.7623971138074 0
12.486985304034977 234.75472213856656 0
12.545779514999543 234.74713904930533 0
12.604572368170183 234.73964727398678 0
12.663363901920045 234.73224624635435 0
12.722154154342405 234.72493540584017 0
12.78094316325405 234.71771419747495 0
12.83973096619858 234.71058207179993 0
12.89851760044965 234.70353848478067 0
12.957303103014175 234.6965828977225 0
13.016087510635442 234.68971477718796 0
13.074870859796201 234.68293359491585 0
13.133653186721673 234.67623882774166 0
13.192434527382517 234.66962995752013 0
13.251214917497741 234.66310647104896 0
13.309994392537568 234.65666785999434 0
13.36877298772624 234.65031362081783 0
13.427550738044786 234.6440432547047 0
13.486327678233724 234.63785626749387 0
13.545103842795742 234.63175216960894 0
13.603879265998302 234.62573047599102 0
13.662653981876234 234.6197907060324 0
13.721428024234251 234.61393238351195 0
13.780201426649452 234.60815503653149 0
13.838974222473755 234.60245819745344 0
13.89774644483632 234.59684140283997 0
13.956518126645904 234.59130419339286 0
14.015289300593182 234.5858461138948 0
14.074059999153064 234.58046671315194 0
14.132830254586917 234.57516554393706 0
14.191600098944791 234.5699421629344 0
14.250369564067602 234.5647961306851 0
14.309138681589275 234.55972701153385 0
14.36790748293885 234.55473437357645 0
14.426675999342567 234.54981778860858 0
14.485444261825894 234.5449768320751 0
14.544212301215559 234.54021108302072 0
14.602980148141521 234.53552012404137 0
14.661747833038914 234.5309035412364 0
14.720515386149977 234.5263609241618 0
14.779282837525935 234.52189186578423 0
14.838050217028867 234.51749596243585 0
14.896817554333536 234.51317281376996 0
14.955584878929194 234.50892202271748 0
15.014352220121367 234.50474319544423 0
15.073119607033586 234.50063594130887 0
15.131887068609146 234.49659987282163 0
15.19065463361277 234.4926346056039 0
15.249422330632315 234.48873975834837 0
15.3081901880804 234.48491495277986 0
15.366958234196044 234.48115981361698 0
15.425726497046275 234.47747396853435 0
15.484495004527687 234.47385704812558 0
15.543263784368026 234.47030868586668 0
15.60203286412771 234.46682851808026 0
15.660802271201339 234.4634161839005 0
15.719572032819203 234.46007132523826 0
15.778342176048737 234.45679358674735 0
15.837112727795983 234.45358261579082 0
15.895883714807017 234.45043806240827 0
15.954655163669365 234.4473595792835 0
16.013427100813388 234.44434682171268 0
16.072199552513666 234.4413994475731 0
16.130972544890334 234.4385171172925 0
16.18974610391044 234.4356994938188 0
16.248520255389256 234.43294624259045 0
16.307295024991568 234.43025703150713 0
16.36607043823298 234.42763153090104 0
16.42484652048117 234.42506941350857 0
16.48362329695714 234.42257035444266 0
16.542400792736444 234.42013403116513 0
16.60117903275043 234.41776012346008 0
16.659958041787416 234.41544831340718 0
16.71873784449389 234.41319828535572 0
16.77751846537568 234.41100972589894 0
16.83629992879913 234.40888232384873 0
16.8950822589922 234.40681577021093 0
16.953865480045632 234.40480975816075 0
17.012649615914064 234.40286398301882 0
17.0714346904171 234.40097814222742 0
17.13022072724043 234.3991519353273 0
17.18900774993689 234.3973850639346 0
17.247795781927522 234.39567723171834 0
17.306584846502634 234.39402814437824 0
17.36537496682281 234.39243750962268 0
17.424166165919967 234.3909050371473 0
17.482958466698335 234.38943043861366 0
17.541751891935487 234.38801342762844 0
17.600546464283294 234.38665371972283 0
17.65934220626893 234.38535103233218 0
17.718139140295815 234.38410508477622 0
17.77693728864458 234.3829155982392 0
17.835736673474003 234.3817822957507 0
17.89453731682196 234.38070490216643 0
17.95333924060631 234.37968314414954 0
18.012142466625843 234.37871675015208 0
18.070947016561153 234.37780545039678 0
18.12975291197555 234.37694897685898 0
18.188560174315928 234.37614706324914 0
18.247368824913636 234.37539944499522 0
18.30617888498534 234.37470585922566 0
18.364990375633887 234.37406604475223 0
18.423803317849135 234.3734797420536 0
18.48261773250878 234.37294669325874 0
18.541433640379203 234.37246664213072 0
18.600251062116275 234.37203933405087 0
18.65907001826616 234.37166451600282 0
18.717890529266107 234.37134193655726 0
18.776712615445266 234.37107134585642 0
18.835536297025453 234.37085249559908 0
18.894361594121918 234.3706851390257 0
18.953188526744132 234.37056903090388 0
19.012017114796517 234.37050392751365 0
19.07084737807923 234.37048958663357 0
19.12967933628888 234.3705257675264 0
19.188513009019275 234.3706122309254 0
19.247348415762144 234.37074873902066 0
19.30618557590787 234.3709350554456 0
19.365024508746195 234.37117094526383 0
19.423865233466916 234.3714561749558 0
19.482707769160616 234.3717905124061 0
19.54155213481932 234.37217372689074 0
19.600398349337215 234.37260558906436 0
19.659246431511306 234.37308587094816 0
19.718096400042107 234.37361434591742 0
19.776948273534284 234.3741907886895 0
19.835802070497344 234.3748149753121 0
19.894657809346278 234.37548668315134 0
19.9535155084022 234.37620569088028 0
20.01237518589301 234.37697177846746 0
20.07123685995401 234.3777847271657 0
20.130100548628537 234.37864431950092 0
20.18896626986861 234.37955033926113 0
20.24783404153553 234.38050257148578 0
20.30670388140049 234.38150080245487 0
20.365575807145195 234.38254481967851 0
20.42444983636247 234.3836344118866 0
20.48332598655684 234.3847693690183 0
20.54220427514513 234.3859494822123 0
20.601084719457063 234.38717454379642 0
20.659967336735818 234.38844434727798 0
20.718852144138644 234.38975868733397 0
20.77773915873739 234.39111735980146 0
20.8366283975191 234.3925201616681 0
20.89551987738657 234.39396689106275 0
20.9544136151589 234.3954573472462 0
21.01330962757206 234.39699133060213 0
21.07220793127942 234.39856864262794 0
21.1311085428523 234.40018908592594 0
21.190011478780534 234.4018524641946 0
21.248916755472962 234.4035585822198 0
21.307824389257995 234.40530724586625 0
21.36673439638413 234.40709826206904 0
21.425646793020462 234.40893143882536 0
21.484561595257226 234.41080658518615 0
21.543478819106294 234.41272351124798 0
21.602398480501684 234.41468202814494 0
21.66132059530007 234.4166819480409 0
21.720245179281292 234.41872308412135 0
21.779172248148843 234.42080525058591 0
21.838101817530365 234.4229282626405 0
21.897033902978148 234.4250919364899 0
21.955968519969606 234.42729608933016 0
22.014905683907767 234.42954053934128 0
22.073845410121752 234.43182510567988 0
22.132787713867252 234.43414960847204 0
22.191732610326994 234.43651386880623 0
22.25068011461122 234.43891770872605 0
22.309630241758146 234.4413609512236 0
22.368583006734426 234.44384342023235 0
22.427538424435607 234.44636494062047 0
22.486496509686596 234.44892533818415 0
22.5454572772421 234.45152443964093 0
22.604420741787084 234.45416207262315 0
22.66338691793721 234.45683806567152 0
22.72235582023929 234.4595522482287 0
22.781327463171706 234.46230445063298 0
22.840301861144884 234.4650945041121 0
22.899279028501674 234.46792224077697 0
22.958258979517833 234.47078749361566 0
23.017241728402432 234.4736900964874 0
23.076227289298266 234.47662988411645 0
23.1352156762823 234.47960669208646 0
23.194206903366084 234.48262035683445 0
23.253200984496154 234.4856707156452 0
23.31219793355446 234.48875760664538 0
23.371197764358783 234.4918808687982 0
23.430200490663125 234.49504034189755 0
23.48920612615813 234.4982358665628 0
23.548214684471482 234.50146728423306 0
23.607226179168308 234.5047344371621 0
23.666240623751563 234.50803716841293 0
23.72525803166246 234.5113753218524 0
23.78427841628082 234.51474874214625 0
23.843301790925494 234.51815727475386 0
23.902328168854744 234.52160076592315 0
23.961357563266617 234.5250790626857 0
24.020389987299346 234.5285920128516 0
24.079425454031725 234.53213946500458 0
24.138463976483475 234.53572126849738 0
24.197505567615657 234.53933727344665 0
24.256550240331006 234.54298733072835 0
24.315598007474314 234.54667129197313 0
24.374648881832822 234.5503890095615 0
24.43370287613657 234.5541403366194 0
24.492760003058763 234.5579251270136 0
24.551820275216137 234.56174323534717 0
24.61088370516933 234.56559451695506 0
24.669950305423225 234.56947882789981 0
24.72902008842732 234.57339602496708 0
24.78809306657609 234.5773459656613 0
24.847169252209312 234.5813285082016 0
24.90624865761246 234.5853435115175 0
24.965331295017013 234.58939083524467 0
25.024417176600835 234.59347033972097 0
25.083506314488503 234.59758188598227 0
25.142598720751657 234.60172533575843 0
25.201694407409338 234.60590055146935 0
25.260793386428347 234.61010739622097 0
25.31989566972355 234.61434573380146 0
25.379001269158255 234.61861542867723 0
25.438110196544514 234.62291634598915 0
25.49722246364347 234.62724835154893 0
25.556338082165706 234.63161131183503 0
25.615457063771537 234.63600509398933 0
25.674579420071378 234.6404295658132 0
25.73370516262604 234.64488459576404 0
25.792834302947085 234.64937005295153 0
25.85196685249711 234.6538858071342 0
25.911102822690115 234.65843172871595 0
25.970242224891795 234.6630076887424 0
26.029385070419856 234.66761355889759 0
26.088531370544352 234.67224921150057 0
26.14768113648799 234.67691451950188 0
26.20683437942644 234.68160935648038 0
26.265991110488656 234.6863335966399 0
26.325151340757195 234.69108711480592 0
26.384315081268497 234.69586978642232 0
26.443482343013233 234.70068148754825 0
26.502653136936573 234.70552209485496 0
26.561827473938536 234.71039148562252 0
26.621005364874243 234.71528953773688 0
26.680186820554272 234.7202161296867 0
26.73937185174492 234.72517114056026 0
26.79856046916852 234.73015445004262 0
26.85775268350374 234.7351659384124 0
26.916948505385882 234.740205486539 0
26.97614794540717 234.74527297587957 0
27.035351014117055 234.75036828847618 0
27.094557722022497 234.75549130695288 0
27.15376807958827 234.76064191451292 0
27.212982097237248 234.76581999493587 0
27.2721997853507 234.7710254325749 0
27.33142115426856 234.776258112354 0
27.390646214289742 234.78151791976512 0
27.449874975672415 234.7868047408658 0
27.509107448634268 234.79211846227605 0
27.568343643352836 234.79745897117604 0
27.627583569965747 234.80282615530325 0
27.686827238571013 234.80821990295007 0
27.74607465922733 234.81364010296102 0
27.805325841954325 234.8190866447303 0
27.864580796732863 234.8245594181993 0
27.92383953350531 234.830058313854 0
27.983102062175814 234.83558322272253 0
28.04236839261057 234.84113403637272 0
28.101638534638116 234.8467106469097 0
28.160912498049584 234.85231294697337 0
28.220190292598982 234.85794082973615 0
28.27947192800347 234.86359418890055 0
28.33875741394362 234.8692729186968 0
28.398046760063686 234.87497691388054 0
28.457339975971884 234.88070606973065 0
28.516637071240645 234.88646028204673 0
28.57593805540689 234.89223944714706 0
28.635242937972297 234.89804346186625 0
28.694551728403546 234.90387222355304 0
28.753864436132602 234.9097256300681 0
28.813181070556986 234.91560357978196 0
28.872501641040007 234.92150597157269 0
28.931826156911043 234.92743270482387 0
28.991154627465793 234.93338367942243 0
29.050487061966546 234.93935879575665 0
29.10982346964242 234.94535795471393 0
29.169163859689643 234.95138105767882 0
29.228508241271783 234.95742800653102 0
29.287856623520028 234.96349870364327 0
29.347209015533423 234.96959305187943 0
29.406565426379128 234.97571095459244 0
29.465925865092675 234.98185231562238 0
29.52529034067822 234.9880170392945 0
29.584658862108785 234.99420503041736 0
29.64403143832652 235.0004161942808 0
29.703408078242944 235.00665043665413 0
29.76278879073919 235.01290766378423 0
29.822173584666267 235.01918778239371 0
29.881562468845306 235.02549069967907 0
29.940955452067783 235.03181632330873 0
30.00035254309579 235.0381645614215 0
30.059753750662278 235.04453532262443 0
30.11915908347128 235.05092851599136 0
30.178568550198182 235.05734405106097 0
30.237982159489945 235.06378183783505 0
30.297399919965343 235.07024178677682 0
30.356821840215243 235.07672380880916 0
30.41624792880279 235.0832278153129 0
30.475678194263683 235.08975371812522 0
30.535112645106416 235.09630142953785 0
30.59455128981249 235.10287086229556 0
30.653994136836673 235.1094619295943 0
30.713441194607235 235.1160745450798 0
30.77289247152617 235.1227086228459 0
30.83234797596944 235.12936407743268 0
30.89180771628722 235.13604082382537 0
30.95127170080413 235.14273877745228 0
31.01073993781943 235.14945785418357 0
31.070212435607328 235.15619797032952 0
31.129689202417126 235.1629590426391 0
31.189170246473527 235.1697409882984 0
31.24865557597682 235.17654372492913 0
31.30814519910313 235.18336717058713 0
31.367639124004636 235.19021124376084 0
31.427137358809816 235.19707586336995 0
31.48663991162366 235.20396094876375 0
31.546146790527903 235.21086641971988 0
31.605658003581258 235.2177921964428 0
31.66517355881964 235.22473819956232 0
31.72469346425639 235.23170435013233 0
31.784217727882492 235.23869056962928 0
31.843746357666834 235.24569677995083 0
31.90327936155638 235.25272290341448 0
31.962816747476428 235.25976886275618 0
32.02235852333084 235.26683458112905 0
32.08190469700224 235.27391998210197 0
32.14145527635224 235.28102498965828 0
32.20101026922168 235.28814952819445 0
32.26056968343086 235.29529352251873 0
32.32013352677969 235.30245689784996 0
32.379701807048 235.3096395798162 0
32.439274531995714 235.31684149445346 0
32.49885170936306 235.32406256820445 0
32.55843334687082 235.33130272791732 0
32.61801945222052 235.33856190084444 0
32.67761003309468 235.3458400146411 0
32.73720509715697 235.35313699736443 0
32.796804652052536 235.3604527774719 0
32.85640870540807 235.36778728382046 0
32.91601726483216 235.3751404456651 0
32.97563033791543 235.38251219265774 0
33.035247932230774 235.38990245484612 0
33.09487005533358 235.39731116267254 0
33.15449671476191 235.40473824697267 0
33.214127918036766 235.41218363897454 0
33.27376367266227 235.41964727029733 0
33.333403986125866 235.42712907295018 0
33.39304886589855 235.43462897933114 0
33.4526983194351 235.44214692222604 0
33.51235235417425 235.44968283480742 0
33.5720109775389 235.45723665063335 0
33.6316741969364 235.46480830364644 0
33.691342019758636 235.4723977281727 0
33.75101445338234 235.48000485892047 0
33.810691505169274 235.48762963097937 0
33.8703731824664 235.4952719798193 0
33.930059492606155 235.50293184128935 0
33.9897504429066 235.5106091516167 0
34.04944604067165 235.5183038474057 0
34.10914629319127 235.5260158656368 0
34.16885120774173 235.5337451436655 0
34.22856079158574 235.5414916192215 0
34.2882750519727 235.54925523040745 0
34.34799399613888 235.5570359156982 0
34.40771763130767 235.5648336139397 0
34.467445964689716 235.57264826434798 0
34.5271790034832 235.58047980650832 0
34.58691675487397 235.58832818037422 0
34.6466592260358 235.59619332626642 0
34.70640642413058 235.604075184872 0
34.76615835630848 235.61197369724337 0
34.82591502970822 235.61988880479748 0
34.8856764514572 235.62782044931478 0
34.94544262867178 235.63576857293833 0
35.00521356845738 235.64373311817286 0
35.06498927790879 235.65171402788394 0
35.124769764110304 235.65971124529707 0
35.18455503413591 235.66772471399673 0
35.24434509504956 235.67575437792556 0
35.30413995390528 235.68380018138345 0
35.36393961774745 235.69186206902663 0
35.423744093610956 235.699939985867 0
35.48355338852138 235.70803387727094 0
35.54336750949523 235.7161436889588 0
35.60318646354014 235.72426936700384 0
35.66301025765504 235.73241085783152 0
35.72283889883036 235.74056810821853 0
35.78267239404823 235.74874106529205 0
35.84251075028269 235.75692967652898 0
35.902353974499874 235.76513388975508 0
35.9622020736582 235.77335365314406 0
36.022055054708574 235.78158891521693 0
36.08191292459458 235.78983962484116 0
36.14177569025271 235.79810573122987 0
36.20164335861246 235.806387183941 0
36.26151593659666 235.81468393287668 0
36.321393431121564 235.8229959282823 0
36.38127584909708 235.83132312074576 0
36.44116319742697 235.83966546119683 0
36.50105548300904 235.84802290090633 0
36.56095271273531 235.85639539148528 0
36.620854893492236 235.8647828848843 0
36.6807620321609 235.87318533339283 0
36.74067413561717 235.88160268963827 0
36.80059121073194 235.8900349065855 0
36.86051326437129 235.89848193753593 0
36.92044030339665 235.90694373612686 0
36.98037233466508 235.91542025633078 0
37.04030936502935 235.92391145245466 0
37.10025140133822 235.93241727913923 0
37.16019845043658 235.9409376913583 0
37.22015051916567 235.94947264441802 0
37.28010761436322 235.9580220939563 0
37.340069742863705 235.9665859959419 0
37.40003691149848 235.97516430667406 0
37.46000912709602 235.98375698278159 0
37.51998639648205 235.99236398122227 0
37.579968726479756 236.00098525928223 0
37.63995612391002 236.0096207745752 0
37.699948595591515 236.0182704850419 0
37.75994614834098 236.02693434894948 0
37.819948788973356 236.03561232489068 0
37.879956524302 236.0443043717833 0
37.93996936113885 236.05301044886963 0
37.99998730629461 236.06173051571568 0
38.06001036657896 236.0704645322106 0
38.12003854880073 236.07921245856608 0
38.18007185976808 236.08797425531574 0
38.240110306288685 236.09674988331443 0
38.30015389516994 236.10553930373771 0
38.36020263321912 236.11434247808123 0
38.42025652724356 236.12315936816 0
38.48031558405088 236.13198993610803 0
38.540379810449124 236.14083414437746 0
38.60044921324699 236.1496919557382 0
38.66052379925394 236.1585633332772 0
38.72060357528048 236.1674482403979 0
38.78068854813826 236.1763466408197 0
38.8407787246403 236.18525849857727 0
38.90087411160119 236.19418377802015 0
38.9609747158372 236.203122443812 0
39.02108054416655 236.21207446093015 0
39.081191603409515 236.221039794665 0
39.141307900388675 236.23001841061946 0
39.20142944192905 236.23901027470842 0
39.2615562348583 236.24801535315817 0
39.321688286006896 236.2570336125059 0
39.38182560220832 236.266065019599 0
39.44196819029923 236.27510954159487 0
39.502116057119636 236.28416714595994 0
39.562269209513104 236.29323780046948 0
39.622427654326906 236.30232147320692 0
39.68259139841223 236.31141813256335 0
39.742760448624345 236.32052774723695 0
39.802934811822766 236.3296502862326 0
39.86311449487147 236.33878571886126 0
39.92329950463904 236.34793401473948 0
39.98348984799887 236.3570951437889 0
40.04368553182932 236.36626907623574 0
40.10388656301391 236.3754557826103 0
40.16409294844151 236.38465523374643 0
40.22430469500649 236.3938674007811 0
40.28452180960891 236.4030922551539 0
40.34474429915472 236.41232976860644 0
40.404972170555894 236.421579913182 0
40.46520543073066 236.43084266122503 0
40.52544408660362 236.44011798538054 0
40.585688145105976 236.44940585859376 0
40.64593761317569 236.4587062541097 0
40.70619249775763 236.46801914547245 0
40.76645280580381 236.477344506525 0
40.82671854427352 236.48668231140852 0
40.886989720133506 236.49603253456215 0
40.94726634035818 236.50539515072228 0
41.00754841192973 236.51477013492232 0
41.06783594183838 236.52415746249204 0
41.128128937082494 236.53355710905734 0
41.18842740466877 236.54296905053965 0
41.248731351612456 236.55239326315547 0
41.30904078493749 236.56182972341603 0
41.369355711676654 236.57127840812683 0
41.42967613887179 236.5807392943871 0
41.49000207357397 236.59021235958946 0
41.55033352284363 236.59969758141952 0
41.6106704937508 236.60919493785536 0
41.67101299337525 236.61870440716717 0
41.73136102880664 236.62822596791676 0
41.79171460714475 236.6377595989572 0
41.852073735499594 236.64730527943235 0
41.912438420991656 236.65686298877654 0
41.972808670752 236.66643270671403 0
42.0331844919225 236.6760144132587 0
42.093565891655956 236.68560808871362 0
42.15395287711632 236.6952137136705 0
42.214345455478835 236.7048312690096 0
42.27474363393022 236.71446073589897 0
42.33514741966885 236.7241020957943 0
42.39555681990491 236.7337553304385 0
42.455971841860574 236.74342042186112 0
42.51639249277019 236.75309735237823 0
42.57681877988042 236.76278610459175 0
42.637250710450445 236.77248666138934 0
42.697688291752144 236.78219900594377 0
42.75813153107021 236.79192312171273 0
42.81858043570238 236.80165899243826 0
42.87903501295958 236.81140660214663 0
42.939495270166084 236.8211659351477 0
42.99996121465972 236.83093697603468 0
43.06043285379201 236.84071970968373 0
43.12091019492834 236.85051412125364 0
43.18139324544816 236.8603201961854 0
43.24188201274513 236.87013792020184 0
43.30237650422729 236.87996727930732 0
43.36287672731723 236.8898082597873 0
43.423382689452275 236.89966084820801 0
43.48389439808465 236.90952503141614 0
43.54441186068163 236.9194007965384 0
43.60493508472573 236.9292881309813 0
43.66546407771487 236.93918702243056 0
43.72599884716254 236.94909745885104 0
43.78653940059797 236.95901942848622 0
43.8470857455663 236.96895291985788 0
43.907637889628745 236.97889792176588 0
43.968195840362775 236.98885442328756 0
44.028759605362275 236.99882241377773 0
44.089329192237706 237.00880188286803 0
44.14990460861628 237.0187928204668 0
44.21048586214215 237.02879521675868 0
44.27107296047653 237.03880906220425 0
44.331665911297904 237.0488343475397 0
44.39226472230218 237.05887106377662 0
44.452869401202854 237.06891920220147 0
44.51347995573118 237.0789787543755 0
44.57409639363634 237.08904971213417 0
44.634718722685605 237.09913206758705 0
44.695346950664515 237.10922581311735 0
44.755981085377016 237.11933094138175 0
44.81662113464569 237.12944744530992 0
44.877267106311834 237.13957531810428 0
44.937919008235696 237.1497145532398 0
44.998576848296615 237.15986514446342 0
45.05924063439318 237.17002708579406 0
45.11991037444342 237.18020037152212 0
45.180586076384955 237.19038499620916 0
45.24126774817515 237.20058095468772 0
45.3019553977913 237.21078824206094 0
45.3626490332308 237.22100685370225 0
45.42334866251129 237.23123678525513 0
45.48405429367084 237.24147803263273 0
45.54476593476809 237.25173059201768 0
45.60548359388245 237.26199445986174 0
45.666207279114225 237.27226963288547 0
45.72693699858483 237.28255610807798 0
45.78767276043691 237.2928538826967 0
45.84841457283453 237.30316295426698 0
45.90916244396331 237.3134833205819 0
45.96991638203063 237.3238149797019 0
46.03067639526578 237.33415792995459 0
46.091442491920105 237.3445121699344 0
46.15221468026719 237.35487769850232 0
46.21299296860303 237.36525451478565 0
46.27377736524617 237.3756426181777 0
46.33456787853787 237.38604200833743 0
46.3953645168423 237.3964526851894 0
46.45616728854667 237.40687464892324 0
46.51697620206143 237.41730789999355 0
46.57779126582038 237.42775243911962 0
46.638612488280884 237.43820826728503 0
46.69943987792402 237.44867538573757 0
46.76027344325471 237.45915379598878 0
46.82111319280193 237.46964349981386 0
46.88195913511886 237.4801444992513 0
46.94281127878302 237.4906567966027 0
47.003669632396466 237.5011803944324 0
47.06453420458593 237.51171529556729 0
47.125405004003 237.5222615030966 0
47.186282039324276 237.53281902037153 0
47.24716531925152 237.54338785100515 0
47.308054852511845 237.5539679988719 0
47.368950647857844 237.56455946810766 0
47.42985271406778 237.57516226310923 0
47.49076105994573 237.5857763885342 0
47.55167569432177 237.59640184930072 0
47.6125966260521 237.60703865058713 0
47.673523864019245 237.61768679783194 0
47.734457417132184 237.62834629673333 0
47.795397294326534 237.63901715324906 0
47.856343504564705 237.6496993735962 0
47.91729605683605 237.66039296425092 0
47.978254960157045 237.6710979319481 0
48.039220223571434 237.68181428368135 0
48.10019185615041 237.69254202670248 0
48.161169866992736 237.70328116852156 0
48.22215426522497 237.7140317169064 0
48.28314506000156 237.72479367988254 0
48.34414226050502 237.73556706573288 0
48.405145875946154 237.74635188299752 0
48.46615591556412 237.75714814047356 0
48.52717238862667 237.76795584721472 0
48.58819530443023 237.77877501253127 0
48.64922467230017 237.78960564598972 0
48.71026050159084 237.80044775741263 0
48.77130280168583 237.8113013568784 0
48.832351581998076 237.82216645472099 0
48.893406851970035 237.8330430615297 0
48.95446862107385 237.843931188149 0
49.01553689881149 237.85483084567835 0
49.07661169471495 237.8657420454718 0
49.13769301834636 237.87666479913796 0
49.19878087929818 237.88759911853967 0
49.259875287193324 237.89854501579387 0
49.32097625168538 237.9095025032713 0
49.382083782458714 237.92047159359637 0
49.44319788922864 237.93145229964682 0
49.5043185817416 237.94244463455362 0
49.56544586977528 237.95344861170082 0
49.62657976313886 237.96446424472506 0
49.68772027167302 237.97549154751576 0
49.74886740525027 237.98653053421452 0
49.810021173774985 237.9975812192152 0
49.871181587183614 238.0086436171635 0
49.932348655444834 238.01971774295703 0
49.99352238855969 238.03080361174474 0
50.05470279656179 238.04190123892704 0
50.11588988951743 238.05301064015543 0
50.17708367752575 238.06413183133233 0
50.23828417071893 238.0752648286109 0
50.29949137926229 238.08640964839478 0
50.3607053133545 238.097566307338 0
50.42192598322773 238.1087348223447 0
50.483153399147774 238.1199152105689 0
50.54438757141423 238.13110748941446 0
50.60562851036065 238.14231167653466 0
50.66687622635474 238.15352778983217 0
50.72813072979843 238.16475584745882 0
50.789392031128116 238.17599586781546 0
50.85066014081478 238.18724786955158 0
50.911935069364134 238.19851187156533 0
50.973216827316804 238.20978789300318 0
51.034505425248476 238.22107595325988 0
51.09580087377005 238.23237607197814 0
51.1571031835278 238.24368826904848 0
51.21841236520353 238.25501256460902 0
51.27972842951472 238.2663489790454 0
51.34105138721472 238.27769753299052 0
51.40238124909285 238.28905824732422 0
51.4637180259746 238.30043114317343 0
51.52506172872177 238.31181624191163 0
51.58641236823263 238.32321356515888 0
51.647769955442065 238.33462313478162 0
51.70913450132175 238.3460449728924 0
51.77050601688029 238.35747910184975 0
51.83188451316339 238.3689255442581 0
51.89327000125399 238.38038432296733 0
51.95466249227244 238.391855461073 0
52.01606199737666 238.4033389819157 0
52.077468527762264 238.4148349090813 0
52.13888209466274 238.4263432664005 0
52.200302709349614 238.43786407794877 0
52.26173038313259 238.44939736804614 0
52.323165127359694 238.46094316125706 0
52.38460695341745 238.4725014823902 0
52.446055872731044 238.48407235649825 0
52.50751189676444 238.49565580887787 0
52.56897503702058 238.50725186506932 0
52.630445305041476 238.51886055085646 0
52.69192271240847 238.53048189226655 0
52.75340727074227 238.54211591557004 0
52.81489899170319 238.5537626472804 0
52.87639788699125 238.56542211415396 0
52.93790396834637 238.57709434318977 0
52.999417247548514 238.5887793616295 0
53.06093773641783 238.60047719695706 0
53.12246544681481 238.61218787689864 0
53.18400039064045 238.6239114294225 0
53.24554257983642 238.63564788273874 0
53.30709202638516 238.64739726529922 0
53.36864874231012 238.65915960579736 0
53.430212739675845 238.6709349331679 0
53.49178403058814 238.68272327658696 0
53.55336262719427 238.69452466547162 0
53.61494854168304 238.70633912947991 0
53.67654178628502 238.71816669851071 0
53.738142373272645 238.7300074027034 0
53.7997503149604 238.74186127243786 0
53.86136562370497 238.7537283383342 0
53.92298831190537 238.76560863125277 0
53.984618392003135 238.77750218229386 0
54.04625587648245 238.7894090227975 0
54.10790077787028 238.80132918434353 0
54.16955310873658 238.8132626987512 0
54.23121288169442 238.82520959807923 0
54.292880109400116 238.8371699146254 0
54.354554804553416 238.84914368092674 0
54.416236979897626 238.86113092975904 0
54.47792664821981 238.87313169413693 0
54.53962382235086 238.8851460073136 0
54.60132851516575 238.89717390278076 0
54.663040739583586 238.90921541426837 0
54.72476050856785 238.92127057574461 0
54.786487835126486 238.93333942141564 0
54.8482227323121 238.94542198572546 0
54.90996521322207 238.95751830335587 0
54.97171529099872 238.96962840922623 0
55.033472978829494 238.98175233849324 0
55.09523828994706 238.99389012655098 0
55.15701123762949 239.00604180903065 0
55.21879183520041 239.0182074218004 0
55.28058009602917 239.03038700096533 0
55.342376033530954 239.04258058286717 0
55.40417966116696 239.05478820408422 0
55.46599099244454 239.06700990143125 0
55.52781004091737 239.07924571195926 0
55.5896368201856 239.09149567295546 0
55.65147134389597 239.10375982194302 0
55.71331362574199 239.11603819668096 0
55.7751636794641 239.12833083516406 0
55.83702151884981 239.14063777562268 0
55.898887157733824 239.1529590565226 0
55.96076060999826 239.16529471656497 0
56.022641889572725 239.17764479468605 0
56.08453101043452 239.1900093300571 0
56.14642798660873 239.20238836208443 0
56.208332832168495 239.21478193040898 0
56.270245561235015 239.22719007490633 0
56.33216618797778 239.2396128356866 0
56.39409472661474 239.25205025309424 0
56.45603119141237 239.26450236770793 0
56.51797559668592 239.27696922034048 0
56.57992795679951 239.28945085203856 0
56.641888286166264 239.30194730408274 0
56.703856599248546 239.31445861798727 0
56.76583291055798 239.32698483549996 0
56.82781723465573 239.33952599860203 0
56.88980958615256 239.35208214950802 0
56.95180997970903 239.36465333066565 0
57.013818430035634 239.3772395847556 0
57.075834951892936 239.3898409546916 0
57.13785956009174 239.40245748362003 0
57.19989226949323 239.41508921491996 0
57.26193309500914 239.427736192203 0
57.32398205160187 239.44039845931314 0
57.386039154284646 239.45307606032665 0
57.44810441812169 239.46576903955193 0
57.51017785822834 239.4784774415294 0
57.57225948977125 239.49120131103135 0
57.634349327968465 239.50394069306185 0
57.69644738808963 239.51669563285662 0
57.758553685456114 239.52946617588282 0
57.82066823544117 239.54225236783913 0
57.88279105347007 239.55505425465532 0
57.94492215502029 239.56787188249245 0
58.00706155562159 239.58070529774255 0
58.06920927085624 239.5935545470285 0
58.13136531635913 239.60641967720397 0
58.19352970781791 239.61930073535333 0
58.25570246097316 239.63219776879137 0
58.317883591618546 239.64511082506343 0
58.38007311560092 239.65803995194503 0
58.44227104882055 239.67098519744184 0
58.504477407231185 239.68394660978961 0
58.56669220684025 239.69692423745406 0
58.628915463709006 239.70991812913067 0
58.69114719395264 239.72292833374456 0
58.75338741374048 239.73595490045048 0
58.81563613929611 239.74899787863262 0
58.87789338689752 239.76205731790446 0
58.94015917287726 239.77513326810873 0
59.00243351362257 239.78822577931726 0
59.064716425575575 239.8013349018308 0
59.12700792523338 239.81446068617905 0
59.189308029148236 239.82760318312035 0
59.25161675392771 239.84076244364178 0
59.3139341162348 239.85393851895884 0
59.376260132788104 239.86713146051548 0
59.43859482036197 239.88034131998393 0
59.500938195786624 239.89356814926452 0
59.56329027594831 239.90681200048576 0
59.62565107778951 239.92007292600402 0
59.688020618309004 239.93335097840347 0
59.75039891456204 239.94664621049608 0
59.81278598366051 239.95995867532133 0
59.875181842773095 239.97328842614627 0
59.93758650912537 239.9866355164653 0
60.0 240.0 0
