0.0 0.0 0
0.06006006006006006 0.278010664579028 0
0.12012012012012012 0.3909226898959658 0
0.18018018018018017 0.4766543505366771 0
0.24024024024024024 0.5483063234139215 0
0.3003003003003003 0.610953076695305 0
0.36036036036036034 0.6671971314011106 0
0.42042042042042044 0.7185845250221562 0
0.4804804804804805 0.7661226041824397 0
0.5405405405405406 0.8105110896930438 0
0.6006006006006006 0.8522594577507794 0
0.6606606606606606 0.891752334084384 0
0.7207207207207207 0.929288545847582 0
0.7807807807807807 0.965105744866955 0
0.8408408408408409 0.9993966278083031 0
0.9009009009009009 1.0323200131449393 0
0.960960960960961 1.064008637968411 0
1.0210210210210209 1.094574789054124 0
1.0810810810810811 1.1241144609964098 0
1.1411411411411412 1.1527104866067792 0
1.2012012012012012 1.1804349339769282 0
1.2612612612612613 1.207350969846764 0
1.3213213213213213 1.2335143276991736 0
1.3813813813813816 1.258974478474486 0
1.4414414414414414 1.2837755743737338 0
1.5015015015015014 1.3079572172960345 0
1.5615615615615615 1.3315550901636637 0
1.6216216216216217 1.3546014799012316 0
1.6816816816816818 1.3771257139637416 0
1.7417417417417416 1.3991545272638193 0
1.8018018018018018 1.4207123725992545 0
1.8618618618618619 1.441821684863597 0
1.921921921921922 1.4625031071814707 0
1.981981981981982 1.4827756854676144 0
2.0420420420420418 1.5026570366370098 0
2.1021021021021022 1.5221634947005007 0
2.1621621621621623 1.541310238198854 0
2.2222222222222223 1.5601114018085753 0
2.2822822822822824 1.5785801744580106 0
2.3423423423423424 1.5967288858946018 0
2.4024024024024024 1.6145690833225264 0
2.4624624624624625 1.6321115994682935 0
2.5225225225225225 1.6493666132178204 0
2.5825825825825826 1.6663437037924935 0
2.6426426426426426 1.6830518992862205 0
2.7027027027027026 1.6994997202646844 0
2.762762762762763 1.7156952190272257 0
2.8228228228228227 1.7316460150473547 0
2.8828828828828827 1.747359327036887 0
2.942942942942943 1.7628420020187106 0
3.003003003003003 1.7781005417423705 0
3.0630630630630633 1.7931411267334014 0
3.123123123123123 1.8079696382304358 0
3.183183183183183 1.8225916782324891 0
3.2432432432432434 1.8370125878516848 0
3.3033033033033035 1.8512374641432554 0
3.3633633633633635 1.865271175564459 0
3.423423423423423 1.8791183761964962 0
3.483483483483483 1.8927835188483075 0
3.5435435435435436 1.906270867147842 0
3.6036036036036037 1.9195845067148185 0
3.6636636636636637 1.9327283554988426 0
3.7237237237237237 1.9457061733578385 0
3.7837837837837833 1.9585215709439447 0
3.843843843843844 1.971178017957091 0
3.9039039039039043 1.98367885082041 0
3.963963963963964 1.996027279826216 0
4.024024024024024 2.008226395796526 0
4.0840840840840835 2.0202791762978127 0
4.1441441441441444 2.032188491445944 0
4.2042042042042045 2.043957109333844 0
4.264264264264264 2.0555877011114188 0
4.324324324324325 2.0670828457446175 0
4.384384384384385 2.078445034478017 0
4.444444444444445 2.0896766750232403 0
4.504504504504505 2.1007800954934854 0
4.564564564564565 2.1117575481027417 0
4.624624624624625 2.1226112126466656 0
4.684684684684685 2.1333431997806622 0
4.744744744744745 2.143955554109426 0
4.804804804804805 2.1544502571010384 0
4.864864864864865 2.164829229837632 0
4.924924924924925 2.175094335613696 0
4.984984984984985 2.185247382392215 0
5.045045045045045 2.1952901251280252 0
5.105105105105105 2.2052242679670577 0
5.165165165165165 2.215051466329497 0
5.225225225225225 2.2247733288842233 0
5.285285285285285 2.2343914194214274 0
5.345345345345345 2.2439072586297173 0
5.405405405405405 2.253322325783628 0
5.465465465465465 2.2626380603469656 0
5.525525525525526 2.271855863497095 0
5.585585585585585 2.2809770995748457 0
5.645645645645645 2.2900030974644614 0
5.7057057057057055 2.298935151907647 0
5.7657657657657655 2.3077745247555326 0
5.825825825825826 2.3165224461621015 0
5.885885885885886 2.325180115722388 0
5.945945945945946 2.3337487035585465 0
6.006006006006006 2.3422293513566603 0
6.066066066066066 2.35062317335703 0
6.126126126126127 2.3589312573004246 0
6.186186186186186 2.3671546653326936 0
6.246246246246246 2.3752944348699554 0
6.306306306306307 2.38335157942643 0
6.366366366366366 2.3913270894068743 0
6.426426426426427 2.3992219328654625 0
6.486486486486487 2.4070370562328134 0
6.546546546546546 2.4147733850127957 0
6.606606606606607 2.422431824450638 0
6.666666666666666 2.430013260173754 0
6.726726726726727 2.437518558806656 0
6.786786786786787 2.44494856856121 0
6.846846846846846 2.45230411980344 0
6.906906906906907 2.4595860255980018 0
6.966966966966966 2.4667950822313998 0
7.027027027027027 2.473932069714947 0
7.087087087087087 2.480997752268421 0
7.147147147147146 2.4879928787853145 0
7.207207207207207 2.4949181832805287 0
7.267267267267267 2.5017743853213106 0
7.327327327327327 2.5085621904421966 0
7.387387387387387 2.515282290544682 0
7.4474474474474475 2.521935364282297 0
7.507507507507508 2.5285220774317354 0
7.567567567567567 2.5350430832506494 0
7.627627627627628 2.5414990228226904 0
7.687687687687688 2.547890525390347 0
7.747747747747748 2.554218208676105 0
7.807807807807809 2.5604826791924236 0
7.867867867867867 2.5666845325410046 0
7.927927927927928 2.572824353701799 0
7.987987987987988 2.5789027173121744 0
8.048048048048049 2.584920187936668 0
8.108108108108109 2.590877320327679 0
8.168168168168167 2.596774659677502 0
8.228228228228227 2.602612741862029 0
8.288288288288289 2.6083920936764624 0
8.348348348348349 2.614113233063353 0
8.408408408408409 2.619776669333274 0
8.468468468468469 2.6253829033784073 0
8.528528528528527 2.630932427879334 0
8.588588588588589 2.6364257275052694 0
8.64864864864865 2.641863279108025 0
8.70870870870871 2.6472455519099025 0
8.76876876876877 2.6525730076857803 0
8.828828828828827 2.6578461009395857 0
8.88888888888889 2.663065279075387 0
8.94894894894895 2.6682309825632737 0
9.00900900900901 2.673343645100258 0
9.06906906906907 2.6784036937663345 0
9.12912912912913 2.6834115491759136 0
9.18918918918919 2.688367625624771 0
9.24924924924925 2.6932723312326816 0
9.30930930930931 2.698126068081897 0
9.36936936936937 2.702929232351603 0
9.42942942942943 2.7076822144485098 0
9.48948948948949 2.7123853991337055 0
9.54954954954955 2.7170391656458945 0
9.60960960960961 2.7216438878211604 0
9.66966966966967 2.726199934209368 0
9.72972972972973 2.7307076681873053 0
9.78978978978979 2.735167448068703 0
9.84984984984985 2.739579627211206 0
9.90990990990991 2.743944554120428 0
9.96996996996997 2.7482625725511616 0
10.03003003003003 2.7525340216058494 0
10.09009009009009 2.756759235830418 0
10.15015015015015 2.7609385453075346 0
10.21021021021021 2.765072275747388 0
10.27027027027027 2.7691607485760747 0
10.33033033033033 2.7732042810216564 0
10.39039039039039 2.7772031861979745 0
10.45045045045045 2.781157773186283 0
10.51051051051051 2.785068347114776 0
10.57057057057057 2.78893520923607 0
10.63063063063063 2.792758657002714 0
10.69069069069069 2.796538984140775 0
10.75075075075075 2.800276480721572 0
10.81081081081081 2.803971433231604 0
10.87087087087087 2.8076241246407365 0
10.93093093093093 2.811234834468694 0
10.99099099099099 2.8148038388499033 0
11.051051051051052 2.818331410596762 0
11.11111111111111 2.821817819261342 0
11.17117117117117 2.825263331195607 0
11.23123123123123 2.828668209610168 0
11.29129129129129 2.8320327146316315 0
11.351351351351353 2.835357103358576 0
11.411411411411411 2.8386416299161956 0
11.471471471471471 2.8418865455096474 0
11.531531531531531 2.8450920984761567 0
11.591591591591591 2.8482585343358875 0
11.651651651651653 2.8513860958416353 0
11.711711711711711 2.854475023027373 0
11.771771771771771 2.8575255532556696 0
11.831831831831831 2.8605379212640223 0
11.891891891891891 2.863512359210141 0
11.951951951951953 2.8664490967161944 0
12.012012012012011 2.869348360912062 0
12.072072072072071 2.87221037647761 0
12.132132132132131 2.8750353656840306 0
12.192192192192191 2.87782354843425 0
12.252252252252253 2.88057514230245 0
12.312312312312313 2.8832903625727164 0
12.372372372372372 2.885969422276839 0
12.432432432432432 2.8886125322312886 0
12.492492492492492 2.891219901073389 0
12.552552552552553 2.89379173529671 0
12.612612612612613 2.896328239285697 0
12.672672672672672 2.8988296153495625 0
12.732732732732732 2.901296063755447 0
12.792792792792792 2.9037277827608934 0
12.852852852852854 2.9061249686456145 0
12.912912912912914 2.9084878157426166 0
12.972972972972974 2.9108165164686506 0
13.033033033033032 2.9131112613540435 0
13.093093093093092 2.9153722390719086 0
13.153153153153154 2.9175996364667505 0
13.213213213213214 2.9197936385824903 0
13.273273273273274 2.9219544286899035 0
13.333333333333332 2.92408218831352 0
13.393393393393392 2.926177097257959 0
13.453453453453454 2.928239333633752 0
13.513513513513514 2.930269073882634 0
13.573573573573574 2.932266492802329 0
13.633633633633632 2.934231763570861 0
13.693693693693692 2.9361650577703533 0
13.753753753753754 2.9380665454103907 0
13.813813813813814 2.939936394950895 0
13.873873873873874 2.941774773324577 0
13.933933933933933 2.9435818459589322 0
13.993993993993993 2.9453577767978225 0
14.054054054054054 2.9471027283226405 0
14.114114114114114 2.9488168615730586 0
14.174174174174174 2.950500336167392 0
14.234234234234235 2.9521533103225663 0
14.294294294294293 2.953775940873712 0
14.354354354354355 2.9553683832933846 0
14.414414414414415 2.95693079171042 0
14.474474474474475 2.95846331892845 0
14.534534534534535 2.959966116444058 0
14.594594594594593 2.9614393344646044 0
14.654654654654655 2.9628831219257195 0
14.714714714714715 2.9642976265084795 0
14.774774774774775 2.965682994656259 0
14.834834834834835 2.967039371591286 0
14.894894894894895 2.968366901330879 0
14.954954954954955 2.9696657267034143 0
15.015015015015017 2.970935989363979 0
15.075075075075075 2.9721778298097616 0
15.135135135135133 2.9733913873951576 0
15.195195195195195 2.9745768003466075 0
15.255255255255255 2.9757342057771727 0
15.315315315315317 2.9768637397008515 0
15.375375375375375 2.977965537046643 0
15.435435435435434 2.9790397316723696 0
15.495495495495495 2.980086456378244 0
15.555555555555555 2.9811058429202157 0
15.615615615615617 2.982098022023073 0
15.675675675675675 2.9830631233933294 0
15.735735735735734 2.984001275731881 0
15.795795795795796 2.9849126067464455 0
15.855855855855856 2.985797243163794 0
15.915915915915917 2.9866553107417713 0
15.975975975975976 2.9874869342811134 0
16.036036036036034 2.988292237637064 0
16.096096096096097 2.989071343730799 0
16.156156156156154 2.9898243745606496 0
16.216216216216218 2.990551451213154 0
16.276276276276278 2.9912526938739057 0
16.336336336336334 2.9919282218382444 0
16.396396396396398 2.9925781535217424 0
16.456456456456454 2.99320260647055 0
16.516516516516518 2.993801697371542 0
16.576576576576578 2.9943755420623157 0
16.636636636636638 2.994924255541021 0
16.696696696696698 2.995447951976038 0
16.756756756756754 2.9959467447154764 0
16.816816816816818 2.996420746296555 0
16.876876876876878 2.996870068454793 0
16.936936936936938 2.997294822133093 0
16.996996996996998 2.9976951174906477 0
17.057057057057055 2.998071063911718 0
17.117117117117118 2.9984227700142823 0
17.177177177177178 2.9987503436585197 0
17.237237237237238 2.9990538919551937 0
17.2972972972973 2.999333521273889 0
17.357357357357355 2.9995893372511087 0
17.41741741741742 2.999821444798269 0
17.47747747747748 3.000029948109554 0
17.53753753753754 3.0002149506696494 0
17.5975975975976 3.0003765552613664 0
17.657657657657655 3.0005148639731405 0
17.71771771771772 3.0006299782064145 0
17.77777777777778 3.000721998682924 0
17.83783783783784 3.000791025451844 0
17.8978978978979 3.000837157896862 0
17.957957957957955 3.0008604947431117 0
18.01801801801802 3.0008611340640248 0
18.07807807807808 3.0008391732880755 0
18.13813813813814 3.0007947092054117 0
18.1981981981982 3.0007278379744076 0
18.25825825825826 3.000638655128097 0
18.31831831831832 3.0005272555805376 0
18.37837837837838 3.0003937336330533 0
18.43843843843844 3.0002381829804046 0
18.4984984984985 3.000060696716864 0
18.55855855855856 2.9998613673421968 0
18.61861861861862 2.999640286767562 0
18.67867867867868 2.999397546321326 0
18.73873873873874 2.999133236754786 0
18.7987987987988 2.9988474482478185 0
18.85885885885886 2.9985402704144506 0
18.91891891891892 2.9982117923083322 0
18.97897897897898 2.9978621024281544 0
19.03903903903904 2.9974912887229705 0
19.0990990990991 2.99709943859746 0
19.15915915915916 2.996686638917098 0
19.21921921921922 2.996252976013272 0
19.27927927927928 2.99579853568831 0
19.33933933933934 2.9953234032204454 0
19.3993993993994 2.9948276633687176 0
19.45945945945946 2.9943114003777973 0
19.51951951951952 2.9937746979827393 0
19.57957957957958 2.9932176394136922 0
19.63963963963964 2.992640307400513 0
19.6996996996997 2.992042784177337 0
19.75975975975976 2.991425151487089 0
19.81981981981982 2.9907874905859173 0
19.87987987987988 2.9901298822475733 0
19.93993993993994 2.9894524067677395 0
20.0 2.988755143968293 0
20.06006006006006 2.988038173201502 0
20.12012012012012 2.987301573354184 0
20.18018018018018 2.986545422851798 0
20.24024024024024 2.9857697996624784 0
20.3003003003003 2.9849747813010215 0
20.36036036036036 2.984160444832822 0
20.42042042042042 2.9833268668777455 0
20.48048048048048 2.982474123613961 0
20.54054054054054 2.9816022907817152 0
20.6006006006006 2.980711443687067 0
20.66066066066066 2.9798016572055586 0
20.72072072072072 2.978873005785851 0
20.78078078078078 2.9779255634533084 0
20.84084084084084 2.976959403813532 0
20.9009009009009 2.9759746000558565 0
20.96096096096096 2.9749712249567897 0
21.02102102102102 2.9739493508834203 0
21.08108108108108 2.9729090497967703 0
21.14114114114114 2.9718503932551203 0
21.2012012012012 2.9707734524172644 0
21.26126126126126 2.9696782980457628 0
21.32132132132132 2.968565000510114 0
21.38138138138138 2.9674336297899147 0
21.44144144144144 2.9662842554779645 0
21.5015015015015 2.9651169467833385 0
21.56156156156156 2.9639317725344214 0
21.62162162162162 2.9627288011818966 0
21.68168168168168 2.961508100801708 0
21.74174174174174 2.9602697390979755 0
21.8018018018018 2.959013783405881 0
21.86186186186186 2.9577403006945184 0
21.92192192192192 2.9564493575696997 0
21.98198198198198 2.95514102027674 0
22.04204204204204 2.9538153547031976 0
22.102102102102105 2.9524724263815845 0
22.16216216216216 2.951112300492044 0
22.22222222222222 2.9497350418649972 0
22.28228228228228 2.9483407149837513 0
22.34234234234234 2.946929383987083 0
22.402402402402405 2.945501112671789 0
22.46246246246246 2.9440559644952025 0
22.52252252252252 2.9425940025776827 0
22.58258258258258 2.9411152897050696 0
22.64264264264264 2.9396198883311238 0
22.702702702702705 2.9381078605799167 0
22.762762762762762 2.936579268248202 0
22.822822822822822 2.935034172807769 0
22.882882882882882 2.9334726354077447 0
22.942942942942942 2.9318947168768967 0
23.003003003003005 2.9303004777258845 0
23.063063063063062 2.9286899781494977 0
23.123123123123122 2.9270632780288643 0
23.183183183183182 2.9254204369336363 0
23.243243243243242 2.923761514124143 0
23.303303303303306 2.9220865685535293 0
23.363363363363362 2.9203956588698534 0
23.423423423423422 2.9186888434181864 0
23.483483483483482 2.916966180242653 0
23.543543543543542 2.9152277270884794 0
23.603603603603606 2.9134735414040067 0
23.663663663663662 2.9117036803426717 0
23.723723723723722 2.909918200764979 0
23.783783783783782 2.9081171592404473 0
23.843843843843842 2.9063006120495225 0
23.903903903903906 2.9044686151854866 0
23.963963963963963 2.9026212243563396 0
24.024024024024023 2.900758494986643 0
24.084084084084083 2.898880482219372 0
24.144144144144143 2.8969872409177237 0
24.204204204204206 2.8950788256669115 0
24.264264264264263 2.8931552907759484 0
24.324324324324326 2.8912166902793945 0
24.384384384384383 2.889263077939103 0
24.444444444444443 2.8872945072459264 0
24.504504504504506 2.8853110314214248 0
24.564564564564563 2.883312703419543 0
24.624624624624627 2.881299575928267 0
24.684684684684683 2.879271701371273 0
24.744744744744743 2.877229131909549 0
24.804804804804807 2.8751719194430017 0
24.864864864864863 2.8731001156120506 0
24.924924924924927 2.8710137717991944 0
24.984984984984983 2.8689129391305714 0
25.045045045045043 2.866797668477497 0
25.105105105105107 2.864668010457981 0
25.165165165165163 2.862524015438244 0
25.225225225225227 2.8603657335341937 0
25.285285285285283 2.8581932146129083 0
25.345345345345343 2.8560065082940915 0
25.405405405405407 2.853805663951513 0
25.465465465465464 2.8515907307144377 0
25.525525525525527 2.8493617574690346 0
25.585585585585584 2.84711879285978 0
25.645645645645644 2.844861885290833 0
25.705705705705707 2.8425910829274 0
25.765765765765764 2.840306433697105 0
25.825825825825827 2.8380079852913065 0
25.885885885885884 2.8356957851664397 0
25.945945945945947 2.833369880545315 0
26.006006006006007 2.8310303184184282 0
26.066066066066064 2.828677145545233 0
26.126126126126128 2.8263104084554196 0
26.186186186186184 2.823930153450165 0
26.246246246246248 2.821536426603387 0
26.306306306306308 2.819129273762968 0
26.366366366366364 2.81670874055198 0
26.426426426426428 2.8142748723698854 0
26.486486486486484 2.8118277143937362 0
26.546546546546548 2.809367311579354 0
26.606606606606608 2.8068937086624994 0
26.666666666666664 2.804406950160036 0
26.726726726726728 2.801907080371067 0
26.786786786786784 2.79939414337808 0
26.846846846846848 2.796868183048061 0
26.906906906906908 2.794329243033617 0
26.966966966966964 2.7917773667740677 0
27.027027027027028 2.789212597496544 0
27.087087087087085 2.7866349782170587 0
27.147147147147148 2.7840445517415793 0
27.207207207207208 2.781441360667087 0
27.267267267267265 2.7788254473826224 0
27.32732732732733 2.7761968540703177 0
27.387387387387385 2.7735556227064353 0
27.44744744744745 2.77090179506237 0
27.50750750750751 2.7682354127056645 0
27.567567567567565 2.7655565170010052 0
27.62762762762763 2.7628651491112057 0
27.687687687687685 2.760161349998185 0
27.74774774774775 2.757445160423939 0
27.80780780780781 2.7547166209514917 0
27.867867867867865 2.75197577194585 0
27.92792792792793 2.749222653574945 0
27.987987987987985 2.746457305810551 0
28.04804804804805 2.7436797684292236 0
28.10810810810811 2.7408900810131964 0
28.16816816816817 2.7380882829512987 0
28.22822822822823 2.735274413439842 0
28.288288288288285 2.7324485114835118 0
28.34834834834835 2.7296106158962394 0
28.40840840840841 2.726760765302081 0
28.46846846846847 2.7238989981360704 0
28.52852852852853 2.7210253526450767 0
28.588588588588586 2.7181398668886554 0
28.64864864864865 2.715242578739871 0
28.70870870870871 2.7123335258861436 0
28.76876876876877 2.709412745830056 0
28.82882882882883 2.706480275890177 0
28.888888888888886 2.7035361532018647 0
28.94894894894895 2.700580414718066 0
29.00900900900901 2.6976130972101067 0
29.06906906906907 2.694634237268476 0
29.12912912912913 2.691643871303602 0
29.189189189189186 2.688642035546627 0
29.24924924924925 2.6856287660501623 0
29.30930930930931 2.6826040986890463 0
29.36936936936937 2.6795680691610952 0
29.42942942942943 2.6765207129878403 0
29.489489489489486 2.6734620655152708 0
29.54954954954955 2.6703921619145463 0
29.60960960960961 2.6673110371827367 0
29.66966966966967 2.6642187261435253 0
29.72972972972973 2.6611152634479165 0
29.78978978978979 2.658000683574947 0
29.84984984984985 2.6548750208323684 0
29.90990990990991 2.651738309357349 0
29.96996996996997 2.648590583117147 0
30.030030030030034 2.645431875909793 0
30.09009009009009 2.6422622213647537 0
30.15015015015015 2.6390816529436107 0
30.21021021021021 2.635890203940703 0
30.270270270270267 2.632687907483787 0
30.330330330330334 2.6294747965346854 0
30.39039039039039 2.6262509038899258 0
30.45045045045045 2.623016262181378 0
30.51051051051051 2.6197709038768804 0
30.570570570570567 2.616514861280864 0
30.630630630630634 2.6132481665349796 0
30.69069069069069 2.6099708516187006 0
30.75075075075075 2.606682948349937 0
30.81081081081081 2.603384488385639 0
30.870870870870867 2.6000755032223863 0
30.930930930930934 2.5967560241969867 0
30.99099099099099 2.5934260824870674 0
31.05105105105105 2.590085709111646 0
31.11111111111111 2.5867349349317137 0
31.171171171171167 2.5833737906508065 0
31.231231231231234 2.5800023068155675 0
31.29129129129129 2.5766205138163216 0
31.35135135135135 2.5732284418876135 0
31.41141141141141 2.5698261211087754 0
31.471471471471467 2.566413581404468 0
31.531531531531535 2.562990852545221 0
31.59159159159159 2.559557964147981 0
31.65165165165165 2.5561149456766312 0
31.71171171171171 2.5526618264425336 0
31.771771771771768 2.549198635605041 0
31.831831831831835 2.5457254021720295 0
31.89189189189189 2.5422421550004066 0
31.95195195195195 2.5387489227966196 0
32.01201201201201 2.535245734117171 0
32.07207207207207 2.531732617369115 0
32.132132132132135 2.5282096008105586 0
32.192192192192195 2.5246767125511544 0
32.25225225225225 2.5211339805525896 0
32.31231231231231 2.5175814326290755 0
32.37237237237237 2.5140190964478286 0
32.432432432432435 2.510446999529541 0
32.492492492492495 2.506865169248868 0
32.552552552552555 2.503273632834885 0
32.61261261261261 2.499672417371563 0
32.67267267267267 2.4960615497982204 0
32.732732732732735 2.492441056909994 0
32.792792792792795 2.4888109653582857 0
32.85285285285285 2.4851713016512162 0
32.91291291291291 2.4815220921540657 0
32.972972972972975 2.477863363089726 0
33.033033033033036 2.474195140539136 0
33.093093093093096 2.4705174504417204 0
33.153153153153156 2.466830318595818 0
33.21321321321321 2.463133770659115 0
33.273273273273276 2.45942783214907 0
33.333333333333336 2.455712528443331 0
33.393393393393396 2.4519878847801655 0
33.45345345345345 2.44825392625886 0
33.51351351351351 2.4445106778401486 0
33.573573573573576 2.44075816434661 0
33.633633633633636 2.4369964104630775 0
33.693693693693696 2.43322544073704 0
33.753753753753756 2.429445279579042 0
33.81381381381381 2.42565595126308 0
33.873873873873876 2.4218574799269907 0
33.933933933933936 2.4180498895728495 0
33.993993993993996 2.414233204067341 0
34.05405405405405 2.4104074471421617 0
34.11411411411411 2.4065726423943854 0
34.174174174174176 2.4027288132868465 0
34.234234234234236 2.3988759831485176 0
34.294294294294296 2.395014175174869 0
34.354354354354356 2.3911434124282507 0
34.41441441441441 2.3872637178382514 0
34.474474474474476 2.3833751142020585 0
34.53453453453454 2.3794776241848234 0
34.5945945945946 2.3755712703200156 0
34.65465465465465 2.371656075009777 0
34.71471471471471 2.367732060525271 0
34.77477477477478 2.3637992490070387 0
34.83483483483484 2.359857662465336 0
34.8948948948949 2.3559073227804803 0
34.95495495495496 2.351948251703196 0
35.01501501501501 2.3479804708549445 0
35.07507507507508 2.34400400172826 0
35.13513513513514 2.3400188656870937 0
35.1951951951952 2.3360250839671264 0
35.25525525525525 2.3320226776761106 0
35.31531531531531 2.3280116677941893 0
35.37537537537538 2.323992075174222 0
35.43543543543544 2.319963920542099 0
35.4954954954955 2.3159272244970683 0
35.55555555555556 2.311882007512038 0
35.61561561561561 2.307828289933903 0
35.67567567567568 2.303766091983848 0
35.73573573573574 2.299695433757657 0
35.7957957957958 2.2956163352260193 0
35.85585585585585 2.291528816234833 0
35.91591591591591 2.287432896505511 0
35.97597597597598 2.283328595635265 0
36.03603603603604 2.2792159330974284 0
36.0960960960961 2.275094928241719 0
36.15615615615616 2.2709656002945615 0
36.21621621621621 2.266827968359354 0
36.27627627627628 2.2626820514167743 0
36.33633633633634 2.258527868325052 0
36.3963963963964 2.254365437820259 0
36.45645645645645 2.2501947785165903 0
36.51651651651652 2.2460159089066427 0
36.57657657657658 2.2418288473616963 0
36.63663663663664 2.2376336121319826 0
36.6966966966967 2.23343022134696 0
36.75675675675676 2.2292186930155937 0
36.81681681681682 2.2249990450266104 0
36.87687687687688 2.220771295148781 0
36.93693693693694 2.2165354610311736 0
36.996996996997 2.2122915602034263 0
37.05705705705705 2.208039610076001 0
37.11711711711712 2.2037796279404476 0
37.17717717717718 2.1995116309696643 0
37.23723723723724 2.195235636218144 0
37.2972972972973 2.190951660622242 0
37.35735735735736 2.186659721000416 0
37.41741741741742 2.1823598340534813 0
37.47747747747748 2.1780520163648625 0
37.53753753753754 2.173736284400835 0
37.5975975975976 2.1694126545107735 0
37.65765765765765 2.165081142927393 0
37.71771771771772 2.1607417657669883 0
37.77777777777778 2.156394539029689 0
37.83783783783784 2.1520394785996717 0
37.8978978978979 2.147676600245415 0
37.95795795795796 2.1433059196199307 0
38.01801801801802 2.1389274522609965 0
38.07807807807808 2.1345412135913846 0
38.13813813813814 2.1301472189190918 0
38.1981981981982 2.1257454834375715 0
38.25825825825825 2.1213360222259574 0
38.31831831831832 2.1169188502492884 0
38.37837837837838 2.1124939823587296 0
38.43843843843844 2.108061433291803 0
38.4984984984985 2.103621217672596 0
38.55855855855856 2.0991733500119842 0
38.61861861861862 2.0947178447078567 0
38.67867867867868 2.0902547160453184 0
38.73873873873874 2.0857839781969103 0
38.7987987987988 2.0813056452228254 0
38.85885885885885 2.076819731071118 0
38.91891891891892 2.072326249577905 0
38.97897897897898 2.067825214467587 0
39.03903903903904 2.063316639353046 0
39.0990990990991 2.0588005377358543 0
39.15915915915916 2.054276923006481 0
39.21921921921922 2.049745808444482 0
39.27927927927928 2.0452072072187235 0
39.33933933933934 2.0406611323875588 0
39.3993993993994 2.0361075968990354 0
39.45945945945945 2.031546613591103 0
39.51951951951952 2.0269781951917882 0
39.57957957957958 2.0224023543194054 0
39.63963963963964 2.0178191034827435 0
39.6996996996997 2.0132284550812543 0
39.75975975975976 2.008630421405254 0
39.81981981981982 2.004025014636095 0
39.87987987987988 1.9994122468463726 0
39.93993993993994 1.994792130000097 0
40.0 1.9901646759528855 0
40.06006006006005 1.9855298964521437 0
40.12012012012012 1.9808878031372512 0
40.18018018018018 1.9762384075397412 0
40.24024024024024 1.9715817210834787 0
40.3003003003003 1.9669177550848458 0
40.36036036036036 1.9622465207529092 0
40.42042042042042 1.9575680291896096 0
40.48048048048048 1.9528822913899266 0
40.54054054054054 1.9481893182420622 0
40.6006006006006 1.943489120527602 0
40.66066066066066 1.9387817089216988 0
40.72072072072072 1.9340670939932396 0
40.78078078078078 1.9293452862050129 0
40.84084084084084 1.9246162959138786 0
40.9009009009009 1.919880133370935 0
40.96096096096096 1.9151368087216931 0
41.02102102102102 1.9103863320062229 0
41.08108108108108 1.9056287131593432 0
41.14114114114114 1.9008639620107595 0
41.2012012012012 1.896092088285247 0
41.26126126126126 1.8913131016027944 0
41.32132132132132 1.8865270114787782 0
41.38138138138138 1.8817338273241142 0
41.44144144144144 1.8769335584454112 0
41.5015015015015 1.8721262140451365 0
41.56156156156156 1.8673118032217715 0
41.62162162162162 1.8624903349699597 0
41.68168168168168 1.8576618181806612 0
41.74174174174174 1.8528262616413143 0
41.8018018018018 1.847983674035977 0
41.86186186186186 1.8431340639454825 0
41.92192192192192 1.8382774398475923 0
41.98198198198198 1.8334138101171378 0
42.04204204204204 1.828543183026172 0
42.1021021021021 1.8236655667441184 0
42.16216216216216 1.8187809693379111 0
42.22222222222222 1.8138893987721498 0
42.28228228228228 1.8089908629092328 0
42.34234234234234 1.804085369509506 0
42.4024024024024 1.7991729262314076 0
42.46246246246246 1.7942535406316034 0
42.52252252252252 1.7893272201651331 0
42.58258258258258 1.7843939721855455 0
42.64264264264264 1.779453803945038 0
42.7027027027027 1.7745067225946 0
42.76276276276276 1.7695527351841378 0
42.82282282282282 1.7645918486626269 0
42.88288288288288 1.7596240698782333 0
42.94294294294294 1.7546494055784554 0
43.003003003003 1.7496678624102528 0
43.06306306306306 1.744679446920187 0
43.12312312312312 1.739684165554542 0
43.18318318318318 1.7346820246594665 0
43.24324324324324 1.7296730304810946 0
43.3033033033033 1.7246571891656837 0
43.36336336336336 1.7196345067597367 0
43.42342342342342 1.7146049892101314 0
43.48348348348348 1.7095686423642529 0
43.54354354354354 1.7045254719701108 0
43.6036036036036 1.6994754836764714 0
43.66366366366366 1.694418683032979 0
43.72372372372372 1.6893550754902815 0
43.78378378378378 1.6842846664001512 0
43.84384384384384 1.6792074610156176 0
43.9039039039039 1.6741234644910683 0
43.96396396396396 1.6690326818823877 0
44.02402402402402 1.6639351181470734 0
44.08408408408408 1.6588307781443536 0
44.14414414414414 1.6537196666353007 0
44.20420420420421 1.6486017882829578 0
44.26426426426426 1.6434771476524572 0
44.32432432432432 1.6383457492111229 0
44.38438438438438 1.6332075973286042 0
44.44444444444444 1.6280626962769786 0
44.50450450450451 1.622911050230869 0
44.56456456456456 1.617752663267558 0
44.62462462462462 1.6125875393671092 0
44.68468468468468 1.6074156824124588 0
44.74474474474474 1.60223709618955 0
44.80480480480481 1.5970517843874275 0
44.86486486486486 1.5918597505983612 0
44.92492492492492 1.5866609983179474 0
44.98498498498498 1.5814555309452147 0
45.04504504504504 1.576243351782738 0
45.10510510510511 1.5710244640367494 0
45.16516516516516 1.5657988708172377 0
45.22522522522522 1.5605665751380613 0
45.28528528528528 1.555327579917043 0
45.34534534534534 1.550081887976094 0
45.40540540540541 1.5448295020412999 0
45.46546546546546 1.5395704247430342 0
45.525525525525524 1.534304658616059 0
45.585585585585584 1.5290322060996282 0
45.645645645645644 1.5237530695375863 0
45.70570570570571 1.518467251178477 0
45.765765765765764 1.5131747531756423 0
45.825825825825824 1.5078755775873143 0
45.885885885885884 1.5025697263767193 0
45.945945945945944 1.497257201412188 0
46.00600600600601 1.4919380044672375 0
46.066066066066064 1.4866121372206769 0
46.126126126126124 1.4812796012567035 0
46.186186186186184 1.4759403980650019 0
46.246246246246244 1.4705945290408378 0
46.30630630630631 1.465241995485151 0
46.366366366366364 1.4598827986046616 0
46.426426426426424 1.4545169395119453 0
46.486486486486484 1.449144419225545 0
46.546546546546544 1.4437652386700597 0
46.60660660660661 1.4383793986762299 0
46.666666666666664 1.4329868999810385 0
46.726726726726724 1.4275877432278 0
46.786786786786784 1.4221819289662498 0
46.846846846846844 1.4167694576526386 0
46.90690690690691 1.4113503296498173 0
46.966966966966964 1.4059245452273326 0
47.027027027027025 1.4004921045615117 0
47.087087087087085 1.3950530077355567 0
47.147147147147145 1.3896072547396219 0
47.20720720720721 1.3841548454709116 0
47.267267267267265 1.3786957797337704 0
47.327327327327325 1.3732300572397549 0
47.387387387387385 1.3677576776077311 0
47.447447447447445 1.3622786403639595 0
47.50750750750751 1.3567929449421727 0
47.567567567567565 1.351300590683676 0
47.627627627627625 1.3458015768374125 0
47.687687687687685 1.3402959025600563 0
47.747747747747745 1.3347835669160977 0
47.80780780780781 1.329264568877922 0
47.867867867867865 1.3237389073258983 0
47.927927927927925 1.318206581048449 0
47.987987987987985 1.3126675887421402 0
48.048048048048045 1.307121929011764 0
48.10810810810811 1.301569600370411 0
48.168168168168165 1.2960106012395647 0
48.228228228228225 1.2904449299491632 0
48.288288288288285 1.2848725847376852 0
48.34834834834835 1.2792935637522391 0
48.40840840840841 1.2737078650486258 0
48.468468468468465 1.2681154865914264 0
48.528528528528525 1.2625164262540742 0
48.588588588588586 1.2569106818189335 0
48.64864864864865 1.2512982509773805 0
48.70870870870871 1.2456791313298705 0
48.768768768768766 1.2400533203860244 0
48.828828828828826 1.2344208155646907 0
48.888888888888886 1.2287816141940338 0
48.94894894894895 1.2231357135115997 0
49.00900900900901 1.2174831106643913 0
49.069069069069066 1.2118238027089503 0
49.129129129129126 1.20615778661141 0
49.189189189189186 1.2004850592475982 0
49.24924924924925 1.194805617403079 0
49.30930930930931 1.189119457773252 0
49.369369369369366 1.1834265769633971 0
49.429429429429426 1.1777269714887657 0
49.489489489489486 1.1720206377746494 0
49.54954954954955 1.1663075721564398 0
49.60960960960961 1.1605877708797083 0
49.669669669669666 1.154861230100272 0
49.729729729729726 1.1491279458842625 0
49.789789789789786 1.1433879142081969 0
49.84984984984985 1.1376411309590448 0
49.90990990990991 1.1318875919342974 0
49.969969969969966 1.1261272928420365 0
50.03003003003003 1.120360229300995 0
50.09009009009009 1.114586396840638 0
50.150150150150154 1.1088057909012115 0
50.210210210210214 1.1030184068338227 0
50.27027027027027 1.0972242399005057 0
50.33033033033033 1.0914232852742738 0
50.39039039039039 1.0856155380391992 0
50.450450450450454 1.0798009931904748 0
50.510510510510514 1.0739796456344695 0
50.57057057057057 1.0681514901888083 0
50.63063063063063 1.0623165215824186 0
50.69069069069069 1.0564747344556118 0
50.750750750750754 1.050626123360126 0
50.810810810810814 1.044770682759215 0
50.87087087087087 1.0389084070276837 0
50.93093093093093 1.0330392904519665 0
50.99099099099099 1.027163327230187 0
51.051051051051054 1.0212805114722203 0
51.111111111111114 1.0153908371997447 0
51.17117117117117 1.0094942983463167 0
51.23123123123123 1.0035908887574192 0
51.29129129129129 0.9976806021905339 0
51.351351351351354 0.9917634323151877 0
51.411411411411414 0.985839372713023 0
51.47147147147147 0.9799084168778589 0
51.53153153153153 0.9739705582157319 0
51.59159159159159 0.9680257900449806 0
51.651651651651655 0.9620741055962815 0
51.711711711711715 0.9561154980127199 0
51.77177177177177 0.9501499603498486 0
51.83183183183183 0.9441774855757292 0
51.891891891891895 0.9381980665710153 0
51.951951951951955 0.9322116961289894 0
52.012012012012015 0.9262183669556242 0
52.07207207207207 0.9202180716696352 0
52.13213213213213 0.9142108028025552 0
52.192192192192195 0.9081965527987674 0
52.252252252252255 0.9021753140155674 0
52.312312312312315 0.8961470787232257 0
52.37237237237237 0.8901118391050415 0
52.43243243243243 0.8840695872573823 0
52.492492492492495 0.8780203151897591 0
52.552552552552555 0.8719640148248669 0
52.612612612612615 0.8659006779986418 0
52.67267267267267 0.8598302964603189 0
52.73273273273273 0.8537528618724745 0
52.792792792792795 0.84766836581109 0
52.852852852852855 0.8415767997656033 0
52.912912912912915 0.8354781551389547 0
52.97297297297297 0.829372423247642 0
53.03303303303303 0.8232595953217778 0
53.093093093093096 0.8171396625051275 0
53.153153153153156 0.8110126158551828 0
53.213213213213216 0.8048784463431858 0
53.27327327327327 0.7987371448542082 0
53.33333333333333 0.7925887021871676 0
53.393393393393396 0.7864331090549128 0
53.453453453453456 0.7802703560842577 0
53.513513513513516 0.774100433816023 0
53.57357357357357 0.7679233327051039 0
53.63363363363363 0.7617390431205007 0
53.693693693693696 0.7555475553453783 0
53.753753753753756 0.7493488595771253 0
53.813813813813816 0.7431429459273785 0
53.87387387387387 0.736929804422088 0
53.93393393393393 0.7307094250015596 0
53.993993993993996 0.7244817975205073 0
54.054054054054056 0.7182469117480907 0
54.114114114114116 0.712004757367979 0
54.17417417417417 0.7057553239783787 0
54.23423423423423 0.6994986010920934 0
54.294294294294296 0.6932345781365669 0
54.354354354354356 0.6869632444539359 0
54.414414414414416 0.680684589301061 0
54.47447447447447 0.6743986018495808 0
54.53453453453453 0.6681052711859693 0
54.5945945945946 0.6618045863115587 0
54.65465465465466 0.6554965361426011 0
54.71471471471472 0.649181109510313 0
54.77477477477477 0.6428582951609072 0
54.83483483483483 0.6365280817556545 0
54.8948948948949 0.6301904578709162 0
54.95495495495496 0.6238454119981893 0
55.01501501501502 0.6174929325441576 0
55.07507507507507 0.6111330078307282 0
55.13513513513513 0.604765626095075 0
55.1951951951952 0.5983907754896902 0
55.25525525525526 0.5920084440824176 0
55.31531531531532 0.5856186198565019 0
55.37537537537537 0.5792212907106278 0
55.43543543543543 0.5728164444589646 0
55.4954954954955 0.5664040688312039 0
55.55555555555556 0.5599841514726095 0
55.61561561561562 0.5535566799440543 0
55.67567567567567 0.5471216417220639 0
55.73573573573573 0.5406790241988486 0
55.7957957957958 0.534228814682365 0
55.85585585585586 0.5277710003963366 0
55.91591591591592 0.5213055684803043 0
55.97597597597597 0.5148325059896661 0
56.03603603603604 0.50835179989572 0
56.0960960960961 0.501863437085694 0
56.15615615615616 0.4953674043627999 0
56.21621621621622 0.48886368844626615 0
56.27627627627627 0.48235227597137675 0
56.33633633633634 0.4758331534895091 0
56.3963963963964 0.4693063074681772 0
56.45645645645646 0.46277172429107505 0
56.51651651651652 0.45622939025810705 0
56.57657657657657 0.44967929158542486 0
56.63663663663664 0.4431214144054769 0
56.6966966966967 0.43655574476704306 0
56.75675675675676 0.42998226863525946 0
56.81681681681682 0.42340097189168313 0
56.87687687687687 0.4168118403343003 0
56.93693693693694 0.4102148596775824 0
56.996996996997 0.4036100155525252 0
57.05705705705706 0.39699729350667345 0
57.11711711711712 0.39037667900416306 0
57.17717717717717 0.38374815742576784 0
57.23723723723724 0.3771117140689198 0
57.2972972972973 0.37046733414775646 0
57.35735735735736 0.3638150027931526 0
57.41741741741742 0.35715470505276237 0
57.47747747747747 0.35048642589104906 0
57.53753753753754 0.34381015018932437 0
57.5975975975976 0.337125862745786 0
57.65765765765766 0.3304335482755405 0
57.71771771771772 0.32373319141065726 0
57.77777777777777 0.31702477670019324 0
57.83783783783784 0.31030828861023096 0
57.8978978978979 0.3035837115239055 0
57.95795795795796 0.2968510297414567 0
58.01801801801802 0.29011022748024184 0
58.07807807807807 0.2833612888747894 0
58.13813813813814 0.27660419797681846 0
58.1981981981982 0.269838938755287 0
58.25825825825826 0.2630654950964094 0
58.31831831831832 0.25628385080370564 0
58.37837837837837 0.24949398959803096 0
58.43843843843844 0.24269589511759393 0
58.4984984984985 0.23588955091801117 0
58.55855855855856 0.2290749404723362 0
58.61861861861862 0.22225204717108024 0
58.67867867867867 0.215420854322253 0
58.73873873873874 0.20858134515140014 0
58.7987987987988 0.20173350280162955 0
58.85885885885886 0.19487731033364292 0
58.91891891891892 0.18801275072576992 0
58.97897897897897 0.18113980687400028 0
59.03903903903904 0.17425846159202119 0
59.0990990990991 0.16736869761123777 0
59.15915915915916 0.16047049758081258 0
59.21921921921922 0.15356384406770063 0
59.27927927927927 0.1466487195566668 0
59.33933933933934 0.13972510645032757 0
59.3993993993994 0.13279298706919046 0
59.45945945945946 0.1258523436516583 0
59.51951951951952 0.11890315835409282 0
59.57957957957958 0.11194541325081728 0
59.63963963963964 0.10497909033416464 0
59.6996996996997 0.09800417151449886 0
59.75975975975976 0.09102063862025528 0
59.81981981981982 0.08402847339795308 0
59.87987987987988 0.07702765751224111 0
59.93993993993994 0.07001817254592785 0
60.0 0.06299999999999889 0
60.0 -0.06299999999999889 0
59.93993993993994 -0.07001817254592785 0
59.87987987987988 -0.07702765751224111 0
59.81981981981982 -0.08402847339795308 0
59.75975975975976 -0.09102063862025528 0
59.6996996996997 -0.09800417151449886 0
59.63963963963964 -0.10497909033416464 0
59.57957957957958 -0.11194541325081728 0
59.51951951951952 -0.11890315835409282 0
59.45945945945946 -0.1258523436516583 0
59.3993993993994 -0.13279298706919046 0
59.33933933933934 -0.13972510645032757 0
59.27927927927927 -0.1466487195566668 0
59.21921921921922 -0.15356384406770063 0
59.15915915915916 -0.16047049758081258 0
59.0990990990991 -0.16736869761123777 0
59.03903903903904 -0.17425846159202119 0
58.97897897897897 -0.18113980687400028 0
58.91891891891892 -0.18801275072576992 0
58.85885885885886 -0.19487731033364292 0
58.7987987987988 -0.20173350280162955 0
58.73873873873874 -0.20858134515140014 0
58.67867867867867 -0.215420854322253 0
58.61861861861862 -0.22225204717108024 0
58.55855855855856 -0.2290749404723362 0
58.4984984984985 -0.23588955091801117 0
58.43843843843844 -0.24269589511759393 0
58.37837837837837 -0.24949398959803096 0
58.31831831831832 -0.25628385080370564 0
58.25825825825826 -0.2630654950964094 0
58.1981981981982 -0.269838938755287 0
58.13813813813814 -0.27660419797681846 0
58.07807807807807 -0.2833612888747894 0
58.01801801801802 -0.29011022748024184 0
57.95795795795796 -0.2968510297414567 0
57.8978978978979 -0.3035837115239055 0
57.83783783783784 -0.31030828861023096 0
57.77777777777777 -0.31702477670019324 0
57.71771771771772 -0.32373319141065726 0
57.65765765765766 -0.3304335482755405 0
57.5975975975976 -0.337125862745786 0
57.53753753753754 -0.34381015018932437 0
57.47747747747747 -0.35048642589104906 0
57.41741741741742 -0.35715470505276237 0
57.35735735735736 -0.3638150027931526 0
57.2972972972973 -0.37046733414775646 0
57.23723723723724 -0.3771117140689198 0
57.17717717717717 -0.38374815742576784 0
57.11711711711712 -0.39037667900416306 0
57.05705705705706 -0.39699729350667345 0
56.996996996997 -0.4036100155525252 0
56.93693693693694 -0.4102148596775824 0
56.87687687687687 -0.4168118403343003 0
56.81681681681682 -0.42340097189168313 0
56.75675675675676 -0.42998226863525946 0
56.6966966966967 -0.43655574476704306 0
56.63663663663664 -0.4431214144054769 0
56.57657657657657 -0.44967929158542486 0
56.51651651651652 -0.45622939025810705 0
56.45645645645646 -0.46277172429107505 0
56.3963963963964 -0.4693063074681772 0
56.33633633633634 -0.4758331534895091 0
56.27627627627627 -0.48235227597137675 0
56.21621621621622 -0.48886368844626615 0
56.15615615615616 -0.4953674043627999 0
56.0960960960961 -0.501863437085694 0
56.03603603603604 -0.50835179989572 0
55.97597597597597 -0.5148325059896661 0
55.91591591591592 -0.5213055684803043 0
55.85585585585586 -0.5277710003963366 0
55.7957957957958 -0.534228814682365 0
55.73573573573573 -0.5406790241988486 0
55.67567567567567 -0.5471216417220639 0
55.61561561561562 -0.5535566799440543 0
55.55555555555556 -0.5599841514726095 0
55.4954954954955 -0.5664040688312039 0
55.43543543543543 -0.5728164444589646 0
55.37537537537537 -0.5792212907106278 0
55.31531531531532 -0.5856186198565019 0
55.25525525525526 -0.5920084440824176 0
55.1951951951952 -0.5983907754896902 0
55.13513513513513 -0.604765626095075 0
55.07507507507507 -0.6111330078307282 0
55.01501501501502 -0.6174929325441576 0
54.95495495495496 -0.6238454119981893 0
54.8948948948949 -0.6301904578709162 0
54.83483483483483 -0.6365280817556545 0
54.77477477477477 -0.6428582951609072 0
54.71471471471472 -0.649181109510313 0
54.65465465465466 -0.6554965361426011 0
54.5945945945946 -0.6618045863115587 0
54.53453453453453 -0.6681052711859693 0
54.47447447447447 -0.6743986018495808 0
54.414414414414416 -0.680684589301061 0
54.354354354354356 -0.6869632444539359 0
54.294294294294296 -0.6932345781365669 0
54.23423423423423 -0.6994986010920934 0
54.17417417417417 -0.7057553239783787 0
54.114114114114116 -0.712004757367979 0
54.054054054054056 -0.7182469117480907 0
53.993993993993996 -0.7244817975205073 0
53.93393393393393 -0.7307094250015596 0
53.87387387387387 -0.736929804422088 0
53.813813813813816 -0.7431429459273785 0
53.753753753753756 -0.7493488595771253 0
53.693693693693696 -0.7555475553453783 0
53.63363363363363 -0.7617390431205007 0
53.57357357357357 -0.7679233327051039 0
53.513513513513516 -0.774100433816023 0
53.453453453453456 -0.7802703560842577 0
53.393393393393396 -0.7864331090549128 0
53.33333333333333 -0.7925887021871676 0
53.27327327327327 -0.7987371448542082 0
53.213213213213216 -0.8048784463431858 0
53.153153153153156 -0.8110126158551828 0
53.093093093093096 -0.8171396625051275 0
53.03303303303303 -0.8232595953217778 0
52.97297297297297 -0.829372423247642 0
52.912912912912915 -0.8354781551389547 0
52.852852852852855 -0.8415767997656033 0
52.792792792792795 -0.84766836581109 0
52.73273273273273 -0.8537528618724745 0
52.67267267267267 -0.8598302964603189 0
52.612612612612615 -0.8659006779986418 0
52.552552552552555 -0.8719640148248669 0
52.492492492492495 -0.8780203151897591 0
52.43243243243243 -0.8840695872573823 0
52.37237237237237 -0.8901118391050415 0
52.312312312312315 -0.8961470787232257 0
52.252252252252255 -0.9021753140155674 0
52.192192192192195 -0.9081965527987674 0
52.13213213213213 -0.9142108028025552 0
52.07207207207207 -0.9202180716696352 0
52.012012012012015 -0.9262183669556242 0
51.951951951951955 -0.9322116961289894 0
51.891891891891895 -0.9381980665710153 0
51.83183183183183 -0.9441774855757292 0
51.77177177177177 -0.9501499603498486 0
51.711711711711715 -0.9561154980127199 0
51.651651651651655 -0.9620741055962815 0
51.59159159159159 -0.9680257900449806 0
51.53153153153153 -0.9739705582157319 0
51.47147147147147 -0.9799084168778589 0
51.411411411411414 -0.985839372713023 0
51.351351351351354 -0.9917634323151877 0
51.29129129129129 -0.9976806021905339 0
51.23123123123123 -1.0035908887574192 0
51.17117117117117 -1.0094942983463167 0
51.111111111111114 -1.0153908371997447 0
51.051051051051054 -1.0212805114722203 0
50.99099099099099 -1.027163327230187 0
50.93093093093093 -1.0330392904519665 0
50.87087087087087 -1.0389084070276837 0
50.810810810810814 -1.044770682759215 0
50.750750750750754 -1.050626123360126 0
50.69069069069069 -1.0564747344556118 0
50.63063063063063 -1.0623165215824186 0
50.57057057057057 -1.0681514901888083 0
50.510510510510514 -1.0739796456344695 0
50.450450450450454 -1.0798009931904748 0
50.39039039039039 -1.0856155380391992 0
50.33033033033033 -1.0914232852742738 0
50.27027027027027 -1.0972242399005057 0
50.210210210210214 -1.1030184068338227 0
50.150150150150154 -1.1088057909012115 0
50.09009009009009 -1.114586396840638 0
50.03003003003003 -1.120360229300995 0
49.969969969969966 -1.1261272928420365 0
49.90990990990991 -1.1318875919342974 0
49.84984984984985 -1.1376411309590448 0
49.789789789789786 -1.1433879142081969 0
49.729729729729726 -1.1491279458842625 0
49.669669669669666 -1.154861230100272 0
49.60960960960961 -1.1605877708797083 0
49.54954954954955 -1.1663075721564398 0
49.489489489489486 -1.1720206377746494 0
49.429429429429426 -1.1777269714887657 0
49.369369369369366 -1.1834265769633971 0
49.30930930930931 -1.189119457773252 0
49.24924924924925 -1.194805617403079 0
49.189189189189186 -1.2004850592475982 0
49.129129129129126 -1.20615778661141 0
49.069069069069066 -1.2118238027089503 0
49.00900900900901 -1.2174831106643913 0
48.94894894894895 -1.2231357135115997 0
48.888888888888886 -1.2287816141940338 0
48.828828828828826 -1.2344208155646907 0
48.768768768768766 -1.2400533203860244 0
48.70870870870871 -1.2456791313298705 0
48.64864864864865 -1.2512982509773805 0
48.588588588588586 -1.2569106818189335 0
48.528528528528525 -1.2625164262540742 0
48.468468468468465 -1.2681154865914264 0
48.40840840840841 -1.2737078650486258 0
48.34834834834835 -1.2792935637522391 0
48.288288288288285 -1.2848725847376852 0
48.228228228228225 -1.2904449299491632 0
48.168168168168165 -1.2960106012395647 0
48.10810810810811 -1.301569600370411 0
48.048048048048045 -1.307121929011764 0
47.987987987987985 -1.3126675887421402 0
47.927927927927925 -1.318206581048449 0
47.867867867867865 -1.3237389073258983 0
47.80780780780781 -1.329264568877922 0
47.747747747747745 -1.3347835669160977 0
47.687687687687685 -1.3402959025600563 0
47.627627627627625 -1.3458015768374125 0
47.567567567567565 -1.351300590683676 0
47.50750750750751 -1.3567929449421727 0
47.447447447447445 -1.3622786403639595 0
47.387387387387385 -1.3677576776077311 0
47.327327327327325 -1.3732300572397549 0
47.267267267267265 -1.3786957797337704 0
47.20720720720721 -1.3841548454709116 0
47.147147147147145 -1.3896072547396219 0
47.087087087087085 -1.3950530077355567 0
47.027027027027025 -1.4004921045615117 0
46.966966966966964 -1.4059245452273326 0
46.90690690690691 -1.4113503296498173 0
46.846846846846844 -1.4167694576526386 0
46.786786786786784 -1.4221819289662498 0
46.726726726726724 -1.4275877432278 0
46.666666666666664 -1.4329868999810385 0
46.60660660660661 -1.4383793986762299 0
46.546546546546544 -1.4437652386700597 0
46.486486486486484 -1.449144419225545 0
46.426426426426424 -1.4545169395119453 0
46.366366366366364 -1.4598827986046616 0
46.30630630630631 -1.465241995485151 0
46.246246246246244 -1.4705945290408378 0
46.186186186186184 -1.4759403980650019 0
46.126126126126124 -1.4812796012567035 0
46.066066066066064 -1.4866121372206769 0
46.00600600600601 -1.4919380044672375 0
45.945945945945944 -1.497257201412188 0
45.885885885885884 -1.5025697263767193 0
45.825825825825824 -1.5078755775873143 0
45.765765765765764 -1.5131747531756423 0
45.70570570570571 -1.518467251178477 0
45.645645645645644 -1.5237530695375863 0
45.585585585585584 -1.5290322060996282 0
45.525525525525524 -1.534304658616059 0
45.46546546546546 -1.5395704247430342 0
45.40540540540541 -1.5448295020412999 0
45.34534534534534 -1.550081887976094 0
45.28528528528528 -1.555327579917043 0
45.22522522522522 -1.5605665751380613 0
45.16516516516516 -1.5657988708172377 0
45.10510510510511 -1.5710244640367494 0
45.04504504504504 -1.576243351782738 0
44.98498498498498 -1.5814555309452147 0
44.92492492492492 -1.5866609983179474 0
44.86486486486486 -1.5918597505983612 0
44.80480480480481 -1.5970517843874275 0
44.74474474474474 -1.60223709618955 0
44.68468468468468 -1.6074156824124588 0
44.62462462462462 -1.6125875393671092 0
44.56456456456456 -1.617752663267558 0
44.50450450450451 -1.622911050230869 0
44.44444444444444 -1.6280626962769786 0
44.38438438438438 -1.6332075973286042 0
44.32432432432432 -1.6383457492111229 0
44.26426426426426 -1.6434771476524572 0
44.20420420420421 -1.6486017882829578 0
44.14414414414414 -1.6537196666353007 0
44.08408408408408 -1.6588307781443536 0
44.02402402402402 -1.6639351181470734 0
43.96396396396396 -1.6690326818823877 0
43.9039039039039 -1.6741234644910683 0
43.84384384384384 -1.6792074610156176 0
43.78378378378378 -1.6842846664001512 0
43.72372372372372 -1.6893550754902815 0
43.66366366366366 -1.694418683032979 0
43.6036036036036 -1.6994754836764714 0
43.54354354354354 -1.7045254719701108 0
43.48348348348348 -1.7095686423642529 0
43.42342342342342 -1.7146049892101314 0
43.36336336336336 -1.7196345067597367 0
43.3033033033033 -1.7246571891656837 0
43.24324324324324 -1.7296730304810946 0
43.18318318318318 -1.7346820246594665 0
43.12312312312312 -1.739684165554542 0
43.06306306306306 -1.744679446920187 0
43.003003003003 -1.7496678624102528 0
42.94294294294294 -1.7546494055784554 0
42.88288288288288 -1.7596240698782333 0
42.82282282282282 -1.7645918486626269 0
42.76276276276276 -1.7695527351841378 0
42.7027027027027 -1.7745067225946 0
42.64264264264264 -1.779453803945038 0
42.58258258258258 -1.7843939721855455 0
42.52252252252252 -1.7893272201651331 0
42.46246246246246 -1.7942535406316034 0
42.4024024024024 -1.7991729262314076 0
42.34234234234234 -1.804085369509506 0
42.28228228228228 -1.8089908629092328 0
42.22222222222222 -1.8138893987721498 0
42.16216216216216 -1.8187809693379111 0
42.1021021021021 -1.8236655667441184 0
42.04204204204204 -1.828543183026172 0
41.98198198198198 -1.8334138101171378 0
41.92192192192192 -1.8382774398475923 0
41.86186186186186 -1.8431340639454825 0
41.8018018018018 -1.847983674035977 0
41.74174174174174 -1.8528262616413143 0
41.68168168168168 -1.8576618181806612 0
41.62162162162162 -1.8624903349699597 0
41.56156156156156 -1.8673118032217715 0
41.5015015015015 -1.8721262140451365 0
41.44144144144144 -1.8769335584454112 0
41.38138138138138 -1.8817338273241142 0
41.32132132132132 -1.8865270114787782 0
41.26126126126126 -1.8913131016027944 0
41.2012012012012 -1.896092088285247 0
41.14114114114114 -1.9008639620107595 0
41.08108108108108 -1.9056287131593432 0
41.02102102102102 -1.9103863320062229 0
40.96096096096096 -1.9151368087216931 0
40.9009009009009 -1.919880133370935 0
40.84084084084084 -1.9246162959138786 0
40.78078078078078 -1.9293452862050129 0
40.72072072072072 -1.9340670939932396 0
40.66066066066066 -1.9387817089216988 0
40.6006006006006 -1.943489120527602 0
40.54054054054054 -1.9481893182420622 0
40.48048048048048 -1.9528822913899266 0
40.42042042042042 -1.9575680291896096 0
40.36036036036036 -1.9622465207529092 0
40.3003003003003 -1.9669177550848458 0
40.24024024024024 -1.9715817210834787 0
40.18018018018018 -1.9762384075397412 0
40.12012012012012 -1.9808878031372512 0
40.06006006006005 -1.9855298964521437 0
40.0 -1.9901646759528855 0
39.93993993993994 -1.994792130000097 0
39.87987987987988 -1.9994122468463726 0
39.81981981981982 -2.004025014636095 0
39.75975975975976 -2.008630421405254 0
39.6996996996997 -2.0132284550812543 0
39.63963963963964 -2.0178191034827435 0
39.57957957957958 -2.0224023543194054 0
39.51951951951952 -2.0269781951917882 0
39.45945945945945 -2.031546613591103 0
39.3993993993994 -2.0361075968990354 0
39.33933933933934 -2.0406611323875588 0
39.27927927927928 -2.0452072072187235 0
39.21921921921922 -2.049745808444482 0
39.15915915915916 -2.054276923006481 0
39.0990990990991 -2.0588005377358543 0
39.03903903903904 -2.063316639353046 0
38.97897897897898 -2.067825214467587 0
38.91891891891892 -2.072326249577905 0
38.85885885885885 -2.076819731071118 0
38.7987987987988 -2.0813056452228254 0
38.73873873873874 -2.0857839781969103 0
38.67867867867868 -2.0902547160453184 0
38.61861861861862 -2.0947178447078567 0
38.55855855855856 -2.0991733500119842 0
38.4984984984985 -2.103621217672596 0
38.43843843843844 -2.108061433291803 0
38.37837837837838 -2.1124939823587296 0
38.31831831831832 -2.1169188502492884 0
38.25825825825825 -2.1213360222259574 0
38.1981981981982 -2.1257454834375715 0
38.13813813813814 -2.1301472189190918 0
38.07807807807808 -2.1345412135913846 0
38.01801801801802 -2.1389274522609965 0
37.95795795795796 -2.1433059196199307 0
37.8978978978979 -2.147676600245415 0
37.83783783783784 -2.1520394785996717 0
37.77777777777778 -2.156394539029689 0
37.71771771771772 -2.1607417657669883 0
37.65765765765765 -2.165081142927393 0
37.5975975975976 -2.1694126545107735 0
37.53753753753754 -2.173736284400835 0
37.47747747747748 -2.1780520163648625 0
37.41741741741742 -2.1823598340534813 0
37.35735735735736 -2.186659721000416 0
37.2972972972973 -2.190951660622242 0
37.23723723723724 -2.195235636218144 0
37.17717717717718 -2.1995116309696643 0
37.11711711711712 -2.2037796279404476 0
37.05705705705705 -2.208039610076001 0
36.996996996997 -2.2122915602034263 0
36.93693693693694 -2.2165354610311736 0
36.87687687687688 -2.220771295148781 0
36.81681681681682 -2.2249990450266104 0
36.75675675675676 -2.2292186930155937 0
36.6966966966967 -2.23343022134696 0
36.63663663663664 -2.2376336121319826 0
36.57657657657658 -2.2418288473616963 0
36.51651651651652 -2.2460159089066427 0
36.45645645645645 -2.2501947785165903 0
36.3963963963964 -2.254365437820259 0
36.33633633633634 -2.258527868325052 0
36.27627627627628 -2.2626820514167743 0
36.21621621621621 -2.266827968359354 0
36.15615615615616 -2.2709656002945615 0
36.0960960960961 -2.275094928241719 0
36.03603603603604 -2.2792159330974284 0
35.97597597597598 -2.283328595635265 0
35.91591591591591 -2.287432896505511 0
35.85585585585585 -2.291528816234833 0
35.7957957957958 -2.2956163352260193 0
35.73573573573574 -2.299695433757657 0
35.67567567567568 -2.303766091983848 0
35.61561561561561 -2.307828289933903 0
35.55555555555556 -2.311882007512038 0
35.4954954954955 -2.3159272244970683 0
35.43543543543544 -2.319963920542099 0
35.37537537537538 -2.323992075174222 0
35.31531531531531 -2.3280116677941893 0
35.25525525525525 -2.3320226776761106 0
35.1951951951952 -2.3360250839671264 0
35.13513513513514 -2.3400188656870937 0
35.07507507507508 -2.34400400172826 0
35.01501501501501 -2.3479804708549445 0
34.95495495495496 -2.351948251703196 0
34.8948948948949 -2.3559073227804803 0
34.83483483483484 -2.359857662465336 0
34.77477477477478 -2.3637992490070387 0
34.71471471471471 -2.367732060525271 0
34.65465465465465 -2.371656075009777 0
34.5945945945946 -2.3755712703200156 0
34.53453453453454 -2.3794776241848234 0
34.474474474474476 -2.3833751142020585 0
34.41441441441441 -2.3872637178382514 0
34.354354354354356 -2.3911434124282507 0
34.294294294294296 -2.395014175174869 0
34.234234234234236 -2.3988759831485176 0
34.174174174174176 -2.4027288132868465 0
34.11411411411411 -2.4065726423943854 0
34.05405405405405 -2.4104074471421617 0
33.993993993993996 -2.414233204067341 0
33.933933933933936 -2.4180498895728495 0
33.873873873873876 -2.4218574799269907 0
33.81381381381381 -2.42565595126308 0
33.753753753753756 -2.429445279579042 0
33.693693693693696 -2.43322544073704 0
33.633633633633636 -2.4369964104630775 0
33.573573573573576 -2.44075816434661 0
33.51351351351351 -2.4445106778401486 0
33.45345345345345 -2.44825392625886 0
33.393393393393396 -2.4519878847801655 0
33.333333333333336 -2.455712528443331 0
33.273273273273276 -2.45942783214907 0
33.21321321321321 -2.463133770659115 0
33.153153153153156 -2.466830318595818 0
33.093093093093096 -2.4705174504417204 0
33.033033033033036 -2.474195140539136 0
32.972972972972975 -2.477863363089726 0
32.91291291291291 -2.4815220921540657 0
32.85285285285285 -2.4851713016512162 0
32.792792792792795 -2.4888109653582857 0
32.732732732732735 -2.492441056909994 0
32.67267267267267 -2.4960615497982204 0
32.61261261261261 -2.499672417371563 0
32.552552552552555 -2.503273632834885 0
32.492492492492495 -2.506865169248868 0
32.432432432432435 -2.510446999529541 0
32.37237237237237 -2.5140190964478286 0
32.31231231231231 -2.5175814326290755 0
32.25225225225225 -2.5211339805525896 0
32.192192192192195 -2.5246767125511544 0
32.132132132132135 -2.5282096008105586 0
32.07207207207207 -2.531732617369115 0
32.01201201201201 -2.535245734117171 0
31.95195195195195 -2.5387489227966196 0
31.89189189189189 -2.5422421550004066 0
31.831831831831835 -2.5457254021720295 0
31.771771771771768 -2.549198635605041 0
31.71171171171171 -2.5526618264425336 0
31.65165165165165 -2.5561149456766312 0
31.59159159159159 -2.559557964147981 0
31.531531531531535 -2.562990852545221 0
31.471471471471467 -2.566413581404468 0
31.41141141141141 -2.5698261211087754 0
31.35135135135135 -2.5732284418876135 0
31.29129129129129 -2.5766205138163216 0
31.231231231231234 -2.5800023068155675 0
31.171171171171167 -2.5833737906508065 0
31.11111111111111 -2.5867349349317137 0
31.05105105105105 -2.590085709111646 0
30.99099099099099 -2.5934260824870674 0
30.930930930930934 -2.5967560241969867 0
30.870870870870867 -2.6000755032223863 0
30.81081081081081 -2.603384488385639 0
30.75075075075075 -2.606682948349937 0
30.69069069069069 -2.6099708516187006 0
30.630630630630634 -2.6132481665349796 0
30.570570570570567 -2.616514861280864 0
30.51051051051051 -2.6197709038768804 0
30.45045045045045 -2.623016262181378 0
30.39039039039039 -2.6262509038899258 0
30.330330330330334 -2.6294747965346854 0
30.270270270270267 -2.632687907483787 0
30.21021021021021 -2.635890203940703 0
30.15015015015015 -2.6390816529436107 0
30.09009009009009 -2.6422622213647537 0
30.030030030030034 -2.645431875909793 0
29.96996996996997 -2.648590583117147 0
29.90990990990991 -2.651738309357349 0
29.84984984984985 -2.6548750208323684 0
29.78978978978979 -2.658000683574947 0
29.72972972972973 -2.6611152634479165 0
29.66966966966967 -2.6642187261435253 0
29.60960960960961 -2.6673110371827367 0
29.54954954954955 -2.6703921619145463 0
29.489489489489486 -2.6734620655152708 0
29.42942942942943 -2.6765207129878403 0
29.36936936936937 -2.6795680691610952 0
29.30930930930931 -2.6826040986890463 0
29.24924924924925 -2.6856287660501623 0
29.189189189189186 -2.688642035546627 0
29.12912912912913 -2.691643871303602 0
29.06906906906907 -2.694634237268476 0
29.00900900900901 -2.6976130972101067 0
28.94894894894895 -2.700580414718066 0
28.888888888888886 -2.7035361532018647 0
28.82882882882883 -2.706480275890177 0
28.76876876876877 -2.709412745830056 0
28.70870870870871 -2.7123335258861436 0
28.64864864864865 -2.715242578739871 0
28.588588588588586 -2.7181398668886554 0
28.52852852852853 -2.7210253526450767 0
28.46846846846847 -2.7238989981360704 0
28.40840840840841 -2.726760765302081 0
28.34834834834835 -2.7296106158962394 0
28.288288288288285 -2.7324485114835118 0
28.22822822822823 -2.735274413439842 0
28.16816816816817 -2.7380882829512987 0
28.10810810810811 -2.7408900810131964 0
28.04804804804805 -2.7436797684292236 0
27.987987987987985 -2.746457305810551 0
27.92792792792793 -2.749222653574945 0
27.867867867867865 -2.75197577194585 0
27.80780780780781 -2.7547166209514917 0
27.74774774774775 -2.757445160423939 0
27.687687687687685 -2.760161349998185 0
27.62762762762763 -2.7628651491112057 0
27.567567567567565 -2.7655565170010052 0
27.50750750750751 -2.7682354127056645 0
27.44744744744745 -2.77090179506237 0
27.387387387387385 -2.7735556227064353 0
27.32732732732733 -2.7761968540703177 0
27.267267267267265 -2.7788254473826224 0
27.207207207207208 -2.781441360667087 0
27.147147147147148 -2.7840445517415793 0
27.087087087087085 -2.7866349782170587 0
27.027027027027028 -2.789212597496544 0
26.966966966966964 -2.7917773667740677 0
26.906906906906908 -2.794329243033617 0
26.846846846846848 -2.796868183048061 0
26.786786786786784 -2.79939414337808 0
26.726726726726728 -2.801907080371067 0
26.666666666666664 -2.804406950160036 0
26.606606606606608 -2.8068937086624994 0
26.546546546546548 -2.809367311579354 0
26.486486486486484 -2.8118277143937362 0
26.426426426426428 -2.8142748723698854 0
26.366366366366364 -2.81670874055198 0
26.306306306306308 -2.819129273762968 0
26.246246246246248 -2.821536426603387 0
26.186186186186184 -2.823930153450165 0
26.126126126126128 -2.8263104084554196 0
26.066066066066064 -2.828677145545233 0
26.006006006006007 -2.8310303184184282 0
25.945945945945947 -2.833369880545315 0
25.885885885885884 -2.8356957851664397 0
25.825825825825827 -2.8380079852913065 0
25.765765765765764 -2.840306433697105 0
25.705705705705707 -2.8425910829274 0
25.645645645645644 -2.844861885290833 0
25.585585585585584 -2.84711879285978 0
25.525525525525527 -2.8493617574690346 0
25.465465465465464 -2.8515907307144377 0
25.405405405405407 -2.853805663951513 0
25.345345345345343 -2.8560065082940915 0
25.285285285285283 -2.8581932146129083 0
25.225225225225227 -2.8603657335341937 0
25.165165165165163 -2.862524015438244 0
25.105105105105107 -2.864668010457981 0
25.045045045045043 -2.866797668477497 0
24.984984984984983 -2.8689129391305714 0
24.924924924924927 -2.8710137717991944 0
24.864864864864863 -2.8731001156120506 0
24.804804804804807 -2.8751719194430017 0
24.744744744744743 -2.877229131909549 0
24.684684684684683 -2.879271701371273 0
24.624624624624627 -2.881299575928267 0
24.564564564564563 -2.883312703419543 0
24.504504504504506 -2.8853110314214248 0
24.444444444444443 -2.8872945072459264 0
24.384384384384383 -2.889263077939103 0
24.324324324324326 -2.8912166902793945 0
24.264264264264263 -2.8931552907759484 0
24.204204204204206 -2.8950788256669115 0
24.144144144144143 -2.8969872409177237 0
24.084084084084083 -2.898880482219372 0
24.024024024024023 -2.900758494986643 0
23.963963963963963 -2.9026212243563396 0
23.903903903903906 -2.9044686151854866 0
23.843843843843842 -2.9063006120495225 0
23.783783783783782 -2.9081171592404473 0
23.723723723723722 -2.909918200764979 0
23.663663663663662 -2.9117036803426717 0
23.603603603603606 -2.9134735414040067 0
23.543543543543542 -2.9152277270884794 0
23.483483483483482 -2.916966180242653 0
23.423423423423422 -2.9186888434181864 0
23.363363363363362 -2.9203956588698534 0
23.303303303303306 -2.9220865685535293 0
23.243243243243242 -2.923761514124143 0
23.183183183183182 -2.9254204369336363 0
23.123123123123122 -2.9270632780288643 0
23.063063063063062 -2.9286899781494977 0
23.003003003003005 -2.9303004777258845 0
22.942942942942942 -2.9318947168768967 0
22.882882882882882 -2.9334726354077447 0
22.822822822822822 -2.935034172807769 0
22.762762762762762 -2.936579268248202 0
22.702702702702705 -2.9381078605799167 0
22.64264264264264 -2.9396198883311238 0
22.58258258258258 -2.9411152897050696 0
22.52252252252252 -2.9425940025776827 0
22.46246246246246 -2.9440559644952025 0
22.402402402402405 -2.945501112671789 0
22.34234234234234 -2.946929383987083 0
22.28228228228228 -2.9483407149837513 0
22.22222222222222 -2.9497350418649972 0
22.16216216216216 -2.951112300492044 0
22.102102102102105 -2.9524724263815845 0
22.04204204204204 -2.9538153547031976 0
21.98198198198198 -2.95514102027674 0
21.92192192192192 -2.9564493575696997 0
21.86186186186186 -2.9577403006945184 0
21.8018018018018 -2.959013783405881 0
21.74174174174174 -2.9602697390979755 0
21.68168168168168 -2.961508100801708 0
21.62162162162162 -2.9627288011818966 0
21.56156156156156 -2.9639317725344214 0
21.5015015015015 -2.9651169467833385 0
21.44144144144144 -2.9662842554779645 0
21.38138138138138 -2.9674336297899147 0
21.32132132132132 -2.968565000510114 0
21.26126126126126 -2.9696782980457628 0
21.2012012012012 -2.9707734524172644 0
21.14114114114114 -2.9718503932551203 0
21.08108108108108 -2.9729090497967703 0
21.02102102102102 -2.9739493508834203 0
20.96096096096096 -2.9749712249567897 0
20.9009009009009 -2.9759746000558565 0
20.84084084084084 -2.976959403813532 0
20.78078078078078 -2.9779255634533084 0
20.72072072072072 -2.978873005785851 0
20.66066066066066 -2.9798016572055586 0
20.6006006006006 -2.980711443687067 0
20.54054054054054 -2.9816022907817152 0
20.48048048048048 -2.982474123613961 0
20.42042042042042 -2.9833268668777455 0
20.36036036036036 -2.984160444832822 0
20.3003003003003 -2.9849747813010215 0
20.24024024024024 -2.9857697996624784 0
20.18018018018018 -2.986545422851798 0
20.12012012012012 -2.987301573354184 0
20.06006006006006 -2.988038173201502 0
20.0 -2.988755143968293 0
19.93993993993994 -2.9894524067677395 0
19.87987987987988 -2.9901298822475733 0
19.81981981981982 -2.9907874905859173 0
19.75975975975976 -2.991425151487089 0
19.6996996996997 -2.992042784177337 0
19.63963963963964 -2.992640307400513 0
19.57957957957958 -2.9932176394136922 0
19.51951951951952 -2.9937746979827393 0
19.45945945945946 -2.9943114003777973 0
19.3993993993994 -2.9948276633687176 0
19.33933933933934 -2.9953234032204454 0
19.27927927927928 -2.99579853568831 0
19.21921921921922 -2.996252976013272 0
19.15915915915916 -2.996686638917098 0
19.0990990990991 -2.99709943859746 0
19.03903903903904 -2.9974912887229705 0
18.97897897897898 -2.9978621024281544 0
18.91891891891892 -2.9982117923083322 0
18.85885885885886 -2.9985402704144506 0
18.7987987987988 -2.9988474482478185 0
18.73873873873874 -2.999133236754786 0
18.67867867867868 -2.999397546321326 0
18.61861861861862 -2.999640286767562 0
18.55855855855856 -2.9998613673421968 0
18.4984984984985 -3.000060696716864 0
18.43843843843844 -3.0002381829804046 0
18.37837837837838 -3.0003937336330533 0
18.31831831831832 -3.0005272555805376 0
18.25825825825826 -3.000638655128097 0
18.1981981981982 -3.0007278379744076 0
18.13813813813814 -3.0007947092054117 0
18.07807807807808 -3.0008391732880755 0
18.01801801801802 -3.0008611340640248 0
17.957957957957955 -3.0008604947431117 0
17.8978978978979 -3.000837157896862 0
17.83783783783784 -3.000791025451844 0
17.77777777777778 -3.000721998682924 0
17.71771771771772 -3.0006299782064145 0
17.657657657657655 -3.0005148639731405 0
17.5975975975976 -3.0003765552613664 0
17.53753753753754 -3.0002149506696494 0
17.47747747747748 -3.000029948109554 0
17.41741741741742 -2.999821444798269 0
17.357357357357355 -2.9995893372511087 0
17.2972972972973 -2.999333521273889 0
17.237237237237238 -2.9990538919551937 0
17.177177177177178 -2.9987503436585197 0
17.117117117117118 -2.9984227700142823 0
17.057057057057055 -2.998071063911718 0
16.996996996996998 -2.9976951174906477 0
16.936936936936938 -2.997294822133093 0
16.876876876876878 -2.996870068454793 0
16.816816816816818 -2.996420746296555 0
16.756756756756754 -2.9959467447154764 0
16.696696696696698 -2.995447951976038 0
16.636636636636638 -2.994924255541021 0
16.576576576576578 -2.9943755420623157 0
16.516516516516518 -2.993801697371542 0
16.456456456456454 -2.99320260647055 0
16.396396396396398 -2.9925781535217424 0
16.336336336336334 -2.9919282218382444 0
16.276276276276278 -2.9912526938739057 0
16.216216216216218 -2.990551451213154 0
16.156156156156154 -2.9898243745606496 0
16.096096096096097 -2.989071343730799 0
16.036036036036034 -2.988292237637064 0
15.975975975975976 -2.9874869342811134 0
15.915915915915917 -2.9866553107417713 0
15.855855855855856 -2.985797243163794 0
15.795795795795796 -2.9849126067464455 0
15.735735735735734 -2.984001275731881 0
15.675675675675675 -2.9830631233933294 0
15.615615615615617 -2.982098022023073 0
15.555555555555555 -2.9811058429202157 0
15.495495495495495 -2.980086456378244 0
15.435435435435434 -2.9790397316723696 0
15.375375375375375 -2.977965537046643 0
15.315315315315317 -2.9768637397008515 0
15.255255255255255 -2.9757342057771727 0
15.195195195195195 -2.9745768003466075 0
15.135135135135133 -2.9733913873951576 0
15.075075075075075 -2.9721778298097616 0
15.015015015015017 -2.970935989363979 0
14.954954954954955 -2.9696657267034143 0
14.894894894894895 -2.968366901330879 0
14.834834834834835 -2.967039371591286 0
14.774774774774775 -2.965682994656259 0
14.714714714714715 -2.9642976265084795 0
14.654654654654655 -2.9628831219257195 0
14.594594594594593 -2.9614393344646044 0
14.534534534534535 -2.959966116444058 0
14.474474474474475 -2.95846331892845 0
14.414414414414415 -2.95693079171042 0
14.354354354354355 -2.9553683832933846 0
14.294294294294293 -2.953775940873712 0
14.234234234234235 -2.9521533103225663 0
14.174174174174174 -2.950500336167392 0
14.114114114114114 -2.9488168615730586 0
14.054054054054054 -2.9471027283226405 0
13.993993993993993 -2.9453577767978225 0
13.933933933933933 -2.9435818459589322 0
13.873873873873874 -2.941774773324577 0
13.813813813813814 -2.939936394950895 0
13.753753753753754 -2.9380665454103907 0
13.693693693693692 -2.9361650577703533 0
13.633633633633632 -2.934231763570861 0
13.573573573573574 -2.932266492802329 0
13.513513513513514 -2.930269073882634 0
13.453453453453454 -2.928239333633752 0
13.393393393393392 -2.926177097257959 0
13.333333333333332 -2.92408218831352 0
13.273273273273274 -2.9219544286899035 0
13.213213213213214 -2.9197936385824903 0
13.153153153153154 -2.9175996364667505 0
13.093093093093092 -2.9153722390719086 0
13.033033033033032 -2.9131112613540435 0
12.972972972972974 -2.9108165164686506 0
12.912912912912914 -2.9084878157426166 0
12.852852852852854 -2.9061249686456145 0
12.792792792792792 -2.9037277827608934 0
12.732732732732732 -2.901296063755447 0
12.672672672672672 -2.8988296153495625 0
12.612612612612613 -2.896328239285697 0
12.552552552552553 -2.89379173529671 0
12.492492492492492 -2.891219901073389 0
12.432432432432432 -2.8886125322312886 0
12.372372372372372 -2.885969422276839 0
12.312312312312313 -2.8832903625727164 0
12.252252252252253 -2.88057514230245 0
12.192192192192191 -2.87782354843425 0
12.132132132132131 -2.8750353656840306 0
12.072072072072071 -2.87221037647761 0
12.012012012012011 -2.869348360912062 0
11.951951951951953 -2.8664490967161944 0
11.891891891891891 -2.863512359210141 0
11.831831831831831 -2.8605379212640223 0
11.771771771771771 -2.8575255532556696 0
11.711711711711711 -2.854475023027373 0
11.651651651651653 -2.8513860958416353 0
11.591591591591591 -2.8482585343358875 0
11.531531531531531 -2.8450920984761567 0
11.471471471471471 -2.8418865455096474 0
11.411411411411411 -2.8386416299161956 0
11.351351351351353 -2.835357103358576 0
11.29129129129129 -2.8320327146316315 0
11.23123123123123 -2.828668209610168 0
11.17117117117117 -2.825263331195607 0
11.11111111111111 -2.821817819261342 0
11.051051051051052 -2.818331410596762 0
10.99099099099099 -2.8148038388499033 0
10.93093093093093 -2.811234834468694 0
10.87087087087087 -2.8076241246407365 0
10.81081081081081 -2.803971433231604 0
10.75075075075075 -2.800276480721572 0
10.69069069069069 -2.796538984140775 0
10.63063063063063 -2.792758657002714 0
10.57057057057057 -2.78893520923607 0
10.51051051051051 -2.785068347114776 0
10.45045045045045 -2.781157773186283 0
10.39039039039039 -2.7772031861979745 0
10.33033033033033 -2.7732042810216564 0
10.27027027027027 -2.7691607485760747 0
10.21021021021021 -2.765072275747388 0
10.15015015015015 -2.7609385453075346 0
10.09009009009009 -2.756759235830418 0
10.03003003003003 -2.7525340216058494 0
9.96996996996997 -2.7482625725511616 0
9.90990990990991 -2.743944554120428 0
9.84984984984985 -2.739579627211206 0
9.78978978978979 -2.735167448068703 0
9.72972972972973 -2.7307076681873053 0
9.66966966966967 -2.726199934209368 0
9.60960960960961 -2.7216438878211604 0
9.54954954954955 -2.7170391656458945 0
9.48948948948949 -2.7123853991337055 0
9.42942942942943 -2.7076822144485098 0
9.36936936936937 -2.702929232351603 0
9.30930930930931 -2.698126068081897 0
9.24924924924925 -2.6932723312326816 0
9.18918918918919 -2.688367625624771 0
9.12912912912913 -2.6834115491759136 0
9.06906906906907 -2.6784036937663345 0
9.00900900900901 -2.673343645100258 0
8.94894894894895 -2.6682309825632737 0
8.88888888888889 -2.663065279075387 0
8.828828828828827 -2.6578461009395857 0
8.76876876876877 -2.6525730076857803 0
8.70870870870871 -2.6472455519099025 0
8.64864864864865 -2.641863279108025 0
8.588588588588589 -2.6364257275052694 0
8.528528528528527 -2.630932427879334 0
8.468468468468469 -2.6253829033784073 0
8.408408408408409 -2.619776669333274 0
8.348348348348349 -2.614113233063353 0
8.288288288288289 -2.6083920936764624 0
8.228228228228227 -2.602612741862029 0
8.168168168168167 -2.596774659677502 0
8.108108108108109 -2.590877320327679 0
8.048048048048049 -2.584920187936668 0
7.987987987987988 -2.5789027173121744 0
7.927927927927928 -2.572824353701799 0
7.867867867867867 -2.5666845325410046 0
7.807807807807809 -2.5604826791924236 0
7.747747747747748 -2.554218208676105 0
7.687687687687688 -2.547890525390347 0
7.627627627627628 -2.5414990228226904 0
7.567567567567567 -2.5350430832506494 0
7.507507507507508 -2.5285220774317354 0
7.4474474474474475 -2.521935364282297 0
7.387387387387387 -2.515282290544682 0
7.327327327327327 -2.5085621904421966 0
7.267267267267267 -2.5017743853213106 0
7.207207207207207 -2.4949181832805287 0
7.147147147147146 -2.4879928787853145 0
7.087087087087087 -2.480997752268421 0
7.027027027027027 -2.473932069714947 0
6.966966966966966 -2.4667950822313998 0
6.906906906906907 -2.4595860255980018 0
6.846846846846846 -2.45230411980344 0
6.786786786786787 -2.44494856856121 0
6.726726726726727 -2.437518558806656 0
6.666666666666666 -2.430013260173754 0
6.606606606606607 -2.422431824450638 0
6.546546546546546 -2.4147733850127957 0
6.486486486486487 -2.4070370562328134 0
6.426426426426427 -2.3992219328654625 0
6.366366366366366 -2.3913270894068743 0
6.306306306306307 -2.38335157942643 0
6.246246246246246 -2.3752944348699554 0
6.186186186186186 -2.3671546653326936 0
6.126126126126127 -2.3589312573004246 0
6.066066066066066 -2.35062317335703 0
6.006006006006006 -2.3422293513566603 0
5.945945945945946 -2.3337487035585465 0
5.885885885885886 -2.325180115722388 0
5.825825825825826 -2.3165224461621015 0
5.7657657657657655 -2.3077745247555326 0
5.7057057057057055 -2.298935151907647 0
5.645645645645645 -2.2900030974644614 0
5.585585585585585 -2.2809770995748457 0
5.525525525525526 -2.271855863497095 0
5.465465465465465 -2.2626380603469656 0
5.405405405405405 -2.253322325783628 0
5.345345345345345 -2.2439072586297173 0
5.285285285285285 -2.2343914194214274 0
5.225225225225225 -2.2247733288842233 0
5.165165165165165 -2.215051466329497 0
5.105105105105105 -2.2052242679670577 0
5.045045045045045 -2.1952901251280252 0
4.984984984984985 -2.185247382392215 0
4.924924924924925 -2.175094335613696 0
4.864864864864865 -2.164829229837632 0
4.804804804804805 -2.1544502571010384 0
4.744744744744745 -2.143955554109426 0
4.684684684684685 -2.1333431997806622 0
4.624624624624625 -2.1226112126466656 0
4.564564564564565 -2.1117575481027417 0
4.504504504504505 -2.1007800954934854 0
4.444444444444445 -2.0896766750232403 0
4.384384384384385 -2.078445034478017 0
4.324324324324325 -2.0670828457446175 0
4.264264264264264 -2.0555877011114188 0
4.2042042042042045 -2.043957109333844 0
4.1441441441441444 -2.032188491445944 0
4.0840840840840835 -2.0202791762978127 0
4.024024024024024 -2.008226395796526 0
3.963963963963964 -1.996027279826216 0
3.9039039039039043 -1.98367885082041 0
3.843843843843844 -1.971178017957091 0
3.7837837837837833 -1.9585215709439447 0
3.7237237237237237 -1.9457061733578385 0
3.6636636636636637 -1.9327283554988426 0
3.6036036036036037 -1.9195845067148185 0
3.5435435435435436 -1.906270867147842 0
3.483483483483483 -1.8927835188483075 0
3.423423423423423 -1.8791183761964962 0
3.3633633633633635 -1.865271175564459 0
3.3033033033033035 -1.8512374641432554 0
3.2432432432432434 -1.8370125878516848 0
3.183183183183183 -1.8225916782324891 0
3.123123123123123 -1.8079696382304358 0
3.0630630630630633 -1.7931411267334014 0
3.003003003003003 -1.7781005417423705 0
2.942942942942943 -1.7628420020187106 0
2.8828828828828827 -1.747359327036887 0
2.8228228228228227 -1.7316460150473547 0
2.762762762762763 -1.7156952190272257 0
2.7027027027027026 -1.6994997202646844 0
2.6426426426426426 -1.6830518992862205 0
2.5825825825825826 -1.6663437037924935 0
2.5225225225225225 -1.6493666132178204 0
2.4624624624624625 -1.6321115994682935 0
2.4024024024024024 -1.6145690833225264 0
2.3423423423423424 -1.5967288858946018 0
2.2822822822822824 -1.5785801744580106 0
2.2222222222222223 -1.5601114018085753 0
2.1621621621621623 -1.541310238198854 0
2.1021021021021022 -1.5221634947005007 0
2.0420420420420418 -1.5026570366370098 0
1.981981981981982 -1.4827756854676144 0
1.921921921921922 -1.4625031071814707 0
1.8618618618618619 -1.441821684863597 0
1.8018018018018018 -1.4207123725992545 0
1.7417417417417416 -1.3991545272638193 0
1.6816816816816818 -1.3771257139637416 0
1.6216216216216217 -1.3546014799012316 0
1.5615615615615615 -1.3315550901636637 0
1.5015015015015014 -1.3079572172960345 0
1.4414414414414414 -1.2837755743737338 0
1.3813813813813816 -1.258974478474486 0
1.3213213213213213 -1.2335143276991736 0
1.2612612612612613 -1.207350969846764 0
1.2012012012012012 -1.1804349339769282 0
1.1411411411411412 -1.1527104866067792 0
1.0810810810810811 -1.1241144609964098 0
1.0210210210210209 -1.094574789054124 0
0.960960960960961 -1.064008637968411 0
0.9009009009009009 -1.0323200131449393 0
0.8408408408408409 -0.9993966278083031 0
0.7807807807807807 -0.965105744866955 0
0.7207207207207207 -0.929288545847582 0
0.6606606606606606 -0.891752334084384 0
0.6006006006006006 -0.8522594577507794 0
0.5405405405405406 -0.8105110896930438 0
0.4804804804804805 -0.7661226041824397 0
0.42042042042042044 -0.7185845250221562 0
0.36036036036036034 -0.6671971314011106 0
0.3003003003003003 -0.610953076695305 0
0.24024024024024024 -0.5483063234139215 0
0.18018018018018017 -0.4766543505366771 0
0.12012012012012012 -0.3909226898959658 0
0.06006006006006006 -0.278010664579028 0
0.0 -0.0 0
