100.0 60.0 0
99.90878094663074 60.07545563390079 0
99.81749420495161 60.1506594305045 0
99.72613960799046 60.22561131915402 0
99.63471698854323 60.30031122754936 0
99.54322617918967 60.374759081737025 0
99.45166701230912 60.448954806099486 0
99.36003932009656 60.52289832334472 0
99.26834293457885 60.59658955449583 0
99.17657768763122 60.670028418880726 0
99.08474341099395 60.743214834121964 0
98.99283993628922 60.81614871612653 0
98.90086709503827 60.88882997907584 0
98.80882471867872 60.96125853541579 0
98.71671263858207 61.03343429584688 0
98.62453068607151 61.10535716931448 0
98.5322786924398 61.17702706299916 0
98.43995648896757 61.24844388230711 0
98.34756390694159 61.31960753086075 0
98.25510077767346 61.39051791048938 0
98.16256693251846 61.461174921219964 0
98.06996220289449 61.53157846126801 0
97.9772864203014 61.60172842702865 0
97.88453941634042 61.67162471306776 0
97.79172102273388 61.741267212113236 0
97.69883107134504 61.81065581504644 0
97.60586939419827 61.87979041089374 0
97.51283582349927 61.948670886818206 0
97.41973019165569 62.01729712811143 0
97.32655233129779 62.08566901818555 0
97.23330207529945 62.15378643856536 0
97.13997925679924 62.221649268880626 0
97.04658370922188 62.2892573868585 0
96.95311526629972 62.356610668316186 0
96.85957376209456 62.42370898715367 0
96.76595903101959 62.49055221534672 0
96.67227090786162 62.557140222939985 0
96.5785092278034 62.6234728780403 0
96.48467382644623 62.68955004681018 0
96.39076453983273 62.7553715934615 0
96.29678120446987 62.82093738024932 0
96.20272365735202 62.88624726746599 0
96.10859173598443 62.95130111343537 0
96.01438527840672 63.01609877450727 0
95.92010412321667 63.080640105052154 0
95.82574810959416 63.14492495745597 0
95.73131707732517 63.20895318211525 0
95.63681086682631 63.272724627432375 0
95.54222931916908 63.336239139811134 0
95.44757227610471 63.399496563652434 0
95.3528395800889 63.46249674135029 0
95.2580310743069 63.52523951328803 0
95.16314660269865 63.5877247178347 0
95.0681860099842 63.64995219134178 0
94.97314914168922 63.71192176814011 0
94.87803584417065 63.77363328053701 0
94.78284596464268 63.83508655881378 0
94.68757935120257 63.8962814312233 0
94.59223585285704 63.95721772398804 0
94.49681531954845 64.01789526129821 0
94.40131760218127 64.07831386531024 0
94.30574255264882 64.13847335614557 0
94.21009002385992 64.19837355188955 0
94.11435986976582 64.25801426859087 0
94.01855194538726 64.31739532026106 0
93.92266610684162 64.37651651887434 0
93.82670221137023 64.4353776743678 0
93.73066011736577 64.49397859464187 0
93.63453968439987 64.55231908556098 0
93.53834077325068 64.6103989509547 0
93.44206324593074 64.66821799261903 0
93.34570696571475 64.72577601031803 0
93.2492717971677 64.78307280178585 0
93.15275760617277 64.84010816272898 0
93.05616425995969 64.89688188682882 0
92.95949162713288 64.95339376574465 0
92.86273957769987 65.00964358911682 0
92.76590798309971 65.06563114457036 0
92.66899671623149 65.12135621771888 0
92.57200565148293 65.17681859216877 0
92.474934664759 65.23201804952382 0
92.37778363351067 65.28695436939007 0
92.28055243676366 65.3416273293812 0
92.18324095514726 65.3960367051239 0
92.08584907092315 65.45018227026408 0
91.98837666801435 65.50406379647299 0
91.8908236320342 65.55768105345398 0
91.79318985031522 65.61103380894944 0
91.69547521193813 65.66412182874824 0
91.59767960776092 65.71694487669343 0
91.49980293044779 65.76950271469032 0
91.40184507449818 65.82179510271503 0
91.30380593627588 65.87382179882324 0
91.20568541403792 65.92558255915944 0
91.10748340796361 65.9770771379665 0
91.00919982018357 66.02830528759564 0
90.91083455480864 66.07926675851677 0
90.8123875179588 66.12996129932917 0
90.71385861779208 66.1803886567726 0
90.61524776453341 66.23054857573885 0
90.51655487050331 66.28044079928347 0
90.4177798501468 66.33006506863809 0
90.31892262006185 66.37942112322311 0
90.21998309902817 66.42850870066059 0
90.12096120803557 66.47732753678778 0
90.02185687031246 66.52587736567088 0
89.92267001135421 66.5741579196192 0
89.8234005589513 66.6221689291998 0
89.72404844321753 66.66991012325248 0
89.62461359661795 66.71738122890505 0
89.52509595399685 66.76458197158921 0
89.42549545260542 66.81151207505664 0
89.32581203212946 66.8581712613956 0
89.22604563471681 66.90455925104786 0
89.12619620500472 66.95067576282602 0
89.02626369014696 66.99652051393129 0
88.92624803984094 67.04209321997159 0
88.82614920635442 67.08739359498007 0
88.72596714455221 67.13242135143409 0
88.62570181192272 67.17717620027443 0
88.5253531686041 67.2216578509251 0
88.42492117741037 67.26586601131336 0
88.3244058038573 67.30980038789023 0
88.22380701618798 67.35346068565134 0
88.1231247853983 67.39684660815826 0
88.0223590852621 67.43995785756002 0
87.92150989235606 67.48279413461526 0
87.82057718608446 67.52535513871462 0
87.71956094870359 67.56764056790344 0
87.61846116534588 67.60965011890504 0
87.5172778240438 67.6513834871442 0
87.41601091575355 67.69284036677116 0
87.31466043437823 67.73402045068578 0
87.21322637679104 67.77492343056235 0
87.1117087428579 67.8155489968745 0
87.0101075354599 67.85589683892067 0
86.9084227605154 67.89596664484985 0
86.8066544270018 67.9357581016876 0
86.70480254697696 67.97527089536267 0
86.60286713560035 68.01450471073366 0
86.50084821115374 68.0534592316163 0
86.39874579506166 68.09213414081088 0
86.2965599119114 68.13052912013009 0
86.19429058947269 68.16864385042726 0
86.09193785871695 68.20647801162481 0
85.98950175383622 68.24403128274311 0
85.88698231226175 68.2813033419296 0
85.78437957468196 68.31829386648833 0
85.68169358506026 68.35500253290972 0
85.57892439065232 68.39142901690057 0
85.47607204202295 68.42757299341461 0
85.37313659306255 68.46343413668308 0
85.27011810100312 68.49901212024572 0
85.16701662643386 68.53430661698215 0
85.0638322333163 68.56931729914326 0
84.96056498899898 68.60404383838315 0
84.85721496423167 68.63848590579123 0
84.75378223317914 68.6726431719245 0
84.65026687343446 68.70651530684029 0
84.5466689660318 68.74010198012896 0
84.44298859545876 68.77340286094717 0
84.33922584966822 68.80641761805117 0
84.23538082008976 68.83914591983036 0
84.13145360164032 68.8715874343411 0
84.02744429273477 68.90374182934079 0
83.9233529952956 68.93560877232201 0
83.81917981476235 68.96718793054703 0
83.71492486010027 68.99847897108243 0
83.61058824380875 69.02948156083387 0
83.50617008192897 69.06019536658115 0
83.40167049405112 69.09062005501335 0
83.29708960332113 69.12075529276416 0
83.19242753644677 69.15060074644742 0
83.0876844237032 69.18015608269275 0
82.98286039893807 69.20942096818126 0
82.87795559957596 69.2383950696816 0
82.77297016662229 69.26707805408594 0
82.66790424466669 69.2954695884461 0
82.56275798188584 69.32356934000987 0
82.45753153004559 69.35137697625738 0
82.35222504450273 69.37889216493754 0
82.246838684206 69.4061145741046 0
82.1413726116966 69.43304387215478 0
82.0358269931081 69.45967972786289 0
81.93020199816586 69.48602181041917 0
81.82449780018564 69.51206978946603 0
81.71871457607193 69.53782333513485 0
81.61285250631545 69.56328211808284 0
81.50691177499013 69.58844580953003 0
81.40089256974957 69.61331408129595 0
81.2947950818228 69.63788660583675 0
81.18861950600956 69.66216305628191 0
81.08236604067487 69.68614310647118 0
80.97603488774308 69.70982643099138 0
80.86962625269136 69.7332127052133 0
80.76314034454246 69.75630160532833 0
80.65657737585701 69.77909280838529 0
80.54993756272518 69.80158599232696 0
80.44322112475774 69.82378083602677 0
80.3364282850765 69.84567701932521 0
80.22955927030424 69.86727422306625 0
80.12261431055393 69.88857212913364 0
80.0155936394175 69.90957042048709 0
79.90849749395387 69.93026878119836 0
79.80132611467656 69.9506668964872 0
79.69407974554052 69.97076445275714 0
79.58675863392858 69.99056113763112 0
79.47936303063712 70.01005663998703 0
79.37189318986138 70.02925064999303 0
79.26434936917998 70.04814285914271 0
79.15673182953901 70.06673296029005 0
79.04904083523547 70.08502064768419 0
78.94127665390022 70.10300561700403 0
78.83343955648026 70.1206875653926 0
78.72552981722058 70.13806619149116 0
78.61754771364534 70.15514119547316 0
78.50949352653855 70.1719122790779 0
78.40136753992422 70.18837914564392 0
78.29317004104593 70.20454150014226 0
78.18490132034583 70.22039904920926 0
78.07656167144323 70.23595150117926 0
77.96815139111249 70.25119856611694 0
77.85967077926055 70.26613995584938 0
77.75112013890386 70.28077538399782 0
77.64249977614473 70.29510456600909 0
77.53381000014733 70.30912721918679 0
77.42505112311304 70.32284306272209 0
77.31622346025543 70.3362518177242 0
77.20732732977463 70.34935320725057 0
77.0998558876825 70.36215139135788 0
76.9990607220074 70.37481984215762 0
76.89825959413507 70.38744806482471 0
76.79745251585344 70.40003605678014 0
76.69663949895315 70.41258381522842 0
76.59582055522769 70.4250913371574 0
76.49499569647375 70.437558619338 0
76.3941649344914 70.44998565832404 0
76.29332828108434 70.46237245045198 0
76.19248574806026 70.47471899184067 0
76.091637347231 70.48702527839123 0
75.99078309041279 70.49929130578668 0
75.8899229894266 70.51151706949182 0
75.78905705609832 70.523702564753 0
75.68818530225907 70.53584778659774 0
75.5873077397454 70.54795272983476 0
75.48642438039963 70.56001738905351 0
75.38553523606998 70.57204175862405 0
75.28464031861101 70.58402583269678 0
75.18373963988371 70.59596960520224 0
75.08283321175585 70.60787306985081 0
74.98192104610226 70.61973622013254 0
74.88100315480494 70.63155904931686 0
74.78007954975355 70.64334155045239 0
74.67915024284551 70.65508371636662 0
74.57821524598627 70.66678553966571 0
74.47727457108965 70.67844701273427 0
74.37632823007803 70.69006812773509 0
74.27537623488269 70.70164887660886 0
74.17441859744395 70.71318925107396 0
74.07345532971156 70.72468924262618 0
73.9724864436449 70.73614884253855 0
73.87151195121326 70.74756804186094 0
73.77053186439609 70.75894683141993 0
73.66954619518327 70.77028520181851 0
73.56855495557541 70.78158314343581 0
73.46755815758402 70.79284064642684 0
73.36655581323194 70.80405770072227 0
73.26554793455341 70.81523429602812 0
73.1645345335945 70.82637042182552 0
73.06351562241329 70.83746606737044 0
72.96249121308016 70.84852122169342 0
72.86146131767806 70.85953587359931 0
72.76042594830278 70.870510011667 0
72.6593851170632 70.8814436242491 0
72.55833883608157 70.89233669947178 0
72.45728711749383 70.90318922523439 0
72.35622997344977 70.91400118920919 0
72.25516741611341 70.92477257884116 0
72.15409945766321 70.93550338134762 0
72.05302611029232 70.946193583718 0
71.95194738620897 70.95684317271356 0
71.85086329763656 70.9674521348671 0
71.74977385681413 70.97802045648267 0
71.64867907599647 70.98854812363524 0
71.54757896745446 70.9990351221705 0
71.44647354347535 71.00948143770451 0
71.34536281636305 71.0198870556234 0
71.24424679843837 71.03025196108312 0
71.14312550203927 71.0405761390091 0
71.0419989395212 71.050859574096 0
70.94086712325735 71.06110225080731 0
70.83973006563892 71.07130415337522 0
70.73858777907539 71.08146526580016 0
70.63744027599482 71.09158557185054 0
70.5362875688441 71.10166505506248 0
70.43512967008927 71.11170369873949 0
70.33396659221573 71.12170148595209 0
70.23279834772859 71.1316583995376 0
70.13162494915291 71.14157442209978 0
70.03044640903401 71.15144953600851 0
69.9292627399377 71.16128372339944 0
69.82807395445062 71.17107696617376 0
69.72688006518047 71.18082924599776 0
69.62568108475632 71.19054054430262 0
69.52447702582892 71.20021084228404 0
69.4232679010709 71.20984012090183 0
69.32205372317715 71.21942836087975 0
69.22083450486502 71.22897554270502 0
69.11961025887469 71.23848164662806 0
69.01838099796935 71.24794665266216 0
68.91714673493557 71.25737054058311 0
68.81590748258361 71.26675328992887 0
68.71466325374756 71.27609487999926 0
68.61341406128581 71.28539528985556 0
68.51215991808117 71.29465449832017 0
68.41090083704131 71.30387248397633 0
68.30963683109897 71.3130492251677 0
68.2083679132122 71.32218469999802 0
68.10709409636476 71.33127888633074 0
68.00581539356635 71.34033176178872 0
67.90453181785288 71.34934330375381 0
67.80324338228685 71.35831348936655 0
67.7019500999575 71.36724229552568 0
67.60065198398124 71.37612969888795 0
67.49934904750188 71.38497567586761 0
67.39804130369092 71.39378020263607 0
67.29672876574784 71.40254325512159 0
67.19541144690047 71.41126480900881 0
67.09408936040515 71.41994483973846 0
66.99276251954717 71.42858332250691 0
66.89143093764093 71.4371802322658 0
66.79009462803036 71.44573554372167 0
66.68875360408916 71.45424923133558 0
66.58740787922106 71.46272126932269 0
66.4860574668602 71.47115163165186 0
66.38470238047138 71.47954029204533 0
66.28334263355039 71.48788722397819 0
66.18197823962426 71.49619240067808 0
66.08060921225159 71.50445579512478 0
65.9792355650229 71.51267738004974 0
65.87785731156085 71.52085712793571 0
65.7764744655206 71.52899501101638 0
65.6750870405901 71.5370910012758 0
65.57369505049037 71.54514507044819 0
65.47229850897588 71.55315719001729 0
65.37089742983473 71.56112733121613 0
65.26949182688907 71.56905546502648 0
65.16808171399539 71.57694156217845 0
65.06666710504476 71.58478559315007 0
64.96524801396322 71.59258752816687 0
64.86382445471203 71.6003473372014 0
64.76239644128803 71.6080649899728 0
64.66096398772392 71.6157404559464 0
64.55952710808856 71.62337370433318 0
64.45808581648733 71.63096470408942 0
64.35664012706239 71.63851342391618 0
64.25519005399303 71.6460198322589 0
64.15373561149597 71.65348389730684 0
64.0522768138257 71.66090558699274 0
63.950813675274695 71.66828486899227 0
63.84934621017393 71.67562171072358 0
63.74787443289299 71.68291607934681 0
63.646398357840525 71.69016794176369 0
63.54491799946449 71.69737726461697 0
63.44343337225252 71.70454401428998 0
63.341944490732224 71.71166815690611 0
63.24045136947151 71.7187496583284 0
63.13895402307889 71.72578848415894 0
63.03745246620384 71.73278459973845 0
62.93594671353711 71.73973797014575 0
62.834436779811064 71.74664856019727 0
62.73292267979992 71.75351633444652 0
62.63140442832022 71.7603412571836 0
62.529882040231 71.76712329243466 0
62.42835553043429 71.77386240396145 0
62.32682491387528 71.78055855526068 0
62.22529020554276 71.78721170956364 0
62.12375142046939 71.79382182983551 0
62.02220857373207 71.80038887877498 0
61.92066168045226 71.80691281881359 0
61.8191107557963 71.81339361211525 0
61.71755581497577 71.81983122057574 0
61.61599687324777 71.82622560582202 0
61.51443394591536 71.83257672921184 0
61.41286704832778 71.83888455183306 0
61.311296195880885 71.84514903450315 0
61.2097214040174 71.85137013776863 0
61.10814268822735 71.85754782190443 0
61.0065600640483 71.86368204691344 0
60.90497354706579 71.86977277252578 0
60.80338315291362 71.87581995819838 0
60.70178889727421 71.88182356311427 0
60.60019079587897 71.88778354618199 0
60.498588864508584 71.89369986603513 0
60.39698311899343 71.89957248103157 0
60.29537357521389 71.90540134925297 0
60.19376024910065 71.9111864285041 0
60.09214315663519 71.91692767631231 0
59.99052231384998 71.92262504992686 0
59.88889773682894 71.92827850631826 0
59.787269441707714 71.93388800217772 0
59.6856374446741 71.9394534939165 0
59.58400176196835 71.94497493766522 0
59.48236240988355 71.95045228927326 0
59.38071940476598 71.95588550430814 0
59.27907276301545 71.96127453805485 0
59.17742250108569 71.96661934551513 0
59.075768635484685 71.9719198814069 0
58.97411118277505 71.97717610016356 0
58.8724501595744 71.98238795593332 0
58.7707855825557 71.98755540257852 0
58.66911746844765 71.99267839367492 0
58.56744583403501 71.9977568825111 0
58.46577069615903 72.00279082208766 0
58.36409207171778 72.0077801651166 0
58.26240997766647 72.01272486402061 0
58.160724431017975 72.0176248709323 0
58.05903544884302 72.02248013769358 0
57.957343048270715 72.02729061585485 0
57.85564724648883 72.03205625667437 0
57.75394806074418 72.03677701111742 0
57.65224550834306 72.04145282985567 0
57.550539606651576 72.04608366326636 0
57.44883037309604 72.0506694614316 0
57.34711782516335 72.05521017413758 0
57.24540198040139 72.05970575087389 0
57.14368285641937 72.0641561408326 0
57.041960470888256 72.06856129290765 0
56.94023484154114 72.07292115569402 0
56.83850598617364 72.07723567748687 0
56.736773922644254 72.08150480628086 0
56.635038668874834 72.08572848976931 0
56.533300242850856 72.08990667534336 0
56.431558662621924 72.09403931009123 0
56.329813946302124 72.09812634079736 0
56.22806611207039 72.10216771394158 0
56.12631517817097 72.10616337569833 0
56.02456116291377 72.11011327193577 0
55.922804084674794 72.11401734821496 0
55.8210439618965 72.11787554978905 0
55.719280813088254 72.12168782160234 0
55.61751465682673 72.12545410828949 0
55.51574551175628 72.12917435417464 0
55.41397339658938 72.1328485032705 0
55.31219833010703 72.13647649927746 0
55.21042033115917 72.14005828558278 0
55.108639418665085 72.1435938052596 0
55.00685561161384 72.14708300106605 0
54.90506892906465 72.1505258154444 0
54.80327939014739 72.15392219052006 0
54.70148701406291 72.15727206810072 0
54.59969182008354 72.16057538967536 0
54.497893827553476 72.16383209641329 0
54.3960930558892 72.16704212916332 0
54.29428952457995 72.17020542845262 0
54.19248325318809 72.17332193448593 0
54.09067426134959 72.17639158714442 0
53.98886256877445 72.17941432598488 0
53.887048195247125 72.18239009023854 0
53.785231160626935 72.18531881881022 0
53.683411484848584 72.18820045027725 0
53.58158918792253 72.19103492288846 0
53.479764289935424 72.1938221745632 0
53.37793681105063 72.19656214289019 0
53.276106771508594 72.19925476512662 0
53.174274191627305 72.20189997819702 0
53.07243909180278 72.20449771869215 0
52.970601492509516 72.20704792286806 0
52.86876141430091 72.2095505266449 0
52.76691887780972 72.21200546560588 0
52.66507390374855 72.21441267499615 0
52.5632265129103 72.21677208972172 0
52.461376726168616 72.21908364434829 0
52.3595245644784 72.22134727310018 0
52.25767004887618 72.22356290985917 0
52.15581320048071 72.22573048816335 0
52.05395404049332 72.22784994120599 0
51.9520925901985 72.22992120183429 0
51.85022887096425 72.23194420254833 0
51.748362904242704 72.23391887549977 0
51.64649471157049 72.23584515249073 0
51.54462431456926 72.23772296497252 0
51.442751734946214 72.23955224404446 0
51.34087699449449 72.24133292045266 0
51.239000115093745 72.24306492458874 0
51.137121118710624 72.2447481864886 0
51.03524002739923 72.24638263583117 0
50.93335686330165 72.24796820193708 0
50.83147164864842 72.24950481376752 0
50.72958440575908 72.25099239992272 0
50.627695157042616 72.25243088864084 0
50.52580392499804 72.25382020779654 0
50.423910732214814 72.2551602848997 0
50.32201560137346 72.25645104709403 0
50.22011855524598 72.2576924211558 0
50.11821961669647 72.25888433349233 0
50.01631880868154 72.26002671014078 0
49.91441615425091 72.26111947676661 0
49.81251167654791 72.26216255866225 0
49.71060539881002 72.26315588074569 0
49.6086973443694 72.26409936755898 0
49.506787536653405 72.26499294326689 0
49.40487599918516 72.26583653165535 0
49.30296275558403 72.26663005613004 0
49.20104782956629 72.26737343971487 0
49.099131244945525 72.26806660505052 0
48.99721302563329 72.2687094743929 0
48.895293195639596 72.26930196961166 0
48.7933717790735 72.26984401218856 0
48.691448800143675 72.27033552321602 0
48.589524283158916 72.27077642339552 0
48.48759825252876 72.27116663303596 0
48.385670732764055 72.27150607205216 0
48.283741748477475 72.27179465996316 0
48.181811324384164 72.27203231589064 0
48.07987948530225 72.27221895855725 0
47.9779462561535 72.27235450628496 0
47.87601166196384 72.2724388769934 0
47.77407572786396 72.27247198819816 0
47.672138479089945 72.27245375700907 0
47.57019994098381 72.2723841001285 0
47.46826013899414 72.27226293384959 0
47.36631909867668 72.27209017405453 0
47.26437684569496 72.27186573621275 0
47.16243340582086 72.27158953537918 0
47.060488804935275 72.27126148619239 0
46.958543069028686 72.27088150287278 0
46.85659622420183 72.2704494992208 0
46.75464829666628 72.26996538861496 0
46.652699312745106 72.26942908401011 0
46.55074929887349 72.26884049793541 0
46.44879828159937 72.2681995424925 0
46.34684628758409 72.26750612935352 0
46.24489334360302 72.26676016975918 0
46.14293947654622 72.2659615745168 0
46.0409847134191 72.26511025399829 0
45.93902908134309 72.26420611813816 0
45.83707260755624 72.26324907643149 0
45.73511531941397 72.2622390379319 0
45.633157244389686 72.26117591124942 0
45.53119841007546 72.26005960454846 0
45.42923884418274 72.25889002554567 0
45.32727857454299 72.2576670815078 0
45.2253176291084 72.25639067924963 0
45.12335603595262 72.25506072513164 0
45.02139382327137 72.25367712505796 0
44.91943101938321 72.25223978447406 0
44.817467652730244 72.25074860836457 0
44.7155037518788 72.24920350125099 0
44.61353934552017 72.24760436718938 0
44.511574462471316 72.24595110976809 0
44.40960913167562 72.2442436321054 0
44.30764338220361 72.24248183684719 0
44.20567724325368 72.24066562616456 0
44.10371074415285 72.23879490175138 0
44.0017439143575 72.2368695648219 0
43.89977678345414 72.23488951610831 0
43.79780938116017 72.2328546558582 0
43.69584173732461 72.23076488383214 0
43.59387388192893 72.22862009930104 0
43.49190584508775 72.22642020104372 0
43.3899376570497 72.22416508734426 0
43.28796934819813 72.22185465598933 0
43.18600094905199 72.21948880426568 0
43.08403249026653 72.21706742895738 0
42.98206400263418 72.21459042634315 0
42.880095517085344 72.2120576921937 0
42.77812706468917 72.20946912176885 0
42.67615867665447 72.20682460981489 0
42.57419038433042 72.20412405056167 0
42.47222221920753 72.20136733771986 0
42.37025421291837 72.19855436447794 0
42.268286397238505 72.1956850234995 0
42.16631880408729 72.19275920692006 0
42.06435146552878 72.18977680634438 0
41.962384413772554 72.18673771284327 0
41.86041768117464 72.18364181695064 0
41.75845130023833 72.18048900866043 0
41.65648530361512 72.17727917742357 0
41.554519724105624 72.17401221214476 0
41.45255459466043 72.1706880011794 0
41.35058994838099 72.16730643233035 0
41.24862581852066 72.16386739284474 0
41.146662238485455 72.16037076941068 0
41.04469924183513 72.15681644815399 0
40.94273686228405 72.15320431463482 0
40.84077513370213 72.14953425384434 0
40.73881409011583 72.14580615020131 0
40.636853765709105 72.14201988754863 0
40.53489419482435 72.13817534914985 0
40.43293541196344 72.13427241768566 0
40.330977451788655 72.13031097525038 0
40.229020349123736 72.12629090334826 0
40.12706413895483 72.12221208288992 0
40.025108856431565 72.11807439418864 0
39.92315453686804 72.11387771695664 0
39.82120121574385 72.10962193030136 0
39.71924892870515 72.10530691272156 0
39.617297711565705 72.10093254210356 0
39.51534760030794 72.09649869571733 0
39.41339863108399 72.09200525021251 0
39.311450840216835 72.08745208161447 0
39.209504264201314 72.0828390653203 0
39.1075589397053 72.07816607609469 0
39.00561490357074 72.07343298806582 0
38.90367219281481 72.06863967472124 0
38.80173084463105 72.0637860089036 0
38.69979089639046 72.05887186280644 0
38.59785238564271 72.05389710796979 0
38.49591535011724 72.04886161527595 0
38.393979827724465 72.04376525494492 0
38.29204585655695 72.03860789653004 0
38.19011347489059 72.03338940891345 0
38.088182721185824 72.0281096603015 0
37.98625363408886 72.02276851822016 0
37.88432625243287 72.0173658495103 0
37.782400615239254 72.01190152032298 0
37.68047676171887 72.00637539611468 0
37.578554731273336 72.00078734164244 0
37.47663456349623 71.99513722095892 0
37.37471629817445 71.98942489740752 0
37.272799975289466 71.98365023361725 0
37.17088563501866 71.97781309149775 0
37.06897331773662 71.9719133322341 0
36.9670630640165 71.9659508162816 0
36.865154914631354 71.95992540336056 0
36.76324891055553 71.9538369524509 0
36.661345092965995 71.9476853217868 0
36.55944350324378 71.94147036885123 0
36.45754418297533 71.93519195037038 0
36.35564717395399 71.92884992230817 0
36.25375251818138 71.92244413986046 0
36.151860257868854 71.91597445744938 0
36.049970435439 71.90944072871753 0
35.94808309352707 71.90284280652209 0
35.84619827498249 71.89618054292885 0
35.744316022870386 71.8894537892062 0
35.6424363804731 71.88266239581907 0
35.5405593912917 71.8758062124227 0
35.43868509904758 71.86888508785641 0
35.33681354768402 71.86189887013725 0
35.234944781367744 71.85484740645362 0
35.13307884449057 71.84773054315875 0
35.03121578167103 71.84054812576413 0
34.92935563775597 71.83329999893292 0
34.827498457822244 71.82598600647303 0
34.72564428717839 71.81860599133051 0
34.623793171366316 71.81115979558248 0
34.521945156163 71.80364726043018 0
34.42010028758228 71.79606822619185 0
34.31825861187651 71.78842253229558 0
34.21642017553842 71.780710017272 0
34.114585025302866 71.77293051874689 0
34.01275320814864 71.76508387343375 0
33.910924771300316 71.7571699171262 0
33.809099762230076 71.74918848469032 0
33.707278228659625 71.74113941005689 0
33.60546021856206 71.73302252621346 0
33.50364578016373 71.7248376651965 0
33.40183496194631 71.71658465808315 0
33.30002781264862 71.7082633349832 0
33.19822438126871 71.69987352503063 0
33.096424717065794 71.69141505637535 0
32.99462886956231 71.68288775617455 0
32.89283688854599 71.67429145058416 0
32.79104882407191 71.66562596475003 0
32.689264726464586 71.65689112279911 0
32.58748464632013 71.64808674783039 0
32.485708634508384 71.63921266190584 0
32.3839367421751 71.63026868604119 0
32.282169020744135 71.62125464019647 0
32.180405521919695 71.61217034326661 0
32.0786462976886 71.60301561307178 0
31.976891400322533 71.5937902663476 0
31.875140882380386 71.58449411873531 0
31.7733947967106 71.57512698477167 0
31.671653196453526 71.56568867787885 0
31.56991613504381 71.55617901035409 0
31.468183666212845 71.5465977933592 0
31.366455843991236 71.53694483691004 0
31.26473272271126 71.5272199498657 0
31.163014357009416 71.51742293991761 0
31.061300801828974 71.5075536135785 0
30.95959211242254 71.49761177617111 0
30.857888344354706 71.48759723181695 0
30.756189553504687 71.47750978342457 0
30.654495796069014 71.467349232678 0
30.552807128564236 71.45711538002483 0
30.451123607829718 71.44680802466411 0
30.34944529103038 71.43642696453418 0
30.247772235659586 71.42597199630028 0
30.14610449954197 71.4154429153419 0
30.044442140836342 71.40483951574006 0
29.942785218038658 71.39416159026439 0
29.841133789984987 71.38340893035983 0
29.73948791585451 71.37258132613353 0
29.63784765517264 71.36167856634104 0
29.53621306781407 71.35070043837283 0
29.434584214005955 71.3396467282401 0
29.332961154331073 71.32851722056084 0
29.23134394973109 71.31731169854531 0
29.129732661509827 71.30602994398151 0
29.02812735133655 71.29467173722041 0
28.92652808124939 71.28323685716083 0
28.82493491365873 71.27172508123425 0
28.723347911350665 71.26013618538933 0
28.62176713749053 71.24846994407609 0
28.520192655626435 71.23672613023005 0
28.41862452969292 71.22490451525593 0
28.31706282401457 71.21300486901117 0
28.21550760330976 71.20102695978932 0
28.113958932694416 71.18897055430287 0
28.012416877685837 71.17683541766618 0
27.910881504206564 71.16462131337784 0
27.809352878588328 71.15232800330287 0
27.707831067576045 71.13995524765471 0
27.606316138331838 71.12750280497679 0
27.504808158439186 71.11497043212387 0
27.40330719590705 71.10235788424312 0
27.301813319174162 71.08966491475482 0
27.20032659711324 71.0768912753328 0
27.098847099035428 71.06403671588453 0
26.997374894694687 71.05110098453093 0
26.895910054292266 71.03808382758584 0
26.794452648481293 71.02498498953508 0
26.693002748371402 71.01180421301532 0
26.591560425533405 70.99854123879246 0
26.490125752004097 70.98519580573965 0
26.38869880029108 70.97176765081514 0
26.287279643377698 70.95825650903953 0
26.185868354728015 70.94466211347272 0
26.084465008291925 70.93098419519053 0
25.98306967851026 70.91722248326091 0
25.881682440320077 70.90337670471966 0
25.780303369159924 70.88944658454582 0
25.678932540975303 70.8754318456367 0
25.577570032224102 70.86133220878224 0
25.476215919882222 70.84714739263931 0
25.37487028144922 70.83287711370522 0
25.273533194954055 70.8185210862909 0
25.17220473896099 70.80407902249375 0
25.070884992575493 70.78955063216975 0
24.969574035450314 70.77493562290536 0
24.868271947791612 70.76023369998869 0
24.766978810365224 70.7454445663803 0
24.665694704502997 70.73056792268352 0
24.564419712109263 70.71560346711408 0
24.46315391566741 70.70055089546935 0
24.361897398246523 70.68540990109699 0
24.260650243508234 70.67018017486298 0
24.159412535713578 70.65486140511918 0
24.05818435973005 70.63945327767019 0
23.956965801038724 70.62395547573966 0
23.855756945741547 70.60836767993608 0
23.754557880568715 70.59268956821774 0
23.65336869288621 70.57692081585722 0
23.552189470703453 70.56106109540517 0
23.451020302681073 70.54511007665339 0
23.349861278138864 70.52906742659725 0
23.24871248706384 70.51293280939744 0
23.147574020118437 70.49670588634092 0
23.046445968648893 70.48038631580124 0
22.94532842469373 70.46397375319803 0
22.84422148099244 70.44746785095573 0
22.7431252309943 70.43086825846157 0
22.64203976886733 70.41417462202271 0
22.54096518950748 70.39738658482264 0
22.439901588547905 70.38050378687656 0
22.33884906236847 70.36352586498609 0
22.237807708105414 70.34645245269299 0
22.13677762366118 70.32928318023198 0
22.03575890771446 70.31201767448272 0
21.934751659730388 70.29465555892068 0
21.833755979970988 70.27719645356723 0
21.732771969505734 70.25963997493855 0
21.631799730222408 70.24198573599368 0
21.530839364838076 70.22423334608146 0
21.429890976910375 70.20638241088635 0
21.3289546708489 70.1884325323732 0
21.22803055192693 70.17038330873098 0
21.127118726293308 70.15223433431515 0
21.026219300984565 70.13398519958915 0
20.925332383937334 70.11563549106431 0
20.824458084000945 70.09718479123887 0
20.723596510950316 70.07863267853551 0
20.62274777549907 70.05997872723763 0
20.521911989312972 70.04122250742438 0
20.42108926502356 70.02236358490414 0
20.32027971624212 70.00340152114676 0
20.21948345757393 69.98433587321426 0
20.118700604632775 69.96516619369011 0
20.017931274055787 69.94589203060694 0
19.91717558351859 69.9265129273727 0
19.816433651750756 69.90702842269519 0
19.71570559855159 69.88743805050508 0
19.61499154480625 69.86774133987706 0
19.514291612502205 69.84793781494932 0
19.41360592474604 69.82802699484132 0
19.312934605780654 69.8080083935697 0
19.212277781002772 69.78788151996213 0
19.111635576980905 69.7676458775696 0
19.011008121473647 69.74730096457637 0
18.910395543448388 69.72684627370805 0
18.809797973100473 69.70628129213755 0
18.70921554187273 69.68560550138892 0
18.60864838247549 69.6648183772389 0
18.508096628907005 69.64391938961624 0
18.407560416474357 69.62290800249868 0
18.30703988181486 69.60178367380745 0
18.20653516291787 69.58054585529942 0
18.106046399147214 69.55919399245663 0
18.005573731264015 69.5377275243731 0
17.905117301450137 69.51614588363914 0
17.804677253332127 69.49444849622273 0
17.704253732005743 69.47263478134809 0
17.60384688406104 69.45070415137128 0
17.50345685760806 69.42865601165282 0
17.40308380230315 69.40648976042712 0
17.302727869375882 69.38420478866871 0
17.202389211656637 69.3618004799552 0
17.102067983604872 69.3392762103268 0
17.001764341338035 69.31663134814221 0
16.90147844266125 69.29386525393106 0
16.801210447097688 69.2709772802425 0
16.70096051591968 69.24796677148998 0
16.600728812180677 69.22483306379196 0
16.50051550074794 69.20157548480859 0
16.400320748336092 69.17819335357416 0
16.300144723541514 69.15468598032521 0
16.199987596877637 69.13105266632397 0
16.0998495408111 69.10729270367733 0
15.999730729798886 69.0834053751509 0
15.89963134032644 69.05938995397818 0
15.799551550946706 69.03524570366446 0
15.69949154232029 69.01097187778561 0
15.599451497256622 68.98656771978126 0
15.499431600756244 68.96203246274243 0
15.399432040054236 68.93736532919318 0
15.299453004664812 68.91256553086639 0
15.199494686427121 68.88763226847313 0
15.099557279552316 68.86256473146568 0
14.999640980671922 68.8373620977938 0
14.899745988887531 68.81202353365417 0
14.7998725058219 68.78654819323255 0
14.70002073567148 68.76093521843862 0
14.600190885260428 68.73518373863313 0
14.500383164096164 68.70929287034713 0
14.400597784426527 68.68326171699292 0
14.300834961298564 68.65708936856649 0
14.201094912619034 68.6307749013412 0
14.101377859216695 68.6043173775522 0
14.001684024906433 68.57771584507145 0
13.90201363655524 68.5509693370728 0
13.802366924150242 68.52407687168697 0
13.702744120868706 68.49703745164591 0
13.603145463150218 68.46985006391604 0
13.503571190771032 68.44251367932033 0
13.404021546920708 68.41502725214825 0
13.304496778281138 68.38738971975371 0
13.204997135108032 68.35960000213991 0
13.105522871314934 68.33165700153123 0
13.006074244559935 68.30355960193101 0
12.906651516335138 68.27530666866528 0
12.807254952058972 68.24689704791126 0
12.707884821171527 68.21832956621066 0
12.608541397232967 68.18960302996649 0
12.509224958025184 68.16071622492339 0
12.409935785656826 68.13166791563017 0
12.310674166671806 68.10245684488433 0
12.211440392161476 68.07308173315745 0
12.112234757880588 68.0435412780009 0
12.013057564367205 68.0138341534308 0
11.913909117066758 67.98395900929164 0
11.814789726460388 67.95391447059723 0
11.715699708197773 67.9236991368485 0
11.616639383234642 67.89331158132661 0
11.517609077975166 67.86275035036083 0
11.41860912441946 67.8320139625694 0
11.31963986031639 67.801100908073 0
11.220701629321967 67.77000964767866 0
11.121794781163542 67.73873861203366 0
11.022919671810088 67.70728620074726 0
10.924076663648831 67.67565078147939 0
10.825266125668549 67.6438306889943 0
10.726488433649813 67.61182422417785 0
10.627743970362562 67.57962965301648 0
10.529033125771264 67.54724520553614 0
10.430356297248116 67.51466907469927 0
10.331713889794633 67.48189941525757 0
10.23310631627203 67.4489343425588 0
10.134533997640837 67.41577193130477 0
10.035997363210223 67.38241021425867 0
9.93749685089749 67.34884718089857 0
9.839032907498265 67.31508077601497 0
9.740605988967925 67.28110889824892 0
9.642216560714873 67.24692939856808 0
9.543865097906222 67.2125400786772 0
9.445552085786584 67.17793868935954 0
9.347278020010648 67.1431229287458 0
9.249043406990303 67.1080904405063 0
9.150848764257027 67.07283881196238 0
9.052694620840489 67.03736557211262 0
8.954581517664156 67.00166818956896 0
8.856510007958917 66.96574407039792 0
8.758480657695712 66.92959055586115 0
8.660494046038265 66.89320492004993 0
8.562550765817072 66.85658436740707 0
8.464651424025876 66.81972603013003 0
8.36679664234198 66.78262696544769 0
8.268987057671774 66.74528415276384 0
8.171223322723037 66.70769449065858 0
8.073506106605613 66.66985479373955 0
7.975836095462216 66.63176178933331 0
7.878213993131264 66.59341211400708 0
7.780640521843702 66.55480230990973 0
7.683116422956052 66.51592882092093 0
7.58564245772196 66.47678798859549 0
7.488219408104803 66.43737604788988 0
7.390848077634033 66.39768912265606 0
7.2935292923081985 66.35772322088728 0
7.1962639015478045 66.31747422969872 0
7.099052779201415 66.27693791002484 0
7.0018968246087105 66.2361098910135 0
6.904796963724488 66.19498566409555 0
6.807754150307957 66.15356057670651 0
6.710769367182051 66.11182982563501 0
6.61384362756785 66.06978844997086 0
6.5169779764997156 66.0274313236223 0
6.420173492327183 65.98475314737045 0
6.323431288310244 65.94174844042516 0
6.226752514315215 65.8984115314433 0
6.1301383586191065 65.85473654896767 0
6.0335900498311155 65.81071741123954 0
5.937108858940692 65.76634781533429 0
5.840696101502571 65.72162122556438 0
5.74435313997016 65.67653086108805 0
5.648081386189822 65.63106968265672 0
5.551882304069864 65.58523037842612 0
5.455757412439483 65.53900534874987 0
5.359708288114491 65.49238668986398 0
5.2637365691884614 65.44536617636248 0
5.167843958569956 65.39793524235259 0
5.0720322277887515 65.35008496116563 0
4.976303221096586 65.30180602348645 0
4.880658859890839 65.25308871374767 0
4.785101147492864 65.2039228846177 0
4.689632174316455 65.15429792939078 0
4.594254123466204 65.10420275206457 0
4.4989692768103895 65.05362573486376 0
4.403780021578633 65.00255470293831 0
4.30868885754097 64.95097688592996 0
4.213698404832364 64.8988788760606 0
4.118811412495242 64.84624658235003 0
4.024030767822416 64.79306518051678 0
3.929359506594247 64.73931905805429 0
3.8348008243171785 64.68499175390174 0
3.740358088586307 64.63006589204515 0
3.6460348527128255 64.57452310828505 0
3.5518348707785594 64.51834396929125 0
3.457762114305016 64.4615078829281 0
3.363820790754217 64.40399299867117 0
3.270015364114013 64.34577609674362 0
3.1763505778629355 64.28683246437022 0
3.0828314806603268 64.22713575727096 0
2.9894634551685613 64.16665784418345 0
2.896252250488018 64.10536863180177 0
2.803204018775229 64.04323586702951 0
2.7103253567243817 63.980224912847554 0
2.6176233527271284 63.91629849336179 0
2.5251056406923467 63.851416402687406 0
2.4327804617147653 63.78553517119572 0
2.3406567350408922 63.71860768123374 0
2.2487441401078825 63.650582722640735 0
2.157053211846624 63.58140447611709 0
2.0655954519724693 63.51101190959495 0
1.9743834596742122 63.43933806900606 0
1.8834310860073982 63.366309239949835 0
1.792753617476412 63.291843950323496 0
1.7023679958568818 63.21585177540874 0
1.6122930834178317 63.13823189538108 0
1.5225499855735933 63.05887133950449 0
1.4331624469575037 62.97764282959243 0
1.3441573424587037 62.89440210494042 0
1.2555652926617333 62.80898456768725 0
1.1674214445713575 62.721201024887826 0
1.0797664754110183 62.630832210955774 0
0.9926479028121771 62.537621634222525 0
0.9061218242169007 62.44126607478716 0
0.8202552711613412 62.341402716198246 0
0.7351294672777975 62.23759132757131 0
0.6508444544578085 62.12928894917249 0
0.5675258633462138 62.01581282347394 0
0.48533518580551077 61.896284121103214 0
0.4044860579244648 61.76953868988812 0
0.32527151170392515 61.63397759738689 0
0.24811286428061516 61.48729885273453 0
0.17365590268180994 61.32596929088083 0
0.1029863012305158 61.14404109788923 0
0.0382181510203907 60.92991654278476 0
-0.015198122810220448 60.653652558542916 0
0.0 60.0 0
0.21519812281022044 59.38262450352507 0
0.3617818489796093 59.14259050997804 0
0.49701369876948426 58.964648874195206 0
0.6263440973181901 58.81885652915207 0
0.7518871357193849 58.69361574387364 0
0.8747284882960749 58.5829787044234 0
0.9955139420755352 58.483412245751104 0
1.1146648141944893 58.39261437699177 0
1.2324741366537861 58.30898616570363 0
1.3491555455421915 58.23136345971449 0
1.4648705327222022 58.1588674296519 0
1.5797447288386588 58.090815317988024 0
1.6938781757830992 58.02666416498899 0
1.807352097187823 57.965973739770334 0
1.9202335245889817 57.90838122588062 0
2.0325785554286426 57.85358340341892 0
2.144434707338267 57.80132378071668 0
2.255842657541296 57.75138309218751 0
2.366837553042496 57.70357214488633 0
2.477450014426407 57.657726340951925 0
2.5877069165821687 57.61370141967981 0
2.697632004143118 57.571370102883456 0
2.807246382523588 57.53061941982683 0
2.916568913992602 57.49134855068544 0
3.025616540325788 57.45346707074099 0
3.134404548027531 57.416893507890705 0
3.242946788153376 57.381554147733986 0
3.351255859892118 57.3473820362026 0
3.4593432649591085 57.314316141228666 0
3.5672195382852343 57.28230064351259 0
3.674894359307653 57.251284332893626 0
3.782376647272872 57.221220091718784 0
3.889674643275619 57.1920644503594 0
3.9967959812247713 57.163777202930646 0
4.103747749511983 57.13632107353841 0
4.210536544831438 57.10966142516358 0
4.317168519339673 57.083766004709744 0
4.423649422137064 57.058604718870974 0
4.529984635885987 57.0341494363849 0
4.636179209245784 57.010373812971494 0
4.742237885694984 56.98725313585553 0
4.848165129221441 56.96476418526019 0
4.953965147287174 56.942885110661 0
5.059641911413692 56.92159531992233 0
5.1651991756828215 56.900875379714016 0
5.270640493405753 56.88070692583657 0
5.375969232177584 56.861072582275995 0
5.481188587504758 56.84195588797149 0
5.586301595167637 56.823341230416474 0
5.691311142459031 56.805213785329514 0
5.796219978421366 56.78755946173038 0
5.90103072318961 56.770364851840974 0
6.005745876533796 56.753617185303035 0
6.110367825683545 56.73730428726652 0
6.214898852507136 56.72141453995611 0
6.319341140109161 56.705936847369465 0
6.423696778903415 56.69086060280085 0
6.527967772211249 56.67617565891867 0
6.632156041430043 56.66187230015552 0
6.736263430811537 56.64794121719626 0
6.840291711885508 56.63437348337224 0
6.944242587560518 56.62116053279063 0
7.048117695930137 56.608294140045494 0
7.151918613810178 56.59576640137284 0
7.255646860029839 56.583569717126245 0
7.35930389849743 56.57169677546152 0
7.462891141059309 56.56014053713001 0
7.566409950168886 56.54889422129 0
7.669861641380894 56.53795129225393 0
7.773247485684786 56.527305447097184 0
7.876568711689755 56.51695060406104 0
7.979826507672816 56.50688089168826 0
8.083022023500282 56.49709063863578 0
8.18615637243215 56.4875743641134 0
8.289230632817949 56.47832676890225 0
8.392245849692042 56.4693427269106 0
8.495203036275512 56.4606172772282 0
8.598103175391289 56.45214561664374 0
8.700947220798586 56.443923092592705 0
8.803736098452196 56.43594519650595 0
8.906470707691803 56.428207557531344 0
9.009151922365968 56.42070593660334 0
9.111780591895197 56.41343622083713 0
9.21435754227804 56.40639441822594 0
9.31688357704395 56.39957665262176 0
9.419359478156297 56.392979158981035 0
9.521786006868735 56.38659827885859 0
9.624163904537783 56.38043045613408 0
9.726493893394386 56.37447223295641 0
9.828776677276963 56.36872024589274 0
9.931012942328225 56.36317122226968 0
10.03320335765802 56.35782197669485 0
10.135348575974124 56.35266940774838 0
10.237449234182929 56.347710494834 0
10.339505953961735 56.34294229518064 0
10.441519342304288 56.338361940985735 0
10.543489992041083 56.33396663669212 0
10.645418482335845 56.32975365639105 0
10.747305379159512 56.325720341344194 0
10.849151235742974 56.32186409761805 0
10.950956593009698 56.31818239382458 0
11.05272197998935 56.314672758962345 0
11.154447914213415 56.311332780352714 0
11.256134902093777 56.30816010166597 0
11.357783439285125 56.30515242103282 0
11.459394011032074 56.30230748923656 0
11.560967092501736 56.29962310798191 0
11.662503149102509 56.29709712823652 0
11.764002636789776 56.29472744864147 0
11.865466002359163 56.29251201398722 0
11.966893683727971 56.290448813751894 0
12.068286110205367 56.28853588069863 0
12.169643702751886 56.286771289529284 0
12.270966874228737 56.285153155591566 0
12.37225602963744 56.28367963363723 0
12.473511566350188 56.28234891662868 0
12.574733874331454 56.28115923459187 0
12.675923336351167 56.28010885351324 0
12.77708032818991 56.27919607427865 0
12.878205218836456 56.27841923165237 0
12.979298370678032 56.2777766932943 0
13.080360139683611 56.27726685881373 0
13.18139087558054 56.27688815885791 0
13.282390922024835 56.276639054233904 0
13.383360616765358 56.27651803506234 0
13.484300291802228 56.27652361996153 0
13.585210273539614 56.27665435526068 0
13.686090882933243 56.27690881424098 0
13.786942435632795 56.27728559640335 0
13.887765242119412 56.27778332676162 0
13.988559607838525 56.27840065516024 0
14.089325833328195 56.27913625561538 0
14.190064214343176 56.27998882567836 0
14.290775041974818 56.2809570858208 0
14.391458602767035 56.28203977884018 0
14.492115178828474 56.28323566928533 0
14.59274504794103 56.28454354290085 0
14.693348483664865 56.2859622060898 0
14.793925755440068 56.28749048539384 0
14.894477128685068 56.28912722699024 0
14.995002864891966 56.290871296204976 0
15.09550322171886 56.29272157704144 0
15.19597845307929 56.294676971723966 0
15.296428809228965 56.2967364002558 0
15.39685453684978 56.29889879999081 0
15.497255879131291 56.3011631252185 0
15.597633075849757 56.30352834676181 0
15.697986363444757 56.30599345158719 0
15.798315975093566 56.30855744242657 0
15.898622140783303 56.31121933741066 0
15.998905087380965 56.31397816971334 0
16.099165038701436 56.31683298720655 0
16.19940221557347 56.31978285212545 0
16.299616835903834 56.32282684074338 0
16.399809114739572 56.32596404305636 0
16.49997926432852 56.32919356247667 0
16.6001274941781 56.332514515535365 0
16.70025401111247 56.33592603159318 0
16.800359019328077 56.33942725255983 0
16.900442720447685 56.34301733262105 0
17.00050531357288 56.34669543797352 0
17.10054699533519 56.350460746567 0
17.200567959945765 56.354312447853786 0
17.300568399243758 56.358249742544935 0
17.40054850274338 56.36227184237332 0
17.50050845767971 56.36637796986302 0
17.600448449053296 56.370567358105035 0
17.70036865967356 56.374839250539004 0
17.800269270201117 56.3791929007408 0
17.900150459188904 56.38362757221572 0
18.000012403122366 56.38814253819725 0
18.09985527645848 56.392737081451 0
18.199679251663905 56.397410494083864 0
18.29948449925206 56.402162077358085 0
18.399271187819323 56.406991141510176 0
18.499039484080317 56.41189700557443 0
18.59878955290231 56.41687899721103 0
18.698521557338747 56.421936452538425 0
18.798235658661962 56.42706871597004 0
18.897932016395128 56.43227514005503 0
18.997610788343362 56.437555085323034 0
19.097272130624116 56.442907920132775 0
19.196916197696847 56.44833302052443 0
19.29654314239194 56.45382977007561 0
19.39615311593896 56.45939755976086 0
19.495746267994257 56.465035787814585 0
19.595322746667872 56.47074385959731 0
19.694882698549865 56.47652118746509 0
19.794426268735986 56.482367190642144 0
19.893953600852786 56.48828129509645 0
19.99346483708213 56.49426293341831 0
20.092960118185143 56.50031154470177 0
20.192439583525644 56.50642657442885 0
20.291903371093 56.512607474356415 0
20.39135161752451 56.518853702405714 0
20.49078445812727 56.52516472255448 0
20.59020202689953 56.531540004731454 0
20.689604456551614 56.537979024713394 0
20.788991878526357 56.54448126402432 0
20.888364423019095 56.55104620983717 0
20.987722218997227 56.557673354877544 0
21.087065394219348 56.564362197329714 0
21.18639407525396 56.57111224074463 0
21.28570838749779 56.577922993950025 0
21.385008455193745 56.58479397096249 0
21.484294401448405 56.591724690901486 0
21.583566348249242 56.598714677905235 0
21.68282441648141 56.60576346104841 0
21.78206872594421 56.61287057426166 0
21.881299395367222 56.62003555625282 0
21.980516542426066 56.62725795042983 0
22.07972028375788 56.63453730482531 0
22.17891073497644 56.64187317202272 0
22.27808801068703 56.6492651090841 0
22.377252224500925 56.65671267747929 0
22.476403489049684 56.6642154430167 0
22.575541915999054 56.67177297577543 0
22.674667616062667 56.679384850038915 0
22.773780699015436 56.68705064422983 0
22.872881273706692 56.69476994084639 0
22.971969448073068 56.70254232639998 0
23.0710453291511 56.71036739135397 0
23.170109023089623 56.71824473006387 0
23.269160635161924 56.72617394071862 0
23.368200269777596 56.7341546252831 0
23.467228030494265 56.742186389441756 0
23.566244020029014 56.75026884254342 0
23.665248340269613 56.758401597547135 0
23.764241092285545 56.76658427096909 0
23.863222376338822 56.774816482830644 0
23.96219229189459 56.78309785660729 0
24.06115093763153 56.79142801917865 0
24.160098411452097 56.79980660077947 0
24.259034810492523 56.80823323495151 0
24.357960231132665 56.81670755849637 0
24.456874769005697 56.82522921142929 0
24.555778519007557 56.83379783693371 0
24.654671575306267 56.84241308131682 0
24.753554031351104 56.85107459396585 0
24.85242597988156 56.85978202730524 0
24.951287512936158 56.868535036754615 0
25.05013872186113 56.877333280687516 0
25.148979697318925 56.88617642039092 0
25.247810529296544 56.895064120025495 0
25.34663130711379 56.903996046586634 0
25.445442119431284 56.912971869866126 0
25.54424305425845 56.92199126241462 0
25.643034198961278 56.931053899504704 0
25.741815640269948 56.94015945909467 0
25.84058746428642 56.949307621792975 0
25.939349756491765 56.95849807082331 0
26.038102601753476 56.96773049199027 0
26.136846084332593 56.97700457364569 0
26.235580287890738 56.986320006655575 0
26.334305295497007 56.995676484367564 0
26.433021189634776 57.00507370257904 0
26.531728052208386 57.01451135950574 0
26.630425964549687 57.02398915575097 0
26.729115007424507 57.033506794275304 0
26.82779526103901 57.04306398036687 0
26.926466805045944 57.052660421612096 0
27.025129718550783 57.06229582786698 0
27.12378408011778 57.07196991122891 0
27.222429967775902 57.081682386008836 0
27.3210674590247 57.091432968704076 0
27.41969663084008 57.101221377971434 0
27.51831755967993 57.11104733460094 0
27.61693032148974 57.120910561489836 0
27.71553499170808 57.1308107836172 0
27.81413164527199 57.140747728018816 0
27.912720356622305 57.15072112376263 0
28.01130119970892 57.160730701924464 0
28.109874247995908 57.17077619556423 0
28.2084395744666 57.180857339702534 0
28.3069972516286 57.19097387129758 0
28.405547351518713 57.20112552922257 0
28.50408994570774 57.21131205424339 0
28.602625105305318 57.2215331889967 0
28.701152900964576 57.231788677968325 0
28.799673402886768 57.2420782674721 0
28.898186680825845 57.252401705628955 0
28.996692804092945 57.26275874234635 0
29.09519184156081 57.27314912929812 0
29.193683861668156 57.283572619904554 0
29.29216893242395 57.2940289693128 0
29.390647121411668 57.30451793437763 0
29.48911849579343 57.31503927364248 0
29.58758312231416 57.325592747320776 0
29.68604106730558 57.33617811727756 0
29.784492396690236 57.34679514701142 0
29.882937175985425 57.357443601636675 0
29.981375470307075 57.36812324786587 0
30.07980734437356 57.37883385399251 0
30.178232862509468 57.38957518987406 0
30.27665208864933 57.40034702691524 0
30.37506508634127 57.411149138051556 0
30.473471918750604 57.42198129773305 0
30.571872648663444 57.43284328190836 0
30.67026733849017 57.44373486800897 0
30.768656050268905 57.45465583493372 0
30.867038845668926 57.465605963033546 0
30.965415785994043 57.47658503409647 0
31.063786932185927 57.487592831332776 0
31.16215234482736 57.49862913936038 0
31.260512084145486 57.50969374419057 0
31.358866210015012 57.52078643321374 0
31.45721478196134 57.53190699518551 0
31.555557859163656 57.543055220212956 0
31.653895500458027 57.554230899741086 0
31.75222776434041 57.56543382653949 0
31.850554708969618 57.5766637946892 0
31.948876392170284 57.58792059956971 0
32.04719287143576 57.599204037846256 0
32.14550420393098 57.61051390745716 0
32.24381044649532 57.6218500076015 0
32.3421116556453 57.633212138726854 0
32.44040788757746 57.644600102517245 0
32.53869919817103 57.65601370188125 0
32.63698564299059 57.66745274094034 0
32.73526727728874 57.678917025017284 0
32.83354415600876 57.6904063606248 0
32.931816333787154 57.70192055545432 0
33.0300838649562 57.71345941836494 0
33.12834680354648 57.7250227593725 0
33.2266052032894 57.736610389638834 0
33.32485911761962 57.74822212146118 0
33.42310859967747 57.759857768261696 0
33.5213537023114 57.771517144577146 0
33.61959447808031 57.783200066048764 0
33.71783097925587 57.79490634941218 0
33.8160632578249 57.80663581248756 0
33.914291365491614 57.818388274169834 0
34.01251535367987 57.830163554419045 0
34.11073527353542 57.8419614742509 0
34.2089511759281 57.85378185572737 0
34.30716311145401 57.865624521947474 0
34.405371130437686 57.87748929703813 0
34.503575282934214 57.88937600614521 0
34.601775618731295 57.901284475424625 0
34.69997218735138 57.913214532033585 0
34.798165038053696 57.92516600412198 0
34.896354219836276 57.9371387208238 0
34.99453978143795 57.94913251224884 0
35.092721771340365 57.961147209474234 0
35.19090023776992 57.97318264453644 0
35.28907522869968 57.985238650423035 0
35.387246791851354 57.99731506106478 0
35.48541497469713 58.009411711327765 0
35.58357982446157 58.0215284370056 0
35.68174138812349 58.033665074811786 0
35.779899712417716 58.0458214623721 0
35.87805484383699 58.05799743821719 0
35.976206828633686 58.07019284177513 0
36.07435571282161 58.082407513364174 0
36.172501542177756 58.09464129418555 0
36.27064436224403 58.10689402631639 0
36.36878421832896 58.119165552702704 0
36.466921155509425 58.13145571715246 0
36.56505521863225 58.14376436432879 0
36.66318645231598 58.15609133974316 0
36.76131490095242 58.16843648974884 0
36.8594406087083 58.18079966153421 0
36.9575636195269 58.19318070311633 0
37.05568397712961 58.20557946333452 0
37.15380172501751 58.21799579184402 0
37.25191690647293 58.230429539109736 0
37.350029564561 58.24288055640008 0
37.44813974213114 58.25534869578084 0
37.54624748181862 58.267833810109195 0
37.64435282604601 58.28033575302775 0
37.74245581702467 58.292854378958616 0
37.84055649675622 58.30538954309769 0
37.938654907034 58.31794110140885 0
38.03675108944447 58.330508910618306 0
38.134845085368646 58.34309282820902 0
38.2329369359835 58.35569271241519 0
38.33102668226338 58.368308422216735 0
38.429114364981345 58.38093981733394 0
38.52720002471053 58.39358675822212 0
38.62528370182555 58.40624910606636 0
38.72336543650377 58.418926722776284 0
38.82144526872667 58.43161947098093 0
38.91952323828113 58.444327214023666 0
39.01759938476075 58.45704981595718 0
39.11567374756713 58.4697871415385 0
39.21374636591114 58.482539056224084 0
39.311817278814175 58.49530542616502 0
39.409886525109414 58.50808611820217 0
39.50795414344305 58.52088099986151 0
39.606020172275535 58.53368993934939 0
39.704084649882766 58.546512805547934 0
39.80214761435729 58.55934946801049 0
39.90020910360954 58.57219979695707 0
39.99826915536895 58.585063663269956 0
40.0963278071852 58.597940938489195 0
40.194385096429265 58.610831494808316 0
40.292441060294706 58.62373520506998 0
40.39049573579869 58.63665194276171 0
40.48854915978317 58.64958158201171 0
40.586601368916014 58.662523997584685 0
40.68465239969207 58.675479064877685 0
40.782702288434294 58.688446659916096 0
40.88075107129486 58.70142665934957 0
40.978798784256156 58.71441894044807 0
41.07684546313197 58.72742338109791 0
41.17489114356844 58.74043985979786 0
41.27293586104517 58.753468255655356 0
41.37097965087626 58.7665084483826 0
41.469022548211335 58.7795603182929 0
41.56706458803656 58.792623746296854 0
41.66510580517564 58.80569861389875 0
41.76314623429089 58.81878480319286 0
41.86118590988416 58.831882196859894 0
41.959224866297866 58.84499067816341 0
42.05726313771594 58.8581101309463 0
42.15530075816486 58.87124043962733 0
42.253337761514544 58.88438148919765 0
42.35137418147934 58.89753316521743 0
42.449410051619004 58.91069535381249 0
42.54744540533957 58.923867941670935 0
42.64548027589437 58.937050816039886 0
42.74351469638488 58.95024386472222 0
42.841548699761674 58.963446976073314 0
42.93958231882536 58.976660038997906 0
43.03761558622744 58.989882942946885 0
43.135648534471215 59.00311557791421 0
43.23368119591271 59.01635783443379 0
43.331713602761496 59.02960960357645 0
43.42974578708163 59.0428707769469 0
43.52777778079247 59.05614124668074 0
43.625809615669574 59.069420905441476 0
43.72384132334553 59.08270964641765 0
43.82187293531082 59.0960073633199 0
43.91990448291466 59.10931395037809 0
44.01793599736582 59.12262930233849 0
44.11596750973347 59.13595331446095 0
44.21399905094801 59.14928588251615 0
44.31203065180186 59.16262690278283 0
44.410062342950305 59.17597627204507 0
44.50809415491225 59.18933388758958 0
44.606126118071074 59.202699647203076 0
44.704158262675385 59.21607344916961 0
44.80219061883983 59.229455192268 0
44.90022321654586 59.24284477576917 0
44.9982560856425 59.256242099433685 0
45.096289255847154 59.26964706350914 0
45.19432275674632 59.28305956872771 0
45.29235661779639 59.296479516303656 0
45.39039086832438 59.309906807930865 0
45.488425537528684 59.323341345780406 0
45.586460654479836 59.33678303249816 0
45.68449624812121 59.350231771202424 0
45.78253234726976 59.36368746548153 0
45.88056898061679 59.37715001939158 0
45.97860617672864 59.390619337454034 0
46.076643964047385 59.40409532465353 0
46.1746823708916 59.41757788643554 0
46.27272142545702 59.43106692870418 0
46.37076115581726 59.444562357819976 0
46.46880158992454 59.458064080597666 0
46.56684275561032 59.471572004303994 0
46.664884680586034 59.48508603665564 0
46.762927392443764 59.498606085816995 0
46.86097091865692 59.51213206039811 0
46.9590152865809 59.52566386945258 0
47.057060523453785 59.53920142247549 0
47.15510665639699 59.55274462940135 0
47.253153712415916 59.566293400602085 0
47.351201718400624 59.57984764688499 0
47.4492507011265 59.5934072794908 0
47.54730068725489 59.60697221009165 0
47.645351703333716 59.620542350789165 0
47.743403775798164 59.634117614112526 0
47.84145693097131 59.64769791301656 0
47.939511195064725 59.661283160879805 0
48.03756659417913 59.674873271502676 0
48.13562315430504 59.6884681591056 0
48.23368090132331 59.70206773832714 0
48.33173986100586 59.715671924222214 0
48.42980005901619 59.72928063226027 0
48.52786152091005 59.742893778323484 0
48.62592427213603 59.75651127870501 0
48.723988338036165 59.77013305010722 0
48.822053743846496 59.78375900963993 0
48.92012051469774 59.79738907481873 0
49.01818867561584 59.81102316356325 0
49.116258251522524 59.82466119419546 0
49.21432926723595 59.83830308543802 0
49.312401747471235 59.85194875641261 0
49.410475716841084 59.865598126638275 0
49.50855119985633 59.879251116029806 0
49.606628220926495 59.89290764489613 0
49.704706804360406 59.906567633938714 0
49.80278697436671 59.92023100424997 0
49.900868755054475 59.93389767731169 0
49.99895217043371 59.947567574993506 0
50.097037244415965 59.96124061955132 0
50.19512400081485 59.97491673362582 0
50.29321246334659 59.98859584024091 0
50.3913026556306 60.00227786280227 0
50.48939460118997 60.01596272509586 0
50.58748832345209 60.0296503512864 0
50.68558384574909 60.04334066591598 0
50.783681191318465 60.05703359390256 0
50.881780383303536 60.07072906053858 0
50.979881444754014 60.08442699148953 0
51.07798439862654 60.09812731279252 0
51.17608926778519 60.11182995085491 0
51.27419607500197 60.12553483245295 0
51.372304842957384 60.13924188473035 0
51.470415594240926 60.152951035197 0
51.56852835135158 60.166662211727555 0
51.666643136698355 60.180375342560154 0
51.76475997260077 60.19409035629509 0
51.862878881289376 60.207807181893486 0
51.96099988490626 60.221525748676 0
52.05912300550551 60.235245986321544 0
52.15724826505379 60.24896782486604 0
52.255375685430735 60.26269119470112 0
52.35350528842952 60.27641602657285 0
52.4516370957573 60.29014225158058 0
52.54977112903575 60.30386980117562 0
52.64790740980151 60.317598607160086 0
52.74604595950668 60.33132860168564 0
52.8441867995193 60.34505971725235 0
52.942329951123824 60.35879188670743 0
53.04047543552161 60.372525043244146 0
53.138623273831385 60.38625912040058 0
53.23677348708971 60.39999405205852 0
53.33492609625146 60.413729772442274 0
53.43308112219029 60.427466216117566 0
53.53123858569909 60.44120331799039 0
53.62939850749049 60.454941013305906 0
53.727560908197226 60.468679237647315 0
53.8257258083727 60.48241792693477 0
53.923893228491416 60.496157017424295 0
54.022063188949375 60.5098964457067 0
54.12023571006458 60.523636148706494 0
54.21841081207748 60.53737606368084 0
54.31658851515142 60.551116128218496 0
54.414768839373075 60.56485628023879 0
54.51295180475289 60.578596457990564 0
54.61113743122555 60.59233660005114 0
54.70932573865041 60.606076645325324 0
54.80751674681193 60.61981653304439 0
54.90571047542006 60.633556202765085 0
55.0039069441108 60.64729559436861 0
55.10210617244653 60.66103464805967 0
55.20030817991647 60.674773304365466 0
55.2985129859371 60.68851150413479 0
55.39672060985262 60.70224918853695 0
55.49493107093536 60.715986299060965 0
55.59314438838617 60.729722777514475 0
55.691360581334926 60.743458566022916 0
55.78957966884084 60.75719360702854 0
55.88780166989298 60.770927843289485 0
55.986026603410636 60.78466121787891 0
56.08425448824374 60.798393674184055 0
56.18248534317328 60.812125155905306 0
56.28071918691175 60.8258556070554 0
56.37895603810351 60.83958497195845 0
56.47719591532522 60.85331319524912 0
56.575438837086224 60.86704022187172 0
56.67368482182902 60.880765997079386 0
56.771933887929606 60.89449046643319 0
56.87018605369787 60.90821357580129 0
56.96844133737806 60.92193527135813 0
57.06669975714913 60.935655499583525 0
57.164961331125156 60.94937420726194 0
57.26322607735573 60.963091341481565 0
57.36149401382635 60.97680684963357 0
57.45976515845885 60.99052067941125 0
57.55803952911174 61.00423277880926 0
57.65631714358063 61.0179430961228 0
57.7545980195986 61.03165157994681 0
57.85288217483664 61.04535817917523 0
57.951169626903955 61.05906284300017 0
58.04946039334842 61.07276552091118 0
58.14775449165693 61.08646616269448 0
58.246051939255814 61.10016471843215 0
58.34435275351117 61.113861138501456 0
58.442656951729276 61.12755537357404 0
58.54096455115697 61.14124737461522 0
58.63927556898202 61.154937092883216 0
58.73759002233352 61.16862447992846 0
58.83590792828222 61.18230948759284 0
58.93422930384096 61.19599206800898 0
59.03255416596498 61.209672173599564 0
59.130882531552345 61.22334975707658 0
59.22921441744429 61.23702477144066 0
59.3275498404256 61.25069716998035 0
59.425888817224944 61.26436690627143 0
59.52423136451531 61.27803393417624 0
59.62257749891431 61.291698207842984 0
59.720927236984544 61.305359681705056 0
59.81928059523401 61.319018310480374 0
59.91763759011645 61.332674049170706 0
60.01599823803164 61.34632685306102 0
60.1143625553259 61.35997667771883 0
60.21273055829228 61.373623478993515 0
60.31110226317106 61.387267213015726 0
60.40947768615001 61.40090783619669 0
60.507856843364806 61.41454530522763 0
60.60623975089935 61.42817957707906 0
60.70462642478611 61.441810609000235 0
60.80301688100656 61.45543835851849 0
60.901411135491415 61.469062783438616 0
60.99980920412102 61.48268384184227 0
61.098211102725784 61.49630149208735 0
61.19661684708638 61.50991569280738 0
61.29502645293421 61.52352640291097 0
61.3934399359517 61.53713358158113 0
61.49185731177265 61.55073718827477 0
61.590278595982596 61.56433718272204 0
61.688703804119115 61.577933524925804 0
61.78713295167222 61.591526175161 0
61.88556605408464 61.605115093974156 0
61.98400312675223 61.61870024218273 0
62.08244418502423 61.632281580874604 0
62.1808892442037 61.64585907140749 0
62.27933831954774 61.6594326754084 0
62.377791426267926 61.67300235477307 0
62.47624857953061 61.686568071665405 0
62.57470979445724 61.70012978851699 0
62.67317508612472 61.71368746802647 0
62.771644469565715 61.72724107315907 0
62.870117959769004 61.740790567146036 0
62.968595571679785 61.75433591348411 0
63.067077320200085 61.76787707593502 0
63.165563220188936 61.78141401852492 0
63.26405328646288 61.794946705543914 0
63.36254753379617 61.80847510154552 0
63.46104597692111 61.82199917134616 0
63.5595486305285 61.83551888002465 0
63.658055509267776 61.849034192921714 0
63.75656662774748 61.86254507563945 0
63.85508200053551 61.87605149404089 0
63.95360164215948 61.88955341424942 0
64.05212556710701 61.90305080264837 0
64.15065378982607 61.91654362588052 0
64.2491863247253 61.93003185084755 0
64.3477231861743 61.94351544470962 0
64.44626438850403 61.95699437488489 0
64.54480994600696 61.97046860904904 0
64.64335987293761 61.98393811513478 0
64.74191418351268 61.997402861331395 0
64.84047289191143 62.010862816084305 0
64.93903601227609 62.024317948094584 0
65.03760355871198 62.0377682263185 0
65.13617554528798 62.05121361996705 0
65.23475198603678 62.06465409850554 0
65.33333289495525 62.07808963165314 0
65.43191828600462 62.09152018938239 0
65.53050817311093 62.104945741918804 0
65.62910257016527 62.11836625974042 0
65.72770149102412 62.131781713577354 0
65.82630494950963 62.14519207441138 0
65.92491295940991 62.158597313475504 0
66.0235255344794 62.1719974022535 0
66.12214268843915 62.18539231247955 0
66.22076443497711 62.19878201613775 0
66.31939078774842 62.21216648546175 0
66.41802176037575 62.22554569293431 0
66.51665736644962 62.2389196112869 0
66.61529761952862 62.25228821349928 0
66.7139425331398 62.26565147279908 0
66.81259212077894 62.27900936266142 0
66.91124639591085 62.29236185680852 0
67.00990537196965 62.30570892920924 0
67.10856906235908 62.31905055407875 0
67.20723748045285 62.33238670587809 0
67.30591063959486 62.345717359313824 0
67.40458855309954 62.3590424893376 0
67.50327123425215 62.372362071145766 0
67.6019586963091 62.38567608017904 0
67.70065095249814 62.398984492122096 0
67.79934801601877 62.41228728290315 0
67.89804990004251 62.425584428693654 0
67.99675661771316 62.43887590590786 0
68.09546818214713 62.45216169120246 0
68.19418460643367 62.46544176147627 0
68.29290590363524 62.47871609386979 0
68.39163208678781 62.49198466576487 0
68.49036316890104 62.50524745478436 0
68.5890991629587 62.51850443879173 0
68.68784008191884 62.53175559589073 0
68.78658593871421 62.545000904425 0
68.88533674625243 62.558240342977776 0
68.98409251741639 62.57147389037147 0
69.08285326506441 62.58470152566737 0
69.18161900203064 62.59792322816528 0
69.2803897411253 62.61113897740316 0
69.37916549513497 62.6243487531568 0
69.47794627682285 62.637552535439504 0
69.57673209892909 62.65075030450166 0
69.67552297417107 62.66394204083055 0
69.77431891524367 62.67712772514985 0
69.87311993481953 62.690307338419444 0
69.97192604554938 62.70348086183501 0
70.0707372600623 62.7166482768277 0
70.16955359096599 62.72980956506383 0
70.26837505084708 62.742964708444575 0
70.3672016522714 62.756113689105604 0
70.46603340778427 62.769256489416804 0
70.56487032991072 62.7823930919819 0
70.66371243115589 62.79552347963823 0
70.76255972400517 62.80864763545631 0
70.8614122209246 62.82176554273967 0
70.96026993436108 62.834877185024396 0
71.05913287674265 62.84798254607894 0
71.1580010604788 62.86108160990371 0
71.25687449796074 62.87417436073086 0
71.35575320156163 62.88726078302395 0
71.45463718363693 62.90034086147758 0
71.55352645652464 62.91341458101722 0
71.65242103254553 62.92648192679879 0
71.75132092400352 62.93954288420845 0
71.85022614318586 62.95259743886224 0
71.94913670236343 62.965645576605844 0
72.04805261379103 62.97868728351426 0
72.14697388970768 62.99172254589152 0
72.2459005423368 63.004751350270425 0
72.34483258388659 63.01777368341222 0
72.44377002655023 63.03078953230636 0
72.54271288250617 63.04379888417015 0
72.64166116391843 63.05680172644856 0
72.74061488293681 63.06979804681388 0
72.83957405169723 63.08278783316546 0
72.93853868232193 63.09577107362943 0
73.03750878691983 63.10874775655844 0
73.13648437758671 63.121717870531356 0
73.23546546640549 63.13468140435304 0
73.33445206544658 63.14763834705403 0
73.43344418676806 63.16058868789029 0
73.53244184241598 63.17353241634296 0
73.6314450444246 63.186469522118045 0
73.73045380481672 63.19939999514623 0
73.8294681356039 63.212323825582516 0
73.92848804878673 63.22524100380604 0
74.02751355635509 63.2381515204198 0
74.12654467028844 63.25105536625034 0
74.22558140255605 63.26395253234759 0
74.32462376511731 63.276843009984525 0
74.42367176992197 63.28972679065694 0
74.52272542891035 63.30260386608324 0
74.62178475401373 63.31547422820412 0
74.7208497571545 63.32833786918234 0
74.81992045024644 63.34119478140252 0
74.91899684519505 63.354044957470826 0
75.01807895389774 63.36688839021476 0
75.11716678824413 63.37972507268292 0
75.21626036011628 63.392554998144746 0
75.315359681389 63.40537816009028 0
75.41446476393003 63.41819455222991 0
75.51357561960039 63.43100416849418 0
75.6126922602546 63.443807003033484 0
75.71181469774093 63.45660305021788 0
75.81094294390168 63.46939230463684 0
75.9100770105734 63.48217476109903 0
76.00921690958721 63.49495041463203 0
76.108362652769 63.507719260482155 0
76.20751425193973 63.520481294114205 0
76.30667171891565 63.53323651121123 0
76.40583506550861 63.54598490767432 0
76.50500430352626 63.55872647962233 0
76.60417944477231 63.571461223391736 0
76.70336050104686 63.584189135536334 0
76.80254748414657 63.59691021282707 0
76.90174040586494 63.609624452251765 0
77.0009392779926 63.62233185101495 0
77.10014411231751 63.63503240653761 0
77.19267267022538 63.647652507442196 0
77.28377653974458 63.66004921758732 0
77.37494887688696 63.672218617467585 0
77.46618999985267 63.684160430140395 0
77.55750022385527 63.695874376715 0
77.64887986109615 63.707360176382544 0
77.74032922073944 63.71861754644663 0
77.83184860888753 63.72964620235411 0
77.92343832855678 63.74044585772622 0
78.01509867965417 63.75101622439002 0
78.10682995895408 63.761357012410194 0
78.19863246007579 63.771467930121084 0
78.29050647346145 63.781348684159056 0
78.38245228635468 63.79099897949511 0
78.47447018277943 63.80041851946781 0
78.56656044351975 63.80960700581645 0
78.65872334609979 63.81856413871447 0
78.75095916476454 63.82728961680316 0
78.84326817046099 63.835783137225505 0
78.93565063082002 63.84404439566044 0
79.02810681013862 63.852073086357095 0
79.12063696936289 63.85986890216946 0
79.21324136607143 63.867431534591105 0
79.30592025445948 63.8747606737902 0
79.39867388532345 63.881856008644625 0
79.49150250604613 63.888717226777345 0
79.5844063605825 63.895344014591885 0
79.67738568944608 63.901736057307964 0
79.77044072969578 63.90789303899736 0
79.86357171492351 63.9138146426198 0
79.95677887524228 63.919500550059006 0
80.05006243727483 63.92495044215897 0
80.143422624143 63.930163998760186 0
80.23685965545755 63.93514089873605 0
80.33037374730864 63.93988082002938 0
80.42396511225692 63.94438343968896 0
80.51763395932514 63.94864843390622 0
80.61138049399045 63.95267547805191 0
80.7052049181772 63.95646424671288 0
80.79910743025044 63.96001441372888 0
80.89308822500988 63.963325652229386 0
80.98714749368455 63.966397634670514 0
81.08128542392807 63.969230032871856 0
81.17550219981436 63.97182251805337 0
81.26979800183413 63.974174760872316 0
81.36417300689189 63.976286431460075 0
81.4586273883034 63.97815719945904 0
81.55316131579399 63.97978673405944 0
81.64777495549725 63.981174704036114 0
81.7424684699544 63.98232077778527 0
81.83724201811415 63.98322462336115 0
81.93209575533331 63.983885908512676 0
82.02702983337771 63.984304300719955 0
82.12204440042403 63.9844794672308 0
82.21713960106192 63.984411075097036 0
82.3123155762968 63.98409879121082 0
82.40757246355322 63.983542282340785 0
82.50291039667886 63.982741215168076 0
82.59832950594887 63.981695256322304 0
82.69382991807103 63.980404072417286 0
82.78941175619124 63.97886733008673 0
82.88507513989973 63.977084696019716 0
82.98082018523765 63.97505583699604 0
83.07664700470438 63.97278041992138 0
83.17255570726523 63.970258111862286 0
83.26854639835967 63.96748858008103 0
83.36461917991024 63.96447149207023 0
83.46077415033176 63.961206515587236 0
83.55701140454124 63.95769331868844 0
83.65333103396819 63.95393156976324 0
83.74973312656553 63.949920937567875 0
83.84621776682086 63.94566109125899 0
83.94278503576832 63.941151700427 0
84.039435011001 63.93639243512918 0
84.13616776668368 63.93138296592256 0
84.23298337356613 63.92612296389653 0
84.32988189899687 63.9206121007052 0
84.42686340693744 63.914850048599476 0
84.52392795797704 63.90883648045894 0
84.62107560934767 63.90257106982337 0
84.71830641493973 63.89605349092398 0
84.81562042531804 63.889283418714506 0
84.91301768773825 63.88226052890176 0
85.01049824616376 63.87498449797616 0
85.10806214128304 63.86745500324174 0
85.2057094105273 63.859671722845945 0
85.30344008808859 63.85163433580916 0
85.40125420493834 63.843342522053796 0
85.49915178884626 63.83479596243317 0
85.59713286439965 63.82599433876 0
85.69519745302303 63.816937333834545 0
85.79334557299819 63.80762463147256 0
85.89157723948459 63.79805591653263 0
85.98989246454009 63.7882308749435 0
86.0882912571421 63.77814919373075 0
86.18677362320895 63.76781056104336 0
86.28533956562178 63.75721466617978 0
86.38398908424647 63.74636119961361 0
86.4827221759562 63.73524985301916 0
86.58153883465413 63.72388031929631 0
86.6804390512964 63.71225229259527 0
86.77942281391555 63.70036546834082 0
86.87849010764394 63.688219543256295 0
86.9776409147379 63.67581421538705 0
87.0768752146017 63.66314918412369 0
87.17619298381202 63.65022415022485 0
87.2755941961427 63.6370388158396 0
87.37507882258964 63.62359288452949 0
87.4746468313959 63.60988606129015 0
87.57429818807728 63.59591805257259 0
87.67403285544779 63.581688566304095 0
87.7738507936456 63.56719731190864 0
87.87375196015907 63.55244400032704 0
87.97373630985304 63.537428344036634 0
88.07380379499529 63.522150057070576 0
88.1739543652832 63.506608855036795 0
88.27418796787055 63.49080445513649 0
88.37450454739458 63.474736576182266 0
88.47490404600316 63.4584049386159 0
88.57538640338205 63.441809264525624 0
88.67595155678248 63.424949277663146 0
88.7765994410487 63.40782470346015 0
88.8773299886458 63.39043526904448 0
88.97814312968754 63.37278070325589 0
89.07903879196444 63.354860736661465 0
89.18001690097184 63.336675101570506 0
89.28107737993814 63.31822353204922 0
89.38222014985321 63.299505763934846 0
89.48344512949669 63.28052153484946 0
89.5847522354666 63.26127058421344 0
89.68614138220792 63.24175265325844 0
89.7876124820412 63.22196748504001 0
89.88916544519137 63.20191482444993 0
89.99080017981643 63.18159441822794 0
90.0925165920364 63.16100601497335 0
90.19431458596209 63.14014936515606 0
90.29619406372412 63.11902422112729 0
90.39815492550181 63.097630337129914 0
90.50019706955223 63.07596746930841 0
90.6023203922391 63.05403537571848 0
90.70452478806187 63.03183381633622 0
90.8068101496848 63.00936255306694 0
90.9091763679658 62.98662134975371 0
91.01162333198565 62.96360997218539 0
91.11415092907687 62.940328188104374 0
91.21675904485275 62.916775767214 0
91.31944756323634 62.89295248118553 0
91.42221636648934 62.868858103664856 0
91.52506533524101 62.844492410278704 0
91.62799434851708 62.819855178640715 0
91.73100328376852 62.79494618835696 0
91.8340920169003 62.7697652210312 0
91.93726042230014 62.74431206026985 0
92.04050837286714 62.71858649168651 0
92.14383574004033 62.6925883029062 0
92.24724239382725 62.66631728356929 0
92.35072820283231 62.63977322533504 0
92.45429303428526 62.61295592188487 0
92.55793675406927 62.58586516892525 0
92.66165922674932 62.55850076419034 0
92.76546031560014 62.530862507444205 0
92.86933988263424 62.50295020048285 0
92.97329778862978 62.474763647135816 0
93.0773338931584 62.44630265326757 0
93.18144805461276 62.417567026778514 0
93.2856401302342 62.38855657760574 0
93.38990997614007 62.359271117723495 0
93.49425744735117 62.329710461143286 0
93.59868239781872 62.29987442391379 0
93.70318468045154 62.269762824120384 0
93.80776414714295 62.2393754818845 0
93.91242064879741 62.20871221936256 0
94.01715403535732 62.17777286074479 0
94.12196415582933 62.146557232253635 0
94.22685085831077 62.115065162141995 0
94.33181399001579 62.08329648069116 0
94.43685339730135 62.05125102020847 0
94.5419689256931 62.01892861502474 0
94.64716041991109 61.98632910149146 0
94.75242772389528 61.95345231797768 0
94.85777068083091 61.92029810486672 0
94.96318913317369 61.8868663045526 0
95.06868292267482 61.853156761436225 0
95.17425189040584 61.81916932192138 0
95.27989587678331 61.78490383441046 0
95.38561472159327 61.75036014929998 0
95.49140826401556 61.7155381189759 0
95.59727634264797 61.68043759780868 0
95.70321879553013 61.64505844214813 0
95.80923546016726 61.6094005103181 0
95.91532617355377 61.573463662610955 0
96.0214907721966 61.53724776128176 0
96.12772909213838 61.50075267054237 0
96.23404096898041 61.463978256555315 0
96.34042623790545 61.42692438742743 0
96.44688473370027 61.389590933203344 0
96.55341629077812 61.35197776585885 0
96.66002074320076 61.31408475929392 0
96.76669792470055 61.275911789325754 0
96.87344766870221 61.23745873368153 0
96.9802698083443 61.19872547199098 0
97.08716417650074 61.159711885778925 0
97.19413060580173 61.12041785845748 0
97.30116892865496 61.08084327531826 0
97.40827897726612 61.040988023524314 0
97.51546058365957 61.00085199210203 0
97.62271357969861 60.96043507193275 0
97.73003779710551 60.919737155744386 0
97.83743306748154 60.8787581381028 0
97.94489922232653 60.83749791540314 0
98.05243609305842 60.795956385860904 0
98.16004351103244 60.75413344950306 0
98.2677213075602 60.71202900815891 0
98.37546931392849 60.66964296545085 0
98.48328736141792 60.626975226785106 0
98.59117528132127 60.584025699342234 0
98.69913290496173 60.540794292067595 0
98.80716006371078 60.4972809156617 0
98.91525658900605 60.45348548257043 0
99.02342231236877 60.40940790697522 0
99.13165706542114 60.36504810478305 0
99.23996067990343 60.32040599361647 0
99.34833298769088 60.275481492803394 0
99.45677382081033 60.23027452336692 0
99.56528301145677 60.18478500801504 0
99.67386039200954 60.13901287113021 0
99.78250579504838 60.092958038758944 0
99.89121905336927 60.046620438601245 0
100.0 60.0 0
