60.0 300.0 0
59.93607562658214 299.9915899738258 0
59.87218014079502 299.9832404586636 0
59.808313521886895 299.97495144304884 0
59.74447574910524 299.96672291536305 0
59.68066680169583 299.9585548638342 0
59.616886658901905 299.95044727653624 0
59.553135299963294 299.9424001413894 0
59.489412704115566 299.9344134461601 0
59.425718850589114 299.92648717846095 0
59.362053718608315 299.91862132575096 0
59.29841728739068 299.91081587533506 0
59.23480953614591 299.9030708143647 0
59.1712304440751 299.89538612983745 0
59.107679990369824 299.88776180859725 0
59.04415815421125 299.88019783733415 0
58.98066491476931 299.87269420258485 0
58.91720025120173 299.8652508907322 0
58.85376414265328 299.85786788800556 0
58.79035656825478 299.85054518048065 0
58.7269775071223 299.8432827540797 0
58.66362693835622 299.83608059457157 0
58.60030484104036 299.82893868757156 0
58.53701119424117 299.8218570185417 0
58.47374597700672 299.8148355727906 0
58.41050916836594 299.8078743354738 0
58.34730074732764 299.80097329159344 0
58.28412069287969 299.7941324259986 0
58.220968983988094 299.78735172338537 0
58.157845599596136 299.78063116829674 0
58.09475051862347 299.7739707451229 0
58.031683719965244 299.76737043810107 0
57.96864518249119 299.7608302313158 0
57.90563488504478 299.7543501086991 0
57.84265280644231 299.74793005403006 0
57.779698925472 299.7415700509356 0
57.71677322089311 299.73527008289005 0
57.65387567143509 299.72903013321564 0
57.59100625579664 299.72285018508217 0
57.52816495264482 299.71673022150753 0
57.465351740614224 299.7106702253576 0
57.402566598306 299.7046701793463 0
57.33980950428702 299.698730066036 0
57.27708043708896 299.69284986783714 0
57.21437937520744 299.68702956700895 0
57.1517062971011 299.6812691456592 0
57.0890611811907 299.67556858574426 0
57.02644400585828 299.66992786906957 0
56.96385474944622 299.66434697728954 0
56.90129339025637 299.65882589190767 0
56.83875990654914 299.65336459427687 0
56.77625427654263 299.64796306559936 0
56.71377647841173 299.6426212869272 0
56.65132649028722 299.6373392391619 0
56.588904290254895 299.6321169030552 0
56.526509856354636 299.6269542592086 0
56.46414316657958 299.6218512880742 0
56.40180419887518 299.6168079699542 0
56.339492931138324 299.6118242850015 0
56.27720934121644 299.60690021321983 0
56.21495340690663 299.6020357344637 0
56.15272510595476 299.5972308284389 0
56.090524416054556 299.59248547470247 0
56.028351314846766 299.5877996526628 0
55.966205779918184 299.58317334158016 0
55.90408778880085 299.57860652056667 0
55.841997318971124 299.57409916858643 0
55.77993434784878 299.56965126445596 0
55.71789885279615 299.56526278684413 0
55.655890811117196 299.5609337142726 0
55.59391020005669 299.55666402511594 0
55.531956996799266 299.5524536976019 0
55.470031178468545 299.5483027098115 0
55.40813272212629 299.5442110396793 0
55.346261604771456 299.54017866499385 0
55.28441780333939 299.5362055633975 0
55.222601294700844 299.5322917123871 0
55.16081205566121 299.5284370893139 0
55.099050062959535 299.5246416713839 0
55.037315293267696 299.52090543565805 0
54.97560772318952 299.51722835905264 0
54.913927329259884 299.51361041833945 0
54.85227408794383 299.51005159014596 0
54.79064797563575 299.5065518509557 0
54.729048968658404 299.5031111771085 0
54.667477043262146 299.4997295448006 0
54.605932175623984 299.49640693008524 0
54.54441434184675 299.49314330887256 0
54.4829235179582 299.48993865693024 0
54.42145967991013 299.48679294988347 0
54.360022803577564 299.4837061632154 0
54.29861286475781 299.48067827226737 0
54.23722983916964 299.47770925223926 0
54.17587370245244 299.47479907818973 0
54.11454443016529 299.4719477250365 0
54.05324199778611 299.4691551675567 0
53.99196638071085 299.4664213803872 0
53.93071755425257 299.46374633802475 0
53.8694954936406 299.4611300148265 0
53.80830017401969 299.4585723850102 0
53.74713157044915 299.4560734226546 0
53.68598965790196 299.4536331016995 0
53.62487441126399 299.4512513959466 0
53.56378580533304 299.4489282790593 0
53.50272381481809 299.4466637245633 0
53.4416884143384 299.4444577058468 0
53.380679578422665 299.442310196161 0
53.31969728150815 299.4402211686204 0
53.25874149793991 299.4381905962029 0
53.197812201969846 299.43621845175056 0
53.13690936775596 299.43430470796966 0
53.07603296936146 299.43244933743097 0
53.015182980753934 299.43065231257054 0
52.95435937580449 299.42891360568956 0
52.89356212828697 299.4272331889551 0
52.832791211877094 299.4256110344001 0
52.77204660015158 299.42404711392425 0
52.711328266587394 299.42254139929383 0
52.650636184560874 299.4210938621424 0
52.58997032734692 299.41970447397125 0
52.52933066811813 299.41837320614945 0
52.46871717994407 299.4171000299145 0
52.40812983579034 299.41588491637265 0
52.34756860851785 299.4147278364992 0
52.28703347088193 299.41362876113914 0
52.226524395531584 299.4125876610072 0
52.16604135500862 299.4116045066886 0
52.105584321746875 299.4106792686392 0
52.045153268071395 299.409811917186 0
51.98474816619763 299.40900242252764 0
51.924368988230626 299.40825075473447 0
51.86401570616423 299.4075568837495 0
51.80368829188031 299.40692077938843 0
51.74338671714791 299.4063424113401 0
51.6831109536225 299.4058217491671 0
51.62286097284516 299.405358762306 0
51.562636746241814 299.40495342006784 0
51.502438245122406 299.4046056916387 0
51.44226544068016 299.40431554608 0
51.382118303990744 299.4040829523289 0
51.321996806011555 299.4039078791988 0
51.26190091758088 299.40379029537996 0
51.201830609417165 299.4037301694395 0
51.14178585211822 299.40372746982234 0
51.08176661616044 299.4037821648514 0
51.02177287189807 299.403894222728 0
50.96180458956244 299.40406361153254 0
50.901861739261136 299.4042902992248 0
50.84194429097735 299.4045742536443 0
50.78205221456903 299.4049154425111 0
50.72218547976814 299.405313833426 0
50.66234405617999 299.4057693938711 0
50.60252791328238 299.40628209121013 0
50.54273702042492 299.40685189268925 0
50.48297134682826 299.4074787654372 0
50.42323086158337 299.408162676466 0
50.36351553365079 299.4089035926713 0
50.30382533185989 299.40970148083295 0
50.24416022490816 299.41055630761537 0
50.184520181360455 299.41146803956826 0
50.1249051696483 299.4124366431269 0
50.06531515806914 299.41346208461266 0
50.00575011478563 299.41454433023364 0
49.946210007824924 299.415683346085 0
49.886694805077965 299.41687909814965 0
49.82720447429877 299.41813155229846 0
49.767738983103705 299.41944067429114 0
49.7082982989708 299.42080642977646 0
49.64888238923908 299.422228784293 0
49.589491221107785 299.4237077032693 0
49.53012476163574 299.42524315202485 0
49.47078297774066 299.42683509577023 0
49.411465836198445 299.42848349960786 0
49.35217330364247 299.4301883285323 0
49.29290534656298 299.43194954743115 0
49.233661931306344 299.43376712108505 0
49.17444302407437 299.43564101416865 0
49.11524859092371 299.43757119125104 0
49.056078597765115 299.4395576167961 0
48.99693301036282 299.4416002551633 0
48.937811794333825 299.443699070608 0
48.87871491514733 299.44585402728205 0
48.81964233812398 299.4480650892346 0
48.76059402843527 299.45033222041224 0
48.7015699511029 299.4526553846597 0
48.642570070998076 299.4550345457205 0
48.58359435284096 299.45746966723743 0
48.52464276119994 299.459960712753 0
48.465715260491066 299.4625076457102 0
48.40681181497736 299.46511042945286 0
48.34793238876823 299.4677690272262 0
48.28907694581885 299.4704834021777 0
48.23024544992951 299.47325351735714 0
48.17143786474502 299.4760793357176 0
48.112654153754114 299.4789608201159 0
48.05389428028878 299.48189793331306 0
47.995158207523716 299.4848906379749 0
47.936445898475725 299.4879388966727 0
47.87775731600306 299.49104267188363 0
47.819092422804914 299.4942019259915 0
47.76045118142075 299.49741662128713 0
47.70183355422975 299.50068671996905 0
47.64323950345026 299.504012184144 0
47.58466899113915 299.5073929758277 0
47.52612197919129 299.510829056945 0
47.46759842933894 299.51432038933086 0
47.409098303151225 299.5178669347308 0
47.350621562033524 299.5214686548015 0
47.29216816722693 299.52512551111124 0
47.233738079807715 299.52883746514055 0
47.17533126068673 299.5326044782831 0
47.116947670608916 299.5364265118456 0
47.05858727015268 299.54030352704916 0
47.00025001972945 299.54423548502933 0
46.941935879583056 299.54822234683684 0
46.88364480978923 299.5522640734382 0
46.82537677025508 299.5563606257165 0
46.76713172071857 299.56051196447146 0
46.708909620747946 299.56471805042065 0
46.650710429741316 299.5689788441996 0
46.59253410692603 299.57329430636264 0
46.534380611358245 299.57766439738333 0
46.476249901922394 299.5820890776553 0
46.41814193733067 299.58656830749254 0
46.36005667612255 299.5911020471302 0
46.301994076664265 299.59569025672505 0
46.243954097148396 299.60033289635624 0
46.18593669559327 299.6050299260257 0
46.12794182984257 299.6097813056589 0
46.0699694575648 299.61458699510524 0
46.01201953625285 299.61944695413894 0
45.95409202322351 299.6243611424594 0
45.89618687561699 299.6293295196918 0
45.83830405039649 299.6343520453879 0
45.7804435043477 299.63942867902637 0
45.7226051940784 299.6445593800135 0
45.66478907601795 299.64974410768394 0
45.60699510641688 299.6549828213011 0
45.54922324134646 299.66027548005775 0
45.49147343669823 299.6656220430767 0
45.43374564818356 299.6710224694114 0
45.37603983133329 299.67647671804656 0
45.31835594149718 299.6819847478985 0
45.26069393384364 299.68754651781626 0
45.20305376335918 299.69316198658146 0
45.14543538484807 299.69883111290966 0
45.08783875293191 299.70455385545046 0
45.03026382204922 299.71033017278813 0
44.972710546455055 299.7161600234426 0
44.91517888022059 299.7220433658695 0
44.85766877723271 299.72798015846115 0
44.80018019119369 299.7339703595469 0
44.74271307562072 299.74001392739405 0
44.68526738384559 299.7461108202081 0
44.62784306901429 299.75226099613343 0
44.570440084086606 299.75846441325405 0
44.51305838183583 299.76472102959406 0
44.45569791484831 299.7710308031182 0
44.39835863552312 299.7773936917326 0
44.341040496071734 299.7838096532851 0
44.28374344851763 299.7902786455662 0
44.22646744469596 299.79680062630933 0
44.169212436253204 299.80337555319164 0
44.11197837464683 299.8100033838343 0
44.05476521114493 299.81668407580366 0
43.99757289682595 299.823417586611 0
43.94040138257829 299.83020387371397 0
43.883250619100025 299.83704289451657 0
43.82612055689855 299.8439346063699 0
43.76901114629033 299.8508789665729 0
43.71192233740048 299.8578759323727 0
43.654854080162565 299.8649254609653 0
43.59780632431819 299.8720275094962 0
43.54077901941681 299.8791820350609 0
43.48377211481534 299.88638899470544 0
43.426785559677896 299.893648345427 0
43.36981930297553 299.90096004417455 0
43.31287329348591 299.90832404784925 0
43.25594747979302 299.9157403133053 0
43.19904181028696 299.9232087973502 0
43.14215623316358 299.9307294567454 0
43.08529069642429 299.9383022482069 0
43.028445147875715 299.945927128406 0
42.9716195351295 299.9536040539695 0
42.91481380560202 299.96133298148044 0
42.858027906514124 299.9691138674786 0
42.80126178489088 299.9769466684612 0
42.74451538756136 299.9848313408833 0
42.68778866115834 299.9927678411584 0
42.63108155211813 300.000756125659 0
42.57439400668028 300.0087961507171 0
42.51772597088736 300.01688787262475 0
42.46107739058474 300.0250312476347 0
42.404448211420394 300.03322623196067 0
42.34783837884461 300.0414727817784 0
42.29124783810982 300.04977085322554 0
42.23467653427039 300.0581204024026 0
42.17812441218239 300.06652138537345 0
42.120285521197225 300.07496831639463 0
42.06091097033288 300.08342239563893 0
42.001539834422886 300.09187600825726 0
41.94217210578445 300.10032914121 0
41.88280777672403 300.10878178128434 0
41.82344683953721 300.1172339150937 0
41.764089286508494 300.125685529078 0
41.704735109911105 300.134136609503 0
41.64538430200688 300.1425871424601 0
41.586036855046004 300.15103711386644 0
41.526692761266915 300.15948650946405 0
41.46735201289607 300.1679353148202 0
41.40801460214777 300.1763835153268 0
41.34868052122404 300.1848310962002 0
41.28934976231437 300.1932780424809 0
41.230022317595605 300.20172433903355 0
41.17069817923171 300.21016997054625 0
41.111377339373604 300.21861492153073 0
41.05205979015903 300.22705917632175 0
40.992745523712316 300.23550271907715 0
40.93343453214421 300.24394553377715 0
40.87412680755172 300.2523876042245 0
40.814822342017905 300.2608289140441 0
40.7555211276117 300.2692694466826 0
40.69622315638775 300.27770918540807 0
40.63692842038622 300.28614811331016 0
40.577636911632595 300.2945862132993 0
40.51834862213752 300.3030234681067 0
40.45906354389662 300.31145986028395 0
40.399781668890284 300.31989537220295 0
40.340502989083504 300.3283299860554 0
40.281227496425714 300.3367636838525 0
40.22195518285055 300.3451964474249 0
40.16268604027571 300.35362825842213 0
40.10342006060275 300.36205909831256 0
40.0441572357169 300.37048894838296 0
39.98489755748689 300.3789177897382 0
39.92564101776473 300.38734560330096 0
39.86638760838558 300.3957723698115 0
39.807137321167495 300.40419806982726 0
39.7478901479113 300.41262268372276 0
39.688646080400346 300.421046191689 0
39.62940511040037 300.42946857373335 0
39.570167229659276 300.4378898096791 0
39.51093242990696 300.4463098791654 0
39.45170070285511 300.4547287616468 0
39.39247204019702 300.4631464363926 0
39.33324643360741 300.4715628824872 0
39.27402387474221 300.4799780788293 0
39.21480435523841 300.4883920041317 0
39.155587866713816 300.496804636921 0
39.09637440076689 300.50521595553727 0
39.037163948976584 300.51362593813366 0
38.977956502902074 300.5220345626762 0
38.918752054082624 300.5304418069434 0
38.85955059403739 300.53884764852563 0
38.80035211426518 300.54725206482544 0
38.74115660624434 300.55565503305667 0
38.68196406143246 300.56405653024416 0
38.62277447126627 300.57245653322366 0
38.56358782716137 300.5808550186413 0
38.504404120512085 300.58925196295326 0
38.44522334269126 300.59764734242543 0
38.386045485050026 300.6060411331331 0
38.326870538917646 300.6144333109605 0
38.26769849560131 300.6228238516007 0
38.20852934638589 300.63121273055475 0
38.14936308253381 300.63959992313187 0
38.090199695284795 300.6479854044487 0
38.0310391758557 300.6563691494291 0
37.971881515440295 300.6647511328038 0
37.91272670520907 300.6731313291099 0
37.853574736309014 300.6815097126905 0
37.794425599863445 300.68988625769464 0
37.73527928697179 300.69826093807626 0
37.676135788709374 300.70663372759464 0
37.61699509612723 300.7150045998132 0
37.55785720025192 300.7233735280997 0
37.49872209208523 300.7317404856258 0
37.439589762604115 300.74010544536605 0
37.38046020276036 300.7484683800983 0
37.32133340348045 300.75682926240296 0
37.262209355665334 300.7651880646623 0
37.20308805019024 300.7735447590606 0
37.14396947790442 300.7818993175833 0
37.084853629631 300.7902517120167 0
37.02574049616674 300.79860191394783 0
36.96663006828182 300.8069498947636 0
36.907522336719644 300.8152956256505 0
36.848417292196615 300.8236390775944 0
36.78931492540195 300.8319802213799 0
36.73021522699744 300.84031902758994 0
36.67111818761724 300.84865546660535 0
36.61202379786767 300.85698950860456 0
36.55293204832701 300.8653211235629 0
36.49384292954525 300.87365028125237 0
36.43475643204391 300.88197695124114 0
36.37567254631581 300.89030110289303 0
36.316591262824836 300.89862270536713 0
36.25751257200577 300.90694172761727 0
36.19843646426403 300.9152581383916 0
36.13936292997547 300.92357190623216 0
36.080291959486146 300.9318829994744 0
36.02122354311213 300.9401913862467 0
35.96215767113926 300.94849703446965 0
35.90309433382293 300.9567999118561 0
35.844033521387864 300.96509998591023 0
35.78497522402789 300.97339722392724 0
35.72591943190574 300.9816915929927 0
35.666866135152816 300.9899830599825 0
35.60781532386894 300.99827159156166 0
35.54876698812217 301.00655715418446 0
35.48972111794854 301.01483971409357 0
35.43067770335188 301.02311923731963 0
35.37163673430352 301.0313956896809 0
35.312598200742144 301.03966903678236 0
35.25356209257347 301.0479392440157 0
35.19452839967011 301.0562062765583 0
35.1354971118713 301.06447009937307 0
35.076468218982654 301.0727306772077 0
35.017441710775955 301.08098797459417 0
34.95841757698892 301.08924195584825 0
34.89939580732497 301.09749258506906 0
34.840376391452985 301.1057398261382 0
34.78135931900709 301.1139836427194 0
34.722344579586384 301.1222239982582 0
34.66333216275475 301.13046085598086 0
34.60432205804057 301.13869417889424 0
34.545314254936564 301.146923929785 0
34.48630874289944 301.155150071219 0
34.42730551134976 301.16337256554095 0
34.36830454967163 301.1715913748736 0
34.30930584721249 301.1798064611173 0
34.2503093932829 301.1880177859492 0
34.19131517715623 301.1962253108229 0
34.132323188068455 301.20442899696775 0
34.07333341521793 301.212628805388 0
34.014345847765114 301.22082469686273 0
33.955360474832325 301.22901663194466 0
33.896377285503526 301.2372045709599 0
33.83739626882402 301.2453884740071 0
33.77841741380027 301.25356830095694 0
33.719440709399585 301.2617440114516 0
33.66046614454992 301.2699155649037 0
33.60149370813961 301.2780829204963 0
33.54252338901708 301.2862460371814 0
33.48355517599066 301.29440487368026 0
33.424589057828264 301.3025593884818 0
33.3656250232572 301.31070953984266 0
33.30666306096384 301.31885528578607 0
33.24770315959344 301.3269965841014 0
33.18874530774982 301.3351333923432 0
33.12978949399513 301.343265667831 0
33.07083570684961 301.3513933676481 0
33.011883934791285 301.35951644864105 0
32.95293416625572 301.36763486741916 0
32.893986389635806 301.37574858035345 0
32.8350405932814 301.3838575435761 0
32.77609676549913 301.39196171297965 0
32.71715489455214 301.40006104421633 0
32.65821496865975 301.40815549269735 0
32.59927697599724 301.416245013592 0
32.5403409046956 301.42432956182705 0
32.48140674284119 301.432409092086 0
32.42247447847552 301.4404835588081 0
32.36354409959499 301.4485529161879 0
32.304615594150555 301.4566171181741 0
32.245688950047494 301.4646761184692 0
32.18676415514514 301.47272987052827 0
32.127841197256565 301.4807783275585 0
32.06892006414834 301.48882144251814 0
32.01000074354021 301.49685916811586 0
31.951083223104867 301.50489145680984 0
31.892167490467628 301.51291826080706 0
31.833253533206154 301.52093953206224 0
31.77434133885019 301.5289552222772 0
31.715430894881248 301.53696528290004 0
31.656522188732332 301.54496966512403 0
31.597615207787662 301.5529683198871 0
31.538709939382358 301.56096119787065 0
31.479806370802162 301.5689482494988 0
31.42090448928315 301.57692942493765 0
31.36200428201143 301.58490467409416 0
31.303105736122834 301.59287394661527 0
31.244208838702654 301.60083719188725 0
31.185313576785315 301.6087943590344 0
31.12641993735408 301.6167453969184 0
31.067527907340743 301.6246902541374 0
31.008637473625363 301.6326288790249 0
30.949748623035905 301.64056121964876 0
30.890861342347968 301.64848722381055 0
30.831975618284467 301.6564068390443 0
30.773091437515333 301.6643200126157 0
30.7142087866572 301.6722266915209 0
30.65532765227307 301.6801268224858 0
30.596448020872035 301.6880203519649 0
30.53756987890895 301.6959072261402 0
30.478693212784094 301.70378739092035 0
30.41981800884288 301.71166079193955 0
30.360944253375536 301.7195273745565 0
30.302071932616744 301.7273870838534 0
30.243201032745365 301.73523986463476 0
30.184331539884084 301.7430856614266 0
30.125463440099118 301.75092441847505 0
30.06659671939982 301.75875607974564 0
30.00773136373843 301.76658058892167 0
29.948867359009682 301.77439788940376 0
29.890004691050503 301.78220792430824 0
29.83114334563967 301.79001063646615 0
29.772283308497464 301.79780596842227 0
29.71342456528534 301.80559386243374 0
29.654567101605583 301.81337426046906 0
29.59571090300097 301.82114710420683 0
29.536855954954422 301.82891233503466 0
29.478002242888653 301.836669894048 0
29.419149752165822 301.84441972204866 0
29.360298468087198 301.85216175954406 0
29.301448375892786 301.8598959467456 0
29.242599460760985 301.86762222356765 0
29.18375170780823 301.8753405296262 0
29.124905102088633 301.8830508042378 0
29.06605962859362 301.8907529864179 0
29.00721527225158 301.89844701487993 0
28.948372017927472 301.90613282803395 0
28.889529850422495 301.9138103639851 0
28.830688754473698 301.92147956053253 0
28.7718487147536 301.92914035516816 0
28.713009715869845 301.9367926850749 0
28.654171742364795 301.94443648712576 0
28.595334778715184 301.9520716978822 0
28.53649880933171 301.95969825359293 0
28.477663818558668 301.9673160901923 0
28.418829790673556 301.97492514329906 0
28.359996709886694 301.98252534821495 0
28.30116456034085 301.9901166399231 0
28.242333326110806 301.9976989530867 0
28.18350299120301 302.00527222204767 0
28.124673539555143 302.0128363808248 0
28.06584495503575 302.0203913631127 0
28.00701722144381 302.02793710227985 0
27.94819032250836 302.03547353136753 0
27.88936424188806 302.0430005830879 0
27.830538963170806 302.05051818982275 0
27.7717144698733 302.05802628362164 0
27.71289074544065 302.0655247962005 0
27.65406777324595 302.07301365894006 0
27.595245536589843 302.0804928028841 0
27.53642401870012 302.08796215873804 0
27.477603202731284 302.09542165686685 0
27.418783071764125 302.102871227294 0
27.359963608805273 302.1103107996991 0
27.30114479678679 302.117740303417 0
27.242326618565713 302.12515966743524 0
27.183509056923622 302.132568820393 0
27.124692094566186 302.13996769057877 0
27.065875714122726 302.14735620592916 0
27.007059898145776 302.15473429402664 0
26.948244629110604 302.16210188209806 0
26.889429889414778 302.16945889701253 0
26.830615661377696 302.17680526528 0
26.771801927240126 302.1841409130488 0
26.71298866916374 302.19146576610444 0
26.654175869230656 302.1987797498672 0
26.595363509442944 302.2060827893904 0
26.53655157172218 302.21337480935847 0
26.477740037908923 302.2206557340851 0
26.418928889762288 302.2279254875109 0
26.36011810895941 302.2351839932018 0
26.301307677094986 302.24243117434696 0
26.242497575680776 302.2496669537564 0
26.183687786145093 302.25689125385935 0
26.124878289832306 302.264103996702 0
26.066069068002356 302.2713051039453 0
26.007260101830227 302.278494496863 0
25.948451372405437 302.2856720963394 0
25.889642860731524 302.2928378228672 0
25.83083454772553 302.29999159654545 0
25.772026414217482 302.30713333707683 0
25.713218440949845 302.31426296376617 0
25.654410608577006 302.32138039551756 0
25.595602897664733 302.3284855508323 0
25.53679528868965 302.3355783478065 0
25.477987762038655 302.34265870412906 0
25.419180298008406 302.34972653707877 0
25.36037287680477 302.3567817635223 0
25.301565478542233 302.3638242999117 0
25.24275808324336 302.3708540622818 0
25.183950670838243 302.37787096624817 0
25.12514322116389 302.3848749270039 0
25.066335713963685 302.391865859318 0
25.007528128886797 302.3988436775318 0
24.948720445487584 302.40580829555734 0
24.88991264322502 302.41275962687416 0
24.83110470146209 302.4196975845269 0
24.772296599465186 302.42662208112245 0
24.713488316403513 302.4335330288275 0
24.654679831348478 302.4404303393657 0
24.595871123273067 302.4473139240148 0
24.53706217105123 302.45418369360397 0
24.47825295345725 302.461039558511 0
24.41944344916512 302.4678814286594 0
24.36063363674791 302.4747092135154 0
24.30182349467711 302.48152282208537 0
24.24301300132199 302.4883221629126 0
24.184202134948954 302.4951071440742 0
24.125390873720868 302.5018776731785 0
24.066579195696406 302.50863365736166 0
24.007767078829378 302.51537500328465 0
23.94895450096805 302.52210161713015 0
23.890141439854453 302.5288134045994 0
23.83132787312372 302.5355102709092 0
23.772513778303363 302.54219212078823 0
23.713699132812586 302.54885885847415 0
23.654883913961584 302.55551038771017 0
23.59606809895081 302.56214661174175 0
23.537251664870265 302.56876743331316 0
23.47843458869878 302.57537275466404 0
23.41961684730326 302.581962477526 0
23.36079841743797 302.5885365031192 0
23.301979275743754 302.5950947321485 0
23.243159398747313 302.6016370648002 0
23.184338762860424 302.60816340073814 0
23.12551734437918 302.61467363910043 0
23.066695119483203 302.62116767849517 0
23.007872064234867 302.62764541699715 0
22.949048154578506 302.63410675214385 0
22.89022336633962 302.6405515809316 0
22.831397675224054 302.6469797998116 0
22.7725710568172 302.65339130468624 0
22.71374348658316 302.6597859909048 0
22.654914939863918 302.66616375325964 0
22.596085391878514 302.6725244859819 0
22.537254817722175 302.67886808273755 0
22.478423192365476 302.685194436623 0
22.419590490653476 302.69150344016117 0
22.36075668730482 302.69779498529675 0
22.301921756910893 302.7040689633923 0
22.243085673934907 302.71032526522345 0
22.184248412711003 302.7165637809748 0
22.12540994744334 302.7227844002351 0
22.066570252205185 302.728987011993 0
22.007729300937978 302.7351715046321 0
21.948887067450404 302.74133776592635 0
21.890043525417422 302.74748568303545 0
21.83119864837933 302.7536151425 0
21.772352409740794 302.7597260302365 0
21.713504782769856 302.76581823153253 0
21.654655740596965 302.7718916310419 0
21.595805256213964 302.7779461127792 0
21.53695330247308 302.78398156011514 0
21.47809985208592 302.789997855771 0
21.41924487762241 302.7959948818136 0
21.36038835150979 302.80197251965 0
21.30153024603152 302.80793065002194 0
21.24267053332624 302.81386915300044 0
21.1838091853867 302.8197879079804 0
21.124946174058643 302.8256867936749 0
21.066081471039706 302.83156568810944 0
21.007215047878343 302.83742446861646 0
20.94834687597266 302.84326301182926 0
20.88947692656928 302.8490811936762 0
20.83060517076221 302.8548788893747 0
20.77173157949168 302.8606559734252 0
20.712856123542913 302.86641231960505 0
20.653978773545003 302.87214780096224 0
20.595099499969663 302.8778622898092 0
20.536218273130032 302.88355565771616 0
20.47733506317941 302.8892277755051 0
20.418449840110046 302.89487851324276 0
20.35956257375185 302.90050774023416 0
20.300673233771125 302.906115325016 0
20.241781789669268 302.9117011353497 0
20.182888210781478 302.9172650382143 0
20.12399246627541 302.92280689979975 0
20.065094525149856 302.9283265854998 0
20.006194356233372 302.9338239599044 0
19.94729192818292 302.93929888679276 0
19.888387209482474 302.94475122912576 0
19.829480168441613 302.9501808490386 0
19.770570773194095 302.9555876078329 0
19.711658991696428 302.9609713659693 0
19.6527447917264 302.9663319830593 0
19.59382814088161 302.97166931785756 0
19.53490900657797 302.9769832282537 0
19.475987356048194 302.9822735712641 0
19.41706315634027 302.9875402030238 0
19.358136374315897 302.9927829787779 0
19.299206976648914 302.99800175287305 0
19.240274929823734 303.00319637874895 0
19.181340200133693 303.0083667089293 0
19.122402753679452 303.0135125950133 0
19.06346255636732 303.0186338876661 0
19.004519573907597 303.02373043661004 0
18.945573771812864 303.0288020906153 0
18.886625115396264 303.03384869749016 0
18.82767356976978 303.0388701040719 0
18.76871909984244 303.04386615621667 0
18.709761670318564 303.0488366987899 0
18.65080124569592 303.05378157565616 0
18.591837790263906 303.058700629669 0
18.532871268101694 303.06359370266074 0
18.473901643076324 303.0684606354319 0
18.414928878840822 303.0733012677409 0
18.355952938832235 303.07811543829257 0
18.29697378626968 303.08290298472815 0
18.23799138415237 303.08766374361346 0
18.179005695257562 303.0923975504279 0
18.120016682138534 303.097104239553 0
18.061024307122516 303.1017836442609 0
18.00202853230856 303.10643559670217 0
17.943029319565454 303.11105992789436 0
17.8840266305295 303.1156564677095 0
17.82502042660237 303.1202250448618 0
17.766010668948862 303.12476548689506 0
17.70699731849464 303.12927762017006 0
17.64798033592396 303.1337612698515 0
17.588959681677338 303.13821625989493 0
17.52993531594919 303.14264241303334 0
17.47090719868546 303.1470395507637 0
17.411875289581197 303.15140749333284 0
17.35283954807806 303.15574605972404 0
17.29379993336188 303.16005506764225 0
17.234756404360063 303.1643343334999 0
17.175708919739087 303.1685836724021 0
17.11665743790184 303.1728028981319 0
17.057601916985003 303.1769918231349 0
16.99854231485635 303.181150258504 0
16.93947858911203 303.18527801396357 0
16.880410697073785 303.18937489785367 0
16.821338595786145 303.1934407171138 0
16.762262242013584 303.1974752772665 0
16.703181592237605 303.20147838240047 0
16.644096602653814 303.2054498351538 0
16.58500722916891 303.2093894366964 0
16.52591342739767 303.2132969867127 0
16.46681515265986 303.21717228338343 0
16.407712359977094 303.2210151233679 0
16.348605004069682 303.2248253017851 0
16.289493039353353 303.22860261219495 0
16.230376419936015 303.2323468465795 0
16.171255099614402 303.2360577953231 0
16.112129031870687 303.23973524719275 0
16.052998169869028 303.2433789893181 0
15.993862466452093 303.2469888071706 0
15.934721874137486 303.25056448454313 0
15.87557634511413 303.2541058035285 0
15.816425831238604 303.2576125444978 0
15.7572702840314 303.2610844860788 0
15.698109654673132 303.2645214051333 0
15.63894389400067 303.2679230767343 0
15.579772952503223 303.2712892741434 0
15.520596780318336 303.27461976878647 0
15.461415327227838 303.2779143302304 0
15.402228542653727 303.281172726158 0
15.343036375653949 303.2843947223437 0
15.28383877491814 303.287580082628 0
15.224635688763287 303.29072856889155 0
15.165427065129299 303.29383994102926 0
15.106212851574517 303.29691395692316 0
15.046992995271149 303.2999503724155 0
14.987767443000594 303.30294894128076 0
14.928536141148722 303.3059094151976 0
14.869299035701056 303.30883154372 0
14.81005607223785 303.3117150742479 0
14.750807195929113 303.3145597519973 0
14.691552351529511 303.31736531997007 0
14.632291483373201 303.32013151892255 0
14.573024535368562 303.3228580873341 0
14.513751450992817 303.32554476137506 0
14.454472173286586 303.32819127487363 0
14.395186644848307 303.3307973592825 0
14.335894807828584 303.3333627436447 0
14.276596603924402 303.3358871545589 0
14.217291974373248 303.3383703161438 0
14.15798085994713 303.340811950002 0
14.098663200946465 303.343211775183 0
14.039338937193856 303.34556950814596 0
13.980008008027767 303.34788486272066 0
13.920670352296053 303.350157550069 0
13.861325908349382 303.35238727864464 0
13.80197461403452 303.3545737541525 0
13.7426164066875 303.3567166795069 0
13.683251223126634 303.3588157547896 0
13.623878999645413 303.3608706772058 0
13.564499672005251 303.3628811410408 0
13.505113175428088 303.3648468376142 0
13.445719444588855 303.36676745523425 0
13.386318413607773 303.3686426791507 0
13.32691001604251 303.3704721915068 0
13.267494184880173 303.3722556712903 0
13.208070852529133 303.3739927942837 0
13.148639950810702 303.37568323301264 0
13.089201410950617 303.37732665669404 0
13.02975516357035 303.37892273118285 0
12.970301138678261 303.38047111891734 0
12.910839265660536 303.3819714788635 0
12.851369473271964 303.38342346645834 0
12.791891689626487 303.3848267335517 0
12.732405842187582 303.3861809283468 0
12.67291185775842 303.38748569533965 0
12.613409662471815 303.3887406752568 0
12.553899181779965 303.38994550499234 0
12.494380340443962 303.39109981754245 0
12.434853062523086 303.3922032419397 0
12.375317271363844 303.3932554031846 0
12.315772889588791 303.39425592217674 0
12.256219839085091 303.3952044156437 0
12.196658040992824 303.3961004960683 0
12.137087415693044 303.39694377161453 0
12.077507882795539 303.3977338460513 0
12.017919361126358 303.3984703186751 0
11.958321768715013 303.3991527842299 0
11.898715022781417 303.3997808328261 0
11.839099039722507 303.4003540498568 0
11.779473735098563 303.4008720159125 0
11.719839023619208 303.4013343066939 0
11.660194819129087 303.4017404929219 0
11.600541034593197 303.40209014024606 0
11.540877582081881 303.4023828091509 0
11.481204372755462 303.40261805485903 0
11.421521316848505 303.40279542723323 0
11.361828323653715 303.4029144706747 0
11.302125301505429 303.4029747240198 0
11.242412157762708 303.40297572043386 0
11.182688798792036 303.40291698730204 0
11.122955129949561 303.40279804611805 0
11.063211055562931 303.40261841236935 0
11.003456478912636 303.40237759541986 0
10.943691302212935 303.4020750983895 0
10.883915426592251 303.40171041803063 0
10.824128752073104 303.4012830446013 0
10.764331177551515 303.40079246173497 0
10.704522600775888 303.4002381463071 0
10.644702918325347 303.3996195682982 0
10.584872025587499 303.3989361906526 0
10.52502981673564 303.3981874691344 0
10.465176184705332 303.397372852179 0
10.405311021170382 303.3964917807401 0
10.345434216518168 303.3955436881339 0
10.285545659824319 303.39452799987737 0
10.225645238826685 303.3934441335234 0
10.165732839898633 303.3922914984905 0
10.10580834802159 303.39106949588825 0
10.045871646756835 303.38977751833727 0
9.98592261821652 303.38841494978493 0
9.925961143033872 303.38698116531475 0
9.865987100332564 303.3854755309513 0
9.806000367695228 303.3838974034587 0
9.74600082113105 303.38224613013404 0
9.685988335042474 303.3805210485936 0
9.62596278219091 303.3787214865542 0
9.565924033661478 303.3768467616067 0
9.50587195882669 303.3748961809838 0
9.445806425309106 303.37286904132026 0
9.38572729894284 303.3707646284058 0
9.325634443733954 303.36858221693115 0
9.265527721819636 303.3663210702254 0
9.205406993426172 303.36398043998594 0
9.145272116825605 303.3615595659996 0
9.085122948291096 303.3590576758552 0
9.024959342050883 303.35647398464715 0
8.964781150240825 303.3538076946694 0
8.904588222855443 303.3510579950997 0
8.844380407697429 303.3482240616738 0
8.784157550325547 303.3453050563488 0
8.723919494000855 303.34230012695576 0
8.663666079631195 303.3392084068409 0
8.603397145713892 303.3360290144945 0
8.543112528276557 303.3327610531679 0
8.482812060815942 303.32940361047747 0
8.422495574234757 303.3259557579947 0
8.362162896776386 303.3224165508229 0
8.301813853957368 303.3187850271591 0
8.241448268497596 303.3150602078406 0
8.181065960248123 303.31124109587574 0
8.120666746116461 303.30732667595845 0
8.060250439989272 303.3033159139648 0
7.999816852652347 303.29920775643245 0
7.9393657917077505 303.2950011300206 0
7.878897061487987 303.2906949409507 0
7.8184104629670985 303.28628807442635 0
7.757905793668504 303.28177939403207 0
7.697382847569485 303.27716774110934 0
7.636841415002118 303.2724519341093 0
7.576281282550535 303.2676307679212 0
7.515702232944306 303.2627030131745 0
7.4551040449477775 303.2576674155148 0
7.394486493245182 303.25252269485105 0
7.333849348321318 303.2472675445736 0
7.273192376337563 303.2419006307411 0
7.21251533900303 303.2364205912348 0
7.151817993440612 303.23082603487916 0
7.091100092047656 303.22511554052664 0
7.030361382351016 303.21928765610437 0
6.969601606856201 303.2133408976222 0
6.908820502890297 303.2072737481387 0
6.848017802438387 303.2010846566838 0
6.787193231973084 303.19477203713575 0
6.726346512276862 303.1883342670491 0
6.6654773582567834 303.1817696864327 0
6.604585478751218 303.17507659647373 0
6.543670576328143 303.16825325820514 0
6.482732347074537 303.1612978911139 0
6.4217704803764235 303.1542086716861 0
6.360784658689009 303.14698373188605 0
6.299774557296375 303.13962115756493 0
6.238739844060149 303.13211898679606 0
6.177680179156507 303.12447520813083 0
6.116595214800852 303.11668775877314 0
6.055484594959428 303.1087545226648 0
5.994347955047135 303.10067332847905 0
5.933184921610689 303.09244194751506 0
5.871995111996268 303.0840580914882 0
5.810778134000703 303.0755194102095 0
5.749533585505172 303.0668234891471 0
5.68826105409035 303.05796784686316 0
5.626960116631817 303.04894993231704 0
5.565630338874481 303.0397671220277 0
5.504271274984652 303.0304167170846 0
5.442882467078338 303.02089593999864 0
5.381463444724149 303.01120193138115 0
5.320013724419155 303.0013317464405 0
5.258532809035839 302.9912823512831 0
5.197020187238193 302.98105061900577 0
5.135475332864778 302.9706333255647 0
5.073897704276467 302.960027145405 0
5.01228674366633 302.9492286468344 0
4.95064187632894 302.93823428712153 0
4.8889625098861345 302.92704040729933 0
4.8272480334659935 302.9156432266509 0
4.765497816831544 302.9040388368547 0
4.703711209455326 302.8922231957619 0
4.6418875395356745 302.88019212077813 0
4.580026112950117 302.8679412818178 0
4.518126212140907 302.8554661937973 0
4.456187094927203 302.8427622086296 0
4.394207993237894 302.8298245066783 0
4.33218811175846 302.81664808762724 0
4.270126626484612 302.80322776071506 0
4.20802268317472 302.78955813428024 0
4.145875395692184 302.775633604556 0
4.083683844228028 302.76144834364845 0
4.021447073392898 302.7469962866237 0
3.9591640901665297 302.7322711176226 0
3.8968338616913902 302.7172662549106 0
3.8344553128957406 302.7019748347635 0
3.7720273239296658 302.68638969407357 0
3.709548727395699 302.670503351552 0
3.6470183053535137 302.65430798738555 0
3.5844347860756622 302.63779542118937 0
3.521796840528532 302.62095708807794 0
3.459103078549431 302.6037840126549 0
3.396352044687024 302.5862667806952 0
3.3335422136680544 302.56839550826487 0
3.2706719854483666 302.550159807989 0
3.2077396798005355 302.53154875213966 0
3.1447435303838147 302.5125508321688 0
3.081681678234392 302.49315391425944 0
3.0185521646049858 302.4733451904043 0
2.9553529230722844 302.4531111244511 0
2.8920817708183617 302.43243739246464 0
2.828736398977635 302.4113088166582 0
2.765314361923668 302.3897092920251 0
2.7018130653496044 302.3676217046596 0
2.6382297529715513 302.3450278405877 0
2.5745614916548933 302.3219082837235 0
2.510805154728209 302.29824230132266 0
2.446957403206746 302.27400771500953 0
2.3830146645955 302.24918075509055 0
2.3189731088784824 302.22373589543054 0
2.2548286212227993 302.1976456656242 0
2.1905767708298027 302.1708804365258 0
2.1262127752456994 302.14340817436965 0
2.061731459293955 302.115194157667 0
1.997127207602616 302.08620064975355 0
1.932393909459405 302.05638651818737 0
1.8675248944196952 302.0257067900576 0
1.802512856695256 301.99411212949985 0
1.737349765833891 301.96154822010726 0
1.6720267605189034 301.9279550301857 0
1.6065340214113608 301.8932659324864 0
1.540860617739623 301.8574066415602 0
1.4749943206812217 301.82029392030825 0
1.4089213742919768 301.78183399133303 0
1.3426262115296042 301.7419205663188 0
1.276091098353796 301.7004323748117 0
1.2092956822710026 301.6572300276041 0
1.1422164119210683 301.61215198169697 0
1.0748257795485179 301.56500927075484 0
1.0070913153701568 301.5155785054362 0
0.9389742265317067 301.46359239412214 0
0.870427513725144 301.4087266176912 0
0.8013932970612959 301.35058118221275 0
0.7317989026595437 301.28865311308437 0
0.6615509254237584 301.2222950024699 0
0.5905258184467693 301.1506492656878 0
0.5185541441426326 301.07253804920174 0
0.4453923226887071 300.98626561514504 0
0.37066705331219957 300.88922933002067 0
0.2937508469166432 300.77704791969546 0
0.21342199821711713 300.6411783923136 0
0.12653126134559164 300.45956473895444 0
0.0 300.0 0
-0.006531261345591637 299.52336740180664 0
0.02657800178288288 299.3247102038416 0
0.06624915308335684 299.1718214464868 0
0.10933294668780047 299.04264512082153 0
0.15460767731129293 298.9286382349901 0
0.20144585585736746 298.8254195148593 0
0.24947418155323073 298.73038632693203 0
0.2984490745762416 298.64184293334176 0
0.3482010973404561 298.55861148055203 0
0.3986067029387041 298.4798343838813 0
0.4495724862748558 298.40486423549356 0
0.5010257734682934 298.3331980607862 0
0.5529086846298431 298.26443586582866 0
0.6051742204514823 298.19825333149953 0
0.6577835880789317 298.1343831661799 0
0.7107043177289976 298.0726019805282 0
0.7639089016462042 298.01272080820894 0
0.8173737884703958 297.95457810622315 0
0.8710786257080231 297.8980344853632 0
0.9250056793187782 297.84296867517526 0
0.9791393822603772 297.7892743873435 0
1.033465978588639 297.7368578444705 0
1.0879732394810966 297.6856358094572 0
1.1426502341661091 297.6355339968547 0
1.1974871433047443 297.5864857794141 0
1.2524751055803045 297.53843112544126 0
1.307606090540595 297.49131571852945 0
1.362872792397384 297.4450902228141 0
1.4182685407060456 297.3997096653844 0
1.4737872247543 297.35513291379857 0
1.5294232291701972 297.3113222313921 0
1.5851713787772008 297.26824289667644 0
1.6410268911215176 297.2258628758857 0
1.6969853354045 297.1841525398743 0
1.7530425967932546 297.1430844182368 0
1.809194845271791 297.1026329848381 0
1.8654385083451064 297.0627744699848 0
1.9217702470284488 297.0234866953009 0
1.9781869346503957 296.9847489280424 0
2.0346856380763323 296.9465417521232 0
2.091263601022365 296.9088469535693 0
2.1479182291816383 296.8716474184751 0
2.204647076927715 296.8349270418338 0
2.261447835395014 296.7986706458587 0
2.3183183217656076 296.76286390661465 0
2.3752564696161853 296.72749328794924 0
2.4322603201994646 296.6925459818554 0
2.4893280145516337 296.65800985451597 0
2.5464577863319455 296.62387339738297 0
2.6036479553129763 296.5901256827284 0
2.6608969214505684 296.5567563231775 0
2.718203159471468 296.52375543479627 0
2.7755652139243376 296.4911136033595 0
2.8329816946464863 296.45882185347097 0
2.890451272604301 296.42687162024515 0
2.947972676070335 296.39525472329706 0
3.00554468710426 296.36396334281363 0
3.06316613830861 296.332989997506 0
3.12083590983347 296.30232752426645 0
3.178552926607101 296.2719690593707 0
3.236316155771972 296.24190802108427 0
3.2941246043078163 296.21213809354794 0
3.3519773168252804 296.1826532118279 0
3.4098733735153877 296.1534475480303 0
3.46781188824154 296.12451549838823 0
3.5257920067621056 296.09585167124027 0
3.583812905072797 296.067450875825 0
3.6418737878590934 296.03930811182624 0
3.6999738870498837 296.0114185596077 0
3.758112460464326 295.98377757108227 0
3.8162887905446734 295.95638066116635 0
3.8745021831684556 295.92922349977437 0
3.9327519665340054 295.9023019043119 0
3.991037490113865 295.8756118326302 0
4.049358123671059 295.84914937640764 0
4.10771325633367 295.8229107549274 0
4.166102295723533 295.79689230922236 0
4.224524667135222 295.7710904965612 0
4.282979812761807 295.7455018852516 0
4.341467190964161 295.7201231497387 0
4.399986275580845 295.69495106597867 0
4.458536555275852 295.66998250706837 0
4.517117532921662 295.64521443911417 0
4.575728725015348 295.6206439173244 0
4.63436966112552 295.59626808231053 0
4.693039883368183 295.5720841565833 0
4.75173894590965 295.5480894412323 0
4.810466414494828 295.5242813127764 0
4.869221865999297 295.500657220175 0
4.9280048880037315 295.47721468199023 0
4.986815078389311 295.45395128369034 0
5.045652044952864 295.4308646750862 0
5.104515405040571 295.4079525678933 0
5.163404785199148 295.3852127334107 0
5.222319820843493 295.3626430003117 0
5.281260155939852 295.3402412525382 0
5.340225442703626 295.31800542729394 0
5.399215341310992 295.2959335131304 0
5.458229519623577 295.2740235481209 0
5.517267652925464 295.2522736181166 0
5.576329423671858 295.23068185508174 0
5.635414521248781 295.20924643550256 0
5.694522641743216 295.187965578866 0
5.753653487723137 295.1668375462049 0
5.812806768026916 295.1458606387065 0
5.871982197561612 295.1250331963796 0
5.931179497109703 295.10435359677894 0
5.990398393143799 295.08382025378256 0
6.049638617648984 295.0634316164205 0
6.1088999079523445 295.0431861677512 0
6.168182006559388 295.0230824237846 0
6.22748466099697 295.003118932448 0
6.286807623662438 294.9832942725935 0
6.346150651678682 294.96360705304585 0
6.405513506754819 294.9440559116862 0
6.464895955052223 294.9246395145732 0
6.524297767055694 294.90535655509717 0
6.583718717449464 294.88620575316713 0
6.643158584997881 294.8671858544286 0
6.702617152430515 294.84829562951114 0
6.762094206331495 294.8295338733039 0
6.821589537032902 294.81089940425807 0
6.881102938512012 294.7923910637152 0
6.940634208292249 294.77400771525964 0
7.000183147347652 294.7557482440951 0
7.059749560010728 294.7376115564431 0
7.119333253883538 294.71959657896264 0
7.178934039751877 294.7017022581915 0
7.238551731502405 294.6839275600058 0
7.298186146042633 294.6662714690994 0
7.357837103223614 294.6487329884806 0
7.417504425765243 294.63131113898686 0
7.477187939184059 294.614004958815 0
7.536887471723444 294.59681350306846 0
7.596602854286109 294.57973584331876 0
7.656333920368807 294.56277106718215 0
7.716080505999146 294.54591827791 0
7.775842449674454 294.5291765939927 0
7.835619592302573 294.5125451487764 0
7.895411777144559 294.4960230900921 0
7.9552188497591745 294.479609579897 0
8.015040657949116 294.46330379392674 0
8.074877051708903 294.4471049213592 0
8.134727883174394 294.43101216448827 0
8.194593006573827 294.41502473840825 0
8.254472278180364 294.39914187070815 0
8.314365556266047 294.38336280117466 0
8.374272701057158 294.36768678150526 0
8.434193574690894 294.3521130750291 0
8.49412804117331 294.3366409564366 0
8.554075966338521 294.32126971151786 0
8.614037217809088 294.3059986369074 0
8.674011664957526 294.290827039838 0
8.733999178868949 294.27575423790057 0
8.793999632304772 294.2607795588118 0
8.854012899667435 294.24590234018814 0
8.91403885696613 294.2311219293265 0
8.97407738178348 294.2164376829911 0
9.034128353243165 294.20184896720644 0
9.09419165197841 294.1873551570562 0
9.154267160101368 294.17295563648753 0
9.214354761173315 294.15864979812125 0
9.274454340175684 294.14443704306683 0
9.334565783481834 294.1303167807428 0
9.39468897882962 294.11628842870203 0
9.45482381529467 294.1023514124616 0
9.51497018326436 294.0885051653375 0
9.575127974412501 294.07474912828366 0
9.635297081674654 294.0610827497353 0
9.695477399224112 294.04750548545655 0
9.755668822448486 294.0340167983919 0
9.815871247926895 294.0206161585217 0
9.876084573407747 294.00730304272145 0
9.936308697787064 293.9940769346246 0
9.996543521087363 293.9809373244893 0
10.056788944437068 293.9678837090677 0
10.117044870050437 293.9549155914799 0
10.177311201207964 293.9420324810897 0
10.237587842237291 293.9292338933847 0
10.29787469849457 293.9165193498585 0
10.358171676346284 293.90388837789635 0
10.418478683151493 293.89134051066344 0
10.478795627244537 293.8788752869963 0
10.539122417918117 293.866492251296 0
10.599458965406802 293.85419095342536 0
10.659805180870913 293.841970948607 0
10.720160976380791 293.8298317973254 0
10.780526264901438 293.81777306523014 0
10.840900960277494 293.8057943230422 0
10.901284977218584 293.7938951464622 0
10.961678231284987 293.7820751160806 0
11.022080638873643 293.77033381729063 0
11.082492117204461 293.75867084020257 0
11.142912584306957 293.74708577956045 0
11.203341959007176 293.7355782346607 0
11.26378016091491 293.7241478092723 0
11.324227110411211 293.7127941115592 0
11.384682728636157 293.70151675400433 0
11.445146937476917 293.6903153533351 0
11.50561965955604 293.6791895304511 0
11.566100818220038 293.668138910353 0
11.626590337528187 293.65716312207326 0
11.687088142241583 293.6462617986081 0
11.747594157812417 293.6354345768516 0
11.808108310373512 293.62468109753024 0
11.868630526728035 293.61400100514015 0
11.929160734339462 293.6033939478845 0
11.989698861321738 293.5928595776131 0
12.050244836429648 293.58239754976296 0
12.110798589049383 293.5720075233001 0
12.171360049189296 293.56168916066287 0
12.231929147470867 293.551442127706 0
12.292505815119828 293.54126609364664 0
12.35308998395749 293.53116073101035 0
12.413681586392226 293.5211257155795 0
12.474280555411145 293.511160726342 0
12.534886824571913 293.50126544544105 0
12.595500327994749 293.49143955812644 0
12.656121000354588 293.4816827527064 0
12.716748776873366 293.4719947205005 0
12.7773835933125 293.462375155794 0
12.83802538596548 293.4528237557922 0
12.89867409165062 293.4433402205768 0
12.959329647703948 293.4339242530622 0
13.019991991972233 293.42457555895317 0
13.080661062806145 293.4152938467035 0
13.141336799053537 293.4060788274749 0
13.20201914005287 293.3969302150975 0
13.262708025626752 293.38784772603015 0
13.3234033960756 293.3788310793224 0
13.384105192171416 293.36987999657697 0
13.444813355151695 293.36099420191255 0
13.505527826713415 293.35217342192766 0
13.566248549007184 293.3434173856655 0
13.626975464631435 293.3347258245786 0
13.687708516626797 293.32609847249535 0
13.748447648470489 293.31753506558584 0
13.809192804070886 293.30903534232965 0
13.869943927762149 293.3005990434831 0
13.930700964298943 293.2922259120479 0
13.991463858851278 293.2839156932402 0
14.052232556999405 293.2756681344599 0
14.113007004728852 293.267482985261 0
14.173787148425482 293.25935999732206 0
14.234572934870702 293.2512989244177 0
14.295364311236714 293.24329952239003 0
14.356161225081859 293.23536154912125 0
14.41696362434605 293.22748476450613 0
14.477771457346272 293.21966893042537 0
14.538584672772162 293.21191381071947 0
14.599403219681667 293.2042191711628 0
14.660227047496777 293.1965847794383 0
14.72105610599933 293.1890104051127 0
14.781890345326868 293.18149581961205 0
14.842729715968602 293.17404079619774 0
14.903574168761397 293.1666451099429 0
14.96442365488587 293.1593085377094 0
15.025278125862515 293.1520308581248 0
15.086137533547907 293.14481185156046 0
15.147001830130973 293.137651300109 0
15.207870968129315 293.13054898756326 0
15.268744900385599 293.12350469939486 0
15.329623580063986 293.1165182227333 0
15.390506960646649 293.10958934634573 0
15.451394995930322 293.1027178606164 0
15.512287640022906 293.09590355752727 0
15.573184847340144 293.0891462306384 0
15.634086572602333 293.0824456750688 0
15.694992770831092 293.0758016874777 0
15.755903397346188 293.0692140660458 0
15.816818407762396 293.0626826104576 0
15.877737757986418 293.05620712188306 0
15.938661404213857 293.0497874029602 0
15.999589302926218 293.0434232577777 0
16.060521410887972 293.0371144918581 0
16.12145768514365 293.0308609121409 0
16.182398083015 293.0246623269662 0
16.243342562098164 293.0185185460584 0
16.304291080260917 293.0124293805103 0
16.36524359563994 293.00639464276765 0
16.426200066638124 293.00041414661325 0
16.487160451921937 292.9944877071525 0
16.5481247104188 292.9886151407976 0
16.609092801314535 292.9827962652537 0
16.670064684050807 292.97703089950386 0
16.73104031832266 292.9713188637951 0
16.792019664076037 292.96565997962426 0
16.853002681505355 292.9600540697244 0
16.913989331051134 292.954500958051 0
16.974979573397626 292.9490004697689 0
17.035973369470497 292.94355243123874 0
17.096970680434545 292.9381566700044 0
17.157971467691436 292.9328130147801 0
17.218975692877486 292.9275212954378 0
17.279983317861465 292.92228134299506 0
17.340994304742438 292.9170929896025 0
17.402008615847627 292.9119560685322 0
17.46302621373032 292.9068704141657 0
17.524047061167764 292.90183586198253 0
17.585071121159178 292.8968522485484 0
17.646098356923673 292.89191941150443 0
17.707128731898305 292.88703718955566 0
17.768162209736094 292.8822054224604 0
17.82919875430408 292.8774239510192 0
17.890238329681434 292.87269261706433 0
17.95128090015756 292.86801126344943 0
18.01232643023022 292.86337973403903 0
18.073374884603734 292.85879787369856 0
18.134426228187134 292.85426552828415 0
18.195480426092402 292.84978254463306 0
18.25653744363268 292.84534877055364 0
18.317597246320545 292.840964054816 0
18.378659799866305 292.8366282471425 0
18.439725070176266 292.83234119819843 0
18.500793023351083 292.82810275958275 0
18.561863625684104 292.8239127838193 0
18.62293684365973 292.81977112434777 0
18.684012643951807 292.81567763551476 0
18.745090993422032 292.8116321725654 0
18.806171859118393 292.8076345916347 0
18.8672552082736 292.80368474973915 0
18.928341008303573 292.79978250476825 0
18.989429226805903 292.7959277154767 0
19.05051983155839 292.7921202414761 0
19.111612790517526 292.7883599432269 0
19.17270807181708 292.7846466820308 0
19.23380564376663 292.78098032002305 0
19.294905474850147 292.7773607201645 0
19.35600753372459 292.7737877462343 0
19.417111789218524 292.77026126282254 0
19.478218210330734 292.76678113532284 0
19.53932676622888 292.76334722992516 0
19.60043742624815 292.7599594136086 0
19.661550159889956 292.75661755413455 0
19.722664936820593 292.7533215200397 0
19.783781726869968 292.7500711806291 0
19.844900500030338 292.7468664059695 0
19.906021226455 292.7437070668828 0
19.96714387645709 292.74059303493937 0
20.028268420508326 292.73752418245147 0
20.08939482923779 292.7345003824672 0
20.150523073430723 292.7315215087639 0
20.211653124027343 292.7285874358419 0
20.272784952121654 292.7256980389188 0
20.33391852896029 292.72285319392284 0
20.395053825941357 292.72005277748747 0
20.456190814613294 292.7172966669449 0
20.517329466673754 292.71458474032073 0
20.57846975396848 292.7119168763281 0
20.63961164849021 292.7092929543618 0
20.700755122377586 292.70671285449293 0
20.76190014791408 292.7041764574633 0
20.823046697526916 292.70168364467986 0
20.884194743786033 292.6992342982094 0
20.945344259403033 292.6968283007733 0
21.006495217230142 292.69446553574215 0
21.067647590259206 292.69214588713066 0
21.12880135162067 292.6898692395926 0
21.189956474582576 292.68763547841553 0
21.251112932549596 292.685444489516 0
21.31227069906202 292.6832961594345 0
21.373429747794816 292.6811903753308 0
21.434590052556658 292.6791270249789 0
21.495751587288996 292.6771059967624 0
21.55691432606509 292.67512717966986 0
21.618078243089105 292.6731904632901 0
21.679243312695178 292.67129573780767 0
21.740409509346524 292.66944289399817 0
21.80157680763452 292.66763182322427 0
21.862745182277823 292.6658624174306 0
21.923914608121486 292.66413456914006 0
21.985085060136083 292.66244817144906 0
22.04625651341684 292.66080311802364 0
22.1074289431828 292.6591993030949 0
22.168602324775946 292.6576366214552 0
22.229776633660382 292.6561149684538 0
22.290951845421496 292.6546342399931 0
22.352127935765136 292.65319433252427 0
22.413304880516797 292.65179514304367 0
22.474482655620818 292.65043656908887 0
22.535661237139575 292.6491185087345 0
22.596840601252687 292.6478408605888 0
22.658020724256247 292.64660352378974 0
22.719201582562032 292.6454063980012 0
22.78038315269674 292.64424938340954 0
22.84156541130122 292.6431323807197 0
22.902748335129736 292.6420552911516 0
22.963931901049193 292.64101801643704 0
23.025116086038416 292.6400204588156 0
23.086300867187415 292.6390625210316 0
23.14748622169664 292.6381441063304 0
23.208672126876284 292.6372651184553 0
23.26985856014555 292.63642546164385 0
23.331045499031955 292.6356250406249 0
23.392232921170624 292.6348637606151 0
23.453420804303597 292.6341415273157 0
23.514609126279133 292.63345824690947 0
23.57579786505105 292.6328138260573 0
23.63698699867801 292.6322081718955 0
23.69817650532289 292.63164119203213 0
23.759366363252095 292.63111279454455 0
23.820556550834883 292.63062288797596 0
23.881747046542753 292.6301713813327 0
23.942937828948775 292.62975818408097 0
24.004128876726934 292.6293832061444 0
24.065320168651525 292.6290463579006 0
24.126511683596483 292.62874755017896 0
24.18770340053481 292.62848669425716 0
24.24889529853791 292.62826370185877 0
24.31008735677498 292.62807848515047 0
24.371279554512412 292.62793095673925 0
24.4324718711132 292.62782102966975 0
24.493664286036314 292.62774861742145 0
24.554856778836108 292.62771363390624 0
24.616049329161754 292.6277159934658 0
24.677241916756635 292.62775561086886 0
24.738434521457766 292.6278324013087 0
24.799627123195226 292.6279462804007 0
24.86081970199159 292.6280971641798 0
24.922012237961344 292.62828496909805 0
24.98320471131035 292.62850961202207 0
25.044397102335264 292.62877101023076 0
25.105589391422992 292.62906908141287 0
25.166781559050154 292.6294037436646 0
25.227973585782514 292.62977491548725 0
25.289165452274467 292.6301825157849 0
25.350357139268475 292.6306264638623 0
25.411548627594563 292.6311066794223 0
25.47273989816977 292.6316230825638 0
25.53393093199764 292.6321755937796 0
25.595121710167692 292.6327641339539 0
25.656312213854907 292.6333886243605 0
25.717502424319225 292.6340489866604 0
25.778692322905012 292.63474514289976 0
25.83988189104059 292.63547701550766 0
25.901071110237712 292.6362445272944 0
25.96225996209108 292.63704760144896 0
26.023448428277824 292.63788616153727 0
26.084636490557056 292.63876013149996 0
26.145824130769345 292.6396694356508 0
26.20701133083626 292.6406139986741 0
26.268198072759876 292.64159374562325 0
26.329384338622305 292.64260860191854 0
26.390570110585223 292.64365849334536 0
26.451755370889394 292.6447433460522 0
26.512940101854223 292.64586308654896 0
26.574124285877275 292.64701764170474 0
26.635307905433816 292.64820693874634 0
26.69649094307638 292.6494309052563 0
26.757673381434287 292.65068946917114 0
26.81885520321321 292.6519825587795 0
26.88003639119473 292.6533101027204 0
26.941216928235878 292.65467202998155 0
27.002396797268716 292.6560682698976 0
27.06357598129988 292.65749875214834 0
27.12475446341016 292.6589634067571 0
27.185932226754055 292.660462164089 0
27.24710925455935 292.66199495484926 0
27.308285530126703 292.66356171008186 0
27.369461036829197 292.6651623611674 0
27.430635758111944 292.6667968398218 0
27.491809677491645 292.6684650780948 0
27.552982778556192 292.670167008368 0
27.614155044964253 292.6719025633537 0
27.67532646044486 292.67367167609297 0
27.736497008796995 292.6754742799545 0
27.797666673889196 292.6773103086328 0
27.858835439659153 292.6791796961467 0
27.9200032901133 292.6810823768381 0
27.981170209326443 292.68301828537017 0
28.042336181441332 292.6849873567261 0
28.103501190668286 292.6869895262076 0
28.164665221284814 292.6890247294333 0
28.225828257635204 292.6910929023378 0
28.286990284130155 292.6931939811696 0
28.3481512852464 292.6953279024903 0
28.4093112455263 292.69749460317274 0
28.4704701495775 292.69969402040005 0
28.531627982072525 292.70192609166395 0
28.592784727748416 292.70419075476366 0
28.653940371406375 292.7064879478044 0
28.715094897911364 292.70881760919616 0
28.776248292191767 292.7111796776523 0
28.837400539239013 292.7135740921885 0
28.898551624107213 292.716000792121 0
28.9597015319128 292.718459717066 0
29.020850247834176 292.7209508069378 0
29.081997757111345 292.72347400194786 0
29.143144045045577 292.72602924260343 0
29.204289096999027 292.72861646970654 0
29.265432898394415 292.73123562435256 0
29.32657543471466 292.733886647929 0
29.387716691502536 292.7365694821146 0
29.44885665436033 292.7392840688778 0
29.509995308949495 292.7420303504758 0
29.571132640990317 292.7448082694532 0
29.63226863626157 292.7476177686412 0
29.69340328060018 292.7504587911562 0
29.754536559900885 292.7533312803986 0
29.815668460115916 292.7562351800518 0
29.87679896725464 292.7591704340814 0
29.93792806738326 292.7621369867335 0
29.999055746624467 292.765134782534 0
30.06018199115712 292.76816376628756 0
30.121306787215904 292.77122388307635 0
30.182430121091052 292.774315078259 0
30.243551979127965 292.77743729746976 0
30.30467234772693 292.78059048661726 0
30.365791213342803 292.78377459188357 0
30.426908562484666 292.7869895597231 0
30.488024381715533 292.79023533686177 0
30.549138657652033 292.7935118702958 0
30.610251376964097 292.7968191072908 0
30.67136252637464 292.80015699538075 0
30.732472092659258 292.8035254823673 0
30.793580062645923 292.80692451631836 0
30.854686423214687 292.8103540455674 0
30.91579116129735 292.8138140187125 0
30.976894263877167 292.8173043846154 0
31.037995717988572 292.82082509240036 0
31.099095510716854 292.82437609145364 0
31.160193629197842 292.8279573314223 0
31.221290060617644 292.8315687622132 0
31.28238479221234 292.8352103339924 0
31.34347781126767 292.83888199718405 0
31.404569105118757 292.84258370246965 0
31.465658661149813 292.84631540078703 0
31.52674646679385 292.8500770433295 0
31.587832509532376 292.8538685815451 0
31.64891677689514 292.8576899671357 0
31.709999256459795 292.8615411520561 0
31.77107993585167 292.86542208851307 0
31.83215880274344 292.86933272896493 0
31.893235844854864 292.8732730261204 0
31.954311049952505 292.87724293293763 0
32.01538440584945 292.8812424026238 0
32.07645590040501 292.8852713886341 0
32.13752552152448 292.8893298446709 0
32.19859325715882 292.893417724683 0
32.25965909530441 292.89753498286484 0
32.32072302400276 292.9016815736558 0
32.38178503134026 292.9058574517393 0
32.442845105447866 292.9100625720421 0
32.50390323450087 292.9142968897335 0
32.56495940671861 292.9185603602248 0
32.6260136103642 292.922852939168 0
32.68706583374428 292.9271745824559 0
32.74811606520872 292.9315252462206 0
32.809164293150396 292.9359048868331 0
32.870210506004874 292.9403134609026 0
32.931254692250185 292.9447509252758 0
32.99229684040657 292.949217237036 0
33.053336939036164 292.9537123535026 0
33.11437497674281 292.95823623223026 0
33.175410942171744 292.96278883100837 0
33.236444824009354 292.9673701078601 0
33.29747661098293 292.9719800210421 0
33.3585062918604 292.9766185290433 0
33.419533855450084 292.9812855905849 0
33.480559290600425 292.98598116461903 0
33.54158258619974 292.9907052103286 0
33.60260373117598 292.99545768712636 0
33.66362271449647 293.0002385546544 0
33.72463952516767 293.0050477727834 0
33.78565415223488 293.0098853016121 0
33.846666584782064 293.0147511014665 0
33.907676811931545 293.0196451328995 0
33.96868482284377 293.02456735668994 0
34.0296906067171 293.0295177338422 0
34.0906941527875 293.03449622558566 0
34.15169545032837 293.0395027933738 0
34.212694488650236 293.0445373988839 0
34.27369125710056 293.04960000401627 0
34.33468574506343 293.0546905708936 0
34.39567794195942 293.0598090618606 0
34.45666783724525 293.06495543948324 0
34.51765542041361 293.0701296665481 0
34.578640680992905 293.075331706062 0
34.63962360854701 293.0805615212514 0
34.70060419267503 293.0858190755616 0
34.76158242301108 293.09110433265636 0
34.82255828922404 293.09641725641745 0
34.88353178101734 293.1017578109438 0
34.944502888128696 293.1071259605513 0
35.005471600329884 293.11252166977187 0
35.066437907426526 293.1179449033533 0
35.127401799257854 293.12339562625834 0
35.18836326569647 293.12887380366453 0
35.24932229664811 293.1343794009634 0
35.310278882051456 293.1399123837601 0
35.37123301187783 293.1454727178727 0
35.43218467613106 293.15106036933196 0
35.49313386484718 293.1566753043806 0
35.55408056809426 293.16231748947274 0
35.61502477597211 293.16798689127364 0
35.67596647861214 293.17368347665894 0
35.736905666177066 293.1794072127143 0
35.79784232886074 293.18515806673497 0
35.85877645688787 293.1909360062252 0
35.919708040513854 293.1967409988975 0
35.98063707002453 293.2025730126728 0
36.04156353573597 293.2084320156794 0
36.10248742799423 293.21431797625274 0
36.16340873717516 293.2202308629348 0
36.22432745368419 293.22617064447377 0
36.28524356795609 293.2321372898235 0
36.346157070454744 293.2381307681431 0
36.407067951672985 293.2441510487963 0
36.46797620213233 293.2501981013514 0
36.528881812382764 293.2562718955802 0
36.58978477300256 293.26237240145826 0
36.650685074598044 293.26849958916387 0
36.71158270780338 293.27465342907783 0
36.772477663280355 293.28083389178323 0
36.83336993171818 293.28704094806454 0
36.894259503833254 293.29327456890763 0
36.955146370369 293.2995347254991 0
37.016030522095576 293.30582138922586 0
37.07691194980976 293.31213453167476 0
37.137790644334665 293.31847412463225 0
37.19866659651955 293.3248401400837 0
37.25953979723964 293.33123255021343 0
37.32041023739589 293.33765132740376 0
37.381277907914765 293.34409644423505 0
37.44214279974808 293.35056787348503 0
37.503004903872764 293.3570655881285 0
37.56386421129063 293.36358956133694 0
37.62472071302821 293.3701397664781 0
37.68557440013655 293.3767161771155 0
37.74642526369099 293.3833187670083 0
37.80727329479093 293.38994751011063 0
37.8681184845597 293.3966023805713 0
37.9289608241443 293.4032833527336 0
37.9898003047152 293.40999040113456 0
38.05063691746619 293.4167235005049 0
38.11147065361411 293.4234826257684 0
38.172301504398696 293.43026775204186 0
38.233129461082356 293.43707885463436 0
38.293954514949974 293.4439159090471 0
38.35477665730875 293.450778890973 0
38.41559587948792 293.45766777629643 0
38.476412172838636 293.4645825410925 0
38.537225528733735 293.47152316162726 0
38.59803593856754 293.4784896143568 0
38.65884339375567 293.48548187592735 0
38.71964788573482 293.49249992317453 0
38.780449405962614 293.4995437331233 0
38.841247945917374 293.5066132829874 0
38.90204349709793 293.5137085501694 0
38.962836051023416 293.5208295122597 0
39.02362559923311 293.52797614703684 0
39.08441213328619 293.5351484324668 0
39.1451956447616 293.54234634670274 0
39.20597612525779 293.54956986808475 0
39.266753566392595 293.55681897513944 0
39.32752795980298 293.5640936465795 0
39.38829929714489 293.5713938613038 0
39.44906757009305 293.57871959839656 0
39.50983277034072 293.58607083712724 0
39.57059488959963 293.5934475569503 0
39.63135391959966 293.6008497375049 0
39.692109852088706 293.6082773586144 0
39.75286267883251 293.61573040028605 0
39.81361239161443 293.623208842711 0
39.87435898223527 293.6307126662636 0
39.93510244251312 293.6382418515014 0
39.995842764283104 293.6457963791646 0
40.05657993939726 293.6533762301759 0
40.1173139597243 293.6609813856403 0
40.178044817149456 293.6686118268444 0
40.238772503574296 293.67626753525656 0
40.299497010916504 293.68394849252644 0
40.36021833110972 293.6916546804846 0
40.420936456103384 293.6993860811422 0
40.48165137786248 293.70714267669115 0
40.54236308836741 293.7149244495031 0
40.60307157961379 293.7227313821297 0
40.663776843612254 293.7305634573023 0
40.72447887238831 293.7384206579312 0
40.7851776579821 293.7463029671061 0
40.84587319244829 293.754210368095 0
40.9065654678558 293.7621428443447 0
40.96725447628769 293.7701003794799 0
41.02794020984098 293.77808295730347 0
41.088622660626406 293.7860905617957 0
41.1493018207683 293.7941231771143 0
41.2099776824044 293.802180787594 0
41.27065023768562 293.81026337774665 0
41.33131947877595 293.81837093226034 0
41.39198539785222 293.82650343599965 0
41.45264798710392 293.83466087400507 0
41.51330723873308 293.8428432314931 0
41.57396314495399 293.8510504938555 0
41.63461569799311 293.8592826466595 0
41.695264890088886 293.8675396756473 0
41.7559107134915 293.87582156673597 0
41.81655316046278 293.8841283060168 0
41.87719222327597 293.8924598797558 0
41.937827894215545 293.9008162743925 0
41.99846016557711 293.9091974765407 0
42.05908902966711 293.9176034729875 0
42.11971447880277 293.92603425069314 0
42.1818755878176 293.9344985092047 0
42.245323465729605 293.9430406619688 0
42.308752161890176 293.95166690402306 0
42.372161621155385 293.9603771914313 0
42.4355517885796 293.969171480294 0
42.49892260941525 293.97804972674896 0
42.562274029112636 293.98701188697174 0
42.625605993319716 293.9960579171762 0
42.68891844788186 294.0051877736149 0
42.752211338841654 294.0144014125802 0
42.81548461243864 294.02369879040384 0
42.87873821510912 294.0330798634584 0
42.94197209348587 294.0425445881574 0
43.00518619439797 294.05209292095583 0
43.06838046487049 294.06172481835097 0
43.13155485212428 294.0714402368826 0
43.194709303575706 294.08123913313375 0
43.257843766836416 294.09112146373127 0
43.32095818971304 294.1010871853464 0
43.38405252020698 294.1111362546951 0
43.44712670651409 294.12126862853887 0
43.51018069702447 294.1314842636853 0
43.573214440322104 294.14178311698845 0
43.63622788518466 294.1521651453495 0
43.69922098058319 294.16263030571747 0
43.76219367568181 294.1731785550895 0
43.82514591983744 294.1838098505117 0
43.888077662599514 294.19452414907954 0
43.95098885370967 294.2053214079384 0
44.013879443101445 294.2162015842845 0
44.076749380899976 294.2271646353648 0
44.13959861742171 294.2382105184782 0
44.202427103174045 294.24933919097595 0
44.26523478885507 294.26055061026204 0
44.328021625353166 294.271844733794 0
44.39078756374679 294.28322151908327 0
44.45353255530404 294.29468092369603 0
44.516256551482364 294.3062229052536 0
44.57895950392826 294.31784742143304 0
44.64164136447688 294.3295544299678 0
44.704302085151696 294.34134388864834 0
44.76694161816417 294.3532157553226 0
44.82955991591339 294.3651699878966 0
44.89215693098571 294.37720654433514 0
44.95473261615441 294.3893253826623 0
45.01728692437928 294.4015264609621 0
45.07981980880631 294.413809737379 0
45.14233122276729 294.42617517011837 0
45.20482111977942 294.4386227174475 0
45.26728945354494 294.4511523376959 0
45.32973617795078 294.4637639892557 0
45.392161247068096 294.47645763058273 0
45.45456461515193 294.4892332201967 0
45.51694623664083 294.50209071668206 0
45.57930606615636 294.5150300786883 0
45.64164405850282 294.528051264931 0
45.70396016866672 294.5411542341919 0
45.766254351816436 294.55433894531984 0
45.82852656330177 294.5676053572313 0
45.89077675865354 294.58095342891096 0
45.95300489358312 294.59438311941216 0
46.01521092398205 294.6078943878578 0
46.0773948059216 294.62148719344066 0
46.1395564956523 294.6351614954242 0
46.20169594960351 294.64891725314294 0
46.26381312438301 294.6627544260032 0
46.32590797677649 294.67667297348373 0
46.387980463747155 294.6906728551362 0
46.4500305424352 294.70475403058583 0
46.51205817015743 294.71891645953207 0
46.57406330440673 294.73316010174904 0
46.636045902851606 294.74748491708624 0
46.698005923335735 294.761890865469 0
46.75994332387746 294.7763779068994 0
46.821858062669335 294.7909460014566 0
46.88375009807761 294.8055951092972 0
46.94561938864175 294.8203251906565 0
47.00746589307397 294.83513620584847 0
47.06928957025869 294.85002811526664 0
47.13109037925206 294.8650008793847 0
47.19286827928144 294.88005445875683 0
47.25462322974492 294.89518881401875 0
47.31635519021077 294.91040390588785 0
47.378064120416944 294.92569969516404 0
47.43974998027055 294.94107614273025 0
47.501412729847324 294.95653320955296 0
47.56305232939109 294.97207085668305 0
47.62466873931327 294.98768904525605 0
47.686261920192294 295.0033877364929 0
47.74783183277307 295.0191668917006 0
47.80937843796648 295.0350264722725 0
47.870901696848776 295.0509664396893 0
47.932401570661064 295.06698675551934 0
47.993878020808715 295.08308738141915 0
48.05533100886086 295.0992682791343 0
48.116760496549745 295.1155294104998 0
48.17816644577026 295.1318707374405 0
48.23954881857926 295.14829222197216 0
48.30090757719509 295.16479382620133 0
48.36224268399694 295.1813755123267 0
48.42355410152428 295.1980372426391 0
48.48484179247629 295.2147789795222 0
48.54610571971123 295.23160068545326 0
48.60734584624589 295.2485023230036 0
48.66856213525498 295.26548385483903 0
48.729754550070496 295.2825452437205 0
48.79092305418116 295.29968645250494 0
48.852067611231774 295.3169074441453 0
48.91318818502265 295.3342081816914 0
48.97428473950894 295.35158862829076 0
49.03535723880005 295.3690487471886 0
49.09640564715903 295.38658850172874 0
49.157429929001914 295.4042078553541 0
49.2184300488971 295.4219067716073 0
49.27940597156472 295.4396852141311 0
49.34035766187602 295.4575431466689 0
49.40128508485267 295.4754805330656 0
49.462188205666166 295.4934973372678 0
49.52306698963718 295.51159352332445 0
49.58392140223488 295.52976905538753 0
49.644751409076285 295.5480238977125 0
49.705556975925624 295.5663580146586 0
49.766338068693656 295.5847713706899 0
49.82709465343701 295.60326393037536 0
49.88782669635752 295.6218356583897 0
49.948534163801554 295.6404865195136 0
50.00921702225933 295.6592164786346 0
50.069875238364254 295.6780255007473 0
50.130508778892214 295.69691355095404 0
50.19111761076092 295.7158805944655 0
50.25170170102919 295.73492659660104 0
50.312261016896294 295.7540515227893 0
50.37279552570123 295.7732553385689 0
50.43330519492203 295.79253800958855 0
50.493789992175074 295.81189950160785 0
50.55424988521437 295.8313397804979 0
50.61468484193086 295.8508588122414 0
50.675094830351696 295.8704565629337 0
50.73547981863954 295.89013299878275 0
50.79583977509184 295.90988808610996 0
50.856174668140106 295.9297217913507 0
50.9164844663492 295.94963408105446 0
50.97676913841662 295.9696249218859 0
51.03702865317174 295.9896942806247 0
51.09726297957508 296.0098421241666 0
51.15747208671762 296.03006841952356 0
51.217655943820006 296.0503731338244 0
51.27781452023186 296.0707562343152 0
51.33794778543097 296.0912176883597 0
51.39805570902264 296.11175746344003 0
51.458138260738856 296.132375527157 0
51.518195410437556 296.15307184723065 0
51.57822712810193 296.1738463915005 0
51.63823338383956 296.1946991279263 0
51.698214147881785 296.2156300245885 0
51.758169390582836 296.2366390496884 0
51.81809908241912 296.257726171549 0
51.87800319398844 296.278891358615 0
51.93788169600925 296.30013457945375 0
51.99773455931984 296.3214558027554 0
52.05756175487759 296.3428549973334 0
52.117363253758185 296.36433213212484 0
52.17713902715484 296.3858871761912 0
52.2368890463775 296.4075200987185 0
52.29661328285209 296.42923086901783 0
52.356311708119684 296.4510194565258 0
52.41598429383577 296.4728858308049 0
52.47563101176937 296.4948299615441 0
52.53525183380237 296.51685181855896 0
52.5948467319286 296.5389513717925 0
52.65441567825312 296.5611285913152 0
52.71395864499138 296.5833834473256 0
52.773475604468416 296.60571591015076 0
52.83296652911807 296.6281259502465 0
52.892431391482155 296.65061353819794 0
52.95187016420966 296.67317864472 0
53.01128282005593 296.69582124065755 0
53.070669331881874 296.7185412969859 0
53.13002967265309 296.7413387848114 0
53.18936381543912 296.76421367537137 0
53.24867173341261 296.7871659400351 0
53.30795339984842 296.81019555030366 0
53.36720878812291 296.8333024778107 0
53.42643787171303 296.8564866943226 0
53.48564062419551 296.87974817173887 0
53.54481701924607 296.90308688209257 0
53.60396703063854 296.92650279755077 0
53.66309063224404 296.94999589041464 0
53.722187798030156 296.9735661331202 0
53.7812585020601 296.99721349823824 0
53.840302718491856 297.02093795847503 0
53.899320421577336 297.04473948667265 0
53.9583115856616 297.068618055809 0
54.01727618518191 297.09257363899854 0
54.07621419466696 297.1166062094925 0
54.13512558873602 297.14071574067907 0
54.19401034209804 297.16490220608404 0
54.25286842955085 297.1891655793707 0
54.31169982598031 297.21350583434076 0
54.3705045063594 297.23792294493404 0
54.42928244574744 297.2624168852293 0
54.488033619289155 297.28698762944424 0
54.54675800221389 297.31163515193606 0
54.60545556983472 297.33635942720156 0
54.66412629754756 297.36116042987754 0
54.72277016083036 297.3860381347411 0
54.7813871352422 297.41099251671005 0
54.839977196422446 297.43602355084295 0
54.89854032008987 297.46113121233975 0
54.957076482041806 297.4863154765418 0
55.01558565815325 297.51157631893216 0
55.074067824376016 297.53691371513617 0
55.13252295673786 297.56232764092135 0
55.190951031341605 297.58781807219793 0
55.249352024364256 297.6133849850191 0
55.30772591205617 297.63902835558116 0
55.366072670740124 297.6647481602239 0
55.42439227681049 297.6905443754309 0
55.48268470673231 297.71641697782957 0
55.54094993704047 297.74236594419176 0
55.599187944338794 297.7683912514336 0
55.65739870529916 297.79449287661623 0
55.71558219666062 297.82067079694565 0
55.77373839522855 297.846924989773 0
55.83186727787372 297.87325543259516 0
55.88996882153146 297.8996621030545 0
55.94804300320074 297.92614497893953 0
56.00608979994332 297.95270403818483 0
56.06410918888281 297.9793392588715 0
56.12210114720386 298.0060506192272 0
56.18006565215122 298.0328380976265 0
56.23800268102888 298.059701672591 0
56.29591221119915 298.0866413227898 0
56.353794220081824 298.11365702703915 0
56.41164868515324 298.14074876430334 0
56.46947558394543 298.1679165136944 0
56.527274894045235 298.1951602544726 0
56.58504659309336 298.2224799660464 0
56.642790658783554 298.2498756279728 0
56.70050706886167 298.2773472199575 0
56.75819580112481 298.3048947218552 0
56.81585683342041 298.33251811366944 0
56.873490143645355 298.3602173755532 0
56.9310957097451 298.3879924878088 0
56.988673509712775 298.41584343088806 0
57.04622352158827 298.44377018539274 0
57.103745723457365 298.4717727320744 0
57.16124009345086 298.4998510518347 0
57.21870660974362 298.5280051257256 0
57.276145250553775 298.5562349349494 0
57.33355599414171 298.5845404608589 0
57.390938818809296 298.61292168495766 0
57.448293702898894 298.6413785889001 0
57.505620624792556 298.6699111544917 0
57.562919562911034 298.6985193636887 0
57.62019049571298 298.72720319859906 0
57.677433401693996 298.75596264148174 0
57.734648259385764 298.7847976747475 0
57.79183504735517 298.81370828095845 0
57.848993744203355 298.84269444282864 0
57.90612432856491 298.87175614322393 0
57.96322677910688 298.9008933651622 0
58.020301074528 298.9301060918133 0
58.07734719355769 298.9593943064993 0
58.134365114955216 298.98875799269473 0
58.19135481750881 299.01819713402637 0
58.24831628003476 299.0477117142734 0
58.30524948137652 299.0773017173678 0
58.36215440040386 299.10696712739406 0
58.41903101601191 299.1367079285895 0
58.47587930712031 299.1665241053442 0
58.53269925267236 299.19641564220126 0
58.58949083163406 299.22638252385667 0
58.646254022993276 299.2564247351596 0
58.70298880575883 299.2865422611122 0
58.75969515895963 299.31673508686987 0
58.81637306164378 299.34700319774134 0
58.873022492877695 299.3773465791886 0
58.92964343174521 299.40776521682704 0
58.98623585734672 299.4382590964254 0
59.042799748798274 299.4688282039059 0
59.09933508523069 299.49947252534434 0
59.15584184578874 299.53019204697006 0
59.212320009630176 299.56098675516597 0
59.2687695559249 299.59185663646855 0
59.32519046385409 299.6228016775681 0
59.38158271260932 299.65382186530843 0
59.43794628139168 299.6849171866872 0
59.49428114941089 299.7160876288557 0
59.550587295884434 299.7473331791191 0
59.6068647000367 299.77865382493616 0
59.6631133410981 299.8100495539196 0
59.71933319830417 299.84152035383585 0
59.77552425089476 299.8730662126051 0
59.831686478113106 299.90468711830147 0
59.88781985920498 299.93638305915266 0
59.943924373417865 299.96815402354036 0
60.0 300.0 0
