0.0 0.0 -0.0
0.010101010101010102 0.01426563175886499 -0.01426563175886499
0.020202020202020204 0.019756452731874 -0.019756452731874
0.030303030303030304 0.023775217350195492 -0.023775217350195492
0.04040404040404041 0.027016367895792096 -0.027016367895792096
0.05050505050505051 0.029749397170992665 -0.029749397170992665
0.06060606060606061 0.032112911392480535 -0.032112911392480535
0.07070707070707072 0.03418957000470903 -0.03418957000470903
0.08080808080808081 0.03603349951451862 -0.03603349951451862
0.09090909090909091 0.03768252691897499 -0.03768252691897499
0.10101010101010102 0.03916439429471907 -0.03916439429471907
0.11111111111111112 0.0405002210028959 -0.0405002210028959
0.12121212121212122 0.04170657123899684 -0.04170657123899684
0.13131313131313133 0.042796757677529405 -0.042796757677529405
0.14141414141414144 0.04378170022686313 -0.04378170022686313
0.15151515151515152 0.044670512484385645 -0.044670512484385645
0.16161616161616163 0.04547091452813755 -0.04547091452813755
0.17171717171717174 0.04618953104599192 -0.04618953104599192
0.18181818181818182 0.046832111482511034 -0.046832111482511034
0.19191919191919193 0.04740369577366248 -0.04740369577366248
0.20202020202020204 0.04790874125608922 -0.04790874125608922
0.21212121212121213 0.04835122132061806 -0.04835122132061806
0.22222222222222224 0.04873470313855867 -0.04873470313855867
0.23232323232323235 0.04906240964360243 -0.04906240964360243
0.24242424242424243 0.04933726950021444 -0.04933726950021444
0.25252525252525254 0.04956195778751459 -0.04956195778751459
0.26262626262626265 0.04973892942393284 -0.04973892942393284
0.27272727272727276 0.049870446855636706 -0.049870446855636706
0.2828282828282829 0.04995860316792107 -0.04995860316792107
0.29292929292929293 0.05000534151167565 -0.05000534151167565
0.30303030303030304 0.05001247153855277 -0.05001247153855277
0.31313131313131315 0.0499816833892414 -0.0499816833892414
0.32323232323232326 0.049914559665896426 -0.049914559665896426
0.33333333333333337 0.04981258573280488 -0.04981258573280488
0.3434343434343435 0.0496771586220444 -0.0496771586220444
0.3535353535353536 0.049509594768318975 -0.049509594768318975
0.36363636363636365 0.04931113675578347 -0.04931113675578347
0.37373737373737376 0.04908295922686301 -0.04908295922686301
0.38383838383838387 0.04882617407687795 -0.04882617407687795
0.393939393939394 0.04854183503723039 -0.04854183503723039
0.4040404040404041 0.0482309417328808 -0.0482309417328808
0.4141414141414142 0.047894443285989095 -0.047894443285989095
0.42424242424242425 0.04753324152626318 -0.04753324152626318
0.43434343434343436 0.04714819385923721 -0.04714819385923721
0.4444444444444445 0.046740115836000615 -0.046740115836000615
0.4545454545454546 0.0463097834615017 -0.0463097834615017
0.4646464646464647 0.04585793527321513 -0.04585793527321513
0.4747474747474748 0.04538527421749212 -0.04538527421749212
0.48484848484848486 0.044892469347152755 -0.044892469347152755
0.494949494949495 0.044380157360704546 -0.044380157360704546
0.5050505050505051 0.04384894400088002 -0.04384894400088002
0.5151515151515152 0.043299405327896105 -0.043299405327896105
0.5252525252525253 0.042732088880884714 -0.042732088880884714
0.5353535353535354 0.042147514739269434 -0.042147514739269434
0.5454545454545455 0.04154617649442559 -0.04154617649442559
0.5555555555555556 0.04092854214072218 -0.04092854214072218
0.5656565656565657 0.0402950548939732 -0.0402950548939732
0.5757575757575758 0.039646133944397914 -0.039646133944397914
0.5858585858585859 0.0389821751503838 -0.0389821751503838
0.595959595959596 0.03830355167864241 -0.03830355167864241
0.6060606060606061 0.037610614595736315 -0.037610614595736315
0.6161616161616162 0.03690369341541639 -0.03690369341541639
0.6262626262626263 0.036183096605739457 -0.036183096605739457
0.6363636363636365 0.03544911205951968 -0.03544911205951968
0.6464646464646465 0.03470200753130331 -0.03470200753130331
0.6565656565656566 0.03394203104373284 -0.03394203104373284
0.6666666666666667 0.03316941126588142 -0.03316941126588142
0.6767676767676768 0.032384357865884804 -0.032384357865884804
0.686868686868687 0.031587061839973604 -0.031587061839973604
0.696969696969697 0.030777695819807556 -0.030777695819807556
0.7070707070707072 0.029956414359835707 -0.029956414359835707
0.7171717171717172 0.029123354206246746 -0.029123354206246746
0.7272727272727273 0.028278634548930266 -0.028278634548930266
0.7373737373737375 0.027422357257743113 -0.027422357257743113
0.7474747474747475 0.026554607104259022 -0.026554607104259022
0.7575757575757577 0.025675451970077166 -0.025675451970077166
0.7676767676767677 0.02478494304267208 -0.02478494304267208
0.7777777777777778 0.023883114999683975 -0.023883114999683975
0.787878787878788 0.022969986182472313 -0.022969986182472313
0.797979797979798 0.02204555875968761 -0.02204555875968761
0.8080808080808082 0.021109818881553902 -0.021109818881553902
0.8181818181818182 0.020162736825499492 -0.020162736825499492
0.8282828282828284 0.019204267133720483 -0.019204267133720483
0.8383838383838385 0.018234348743217714 -0.018234348743217714
0.8484848484848485 0.017252905108803514 -0.017252905108803514
0.8585858585858587 0.016259844319538398 -0.016259844319538398
0.8686868686868687 0.015255059209020226 -0.015255059209020226
0.8787878787878789 0.014238427459918986 -0.014238427459918986
0.888888888888889 0.013209811703119474 -0.013209811703119474
0.8989898989898991 0.012169059611808114 -0.012169059611808114
0.9090909090909092 0.011116003990815693 -0.011116003990815693
0.9191919191919192 0.010050462861504503 -0.010050462861504503
0.9292929292929294 0.008972239542469077 -0.008972239542469077
0.9393939393939394 0.007881122726300469 -0.007881122726300469
0.9494949494949496 0.00677688655264496 -0.00677688655264496
0.9595959595959597 0.005659290677774903 -0.005659290677774903
0.9696969696969697 0.004528080340872306 -0.004528080340872306
0.9797979797979799 0.0033829864272128946 -0.0033829864272128946
0.98989898989899 0.0022237255284271867 -0.0022237255284271867
1.0 0.0010499999999999815 -0.0010499999999999815
