100.0 -1.9745555026553708e-15 0
99.89833743847825 0.007563074828907071 0
99.79668155256384 0.015117483045299578 0
99.69503232915828 0.02266327024638252 0
99.59338975520579 0.030200481837061432 0
99.49175381769308 0.037729163029841535 0
99.39012450364926 0.045249358844720255 0
99.28850180014578 0.05276111410913787 0
99.18688569429621 0.06026447345782855 0
99.08527617325623 0.06775948133278399 0
98.98367322422342 0.07524618198315078 0
98.88207683443719 0.08272461946509854 0
98.78048699117862 0.09019483764177581 0
98.67890368177041 0.09765688018320628 0
98.57732689357671 0.10511079056617129 0
98.47575661400299 0.1125566120741492 0
98.37419283049597 0.11999438779720924 0
98.27263553054344 0.1274241606319114 0
98.17108470167419 0.13484597328122228 0
98.06954033145789 0.14225986825442521 0
97.96800240750493 0.14966588786702276 0
97.8664709174663 0.157064074240607 0
97.76494584903358 0.16445446930283963 0
97.66342718993864 0.1718371147872987 0
97.56191492795368 0.1792120522333757 0
97.460409050891 0.18657932298623403 0
97.35890954660297 0.19393896819666917 0
97.25741640298182 0.20129102882102656 0
97.15592960795962 0.2086355456210942 0
97.05444914950807 0.21597255916402272 0
96.95297501563842 0.22330210982222815 0
96.85150719440134 0.23062423777327107 0
96.75004567388685 0.23793898299978208 0
96.64859044222409 0.24524638528935724 0
96.54714148758133 0.2525464842344421 0
96.44569879816576 0.2598393192322742 0
96.34426236222339 0.26712492948473976 0
96.24283216803894 0.2744033539982885 0
96.14140820393573 0.2816746315838528 0
96.0399904582755 0.28893880085672063 0
95.9385789194584 0.29619590023645026 0
95.83717357592276 0.30344596794676637 0
95.73577441614503 0.3106890420154657 0
95.63438142863966 0.31792516027427803 0
95.53299460195892 0.32515436035882334 0
95.43161392469285 0.3323766797084805 0
95.33023938546914 0.3395921555662634 0
95.2288709729529 0.34680082497875125 0
95.12750867584671 0.3540027247959665 0
95.02615248289035 0.36119789167128374 0
94.92480238286079 0.36838636206131287 0
94.82345836457193 0.37556817222580247 0
94.72212041687467 0.382743358227541 0
94.62078852865662 0.38991195593222494 0
94.51946268884205 0.3970740010083903 0
94.4181428863918 0.404229528927266 0
94.31682911030312 0.4113785749627204 0
94.21552134960946 0.41852117419109625 0
94.11421959338058 0.4256573614911418 0
94.01292383072217 0.4327871715438963 0
93.91163405077593 0.43991063883256365 0
93.8103502427193 0.4470277976424461 0
93.70907239576545 0.4541386820607718 0
93.60780049916312 0.46124332597664913 0
93.50653454219642 0.46834176308091807 0
93.40527451418485 0.47543402686606295 0
93.3040204044831 0.48252015062608666 0
93.2027722024809 0.48960016745638923 0
93.10152989760297 0.49667411025369784 0
93.00029347930884 0.5037420117159076 0
92.89906293709276 0.5108039043420114 0
92.79783826048357 0.5178598204319546 0
92.69661943904455 0.5249097920865381 0
92.59540646237339 0.5319538512073042 0
92.49419932010193 0.5389920294964325 0
92.39299800189613 0.5460243584565868 0
92.29180249745596 0.5530508693908589 0
92.19061279651521 0.5600715934025982 0
92.08942888884143 0.5670865613953454 0
91.98825076423574 0.5740958040726757 0
91.8870784125328 0.5810993519381076 0
91.78591182360061 0.5880972352949692 0
91.68475098734041 0.5950894842463146 0
91.58359589368655 0.6020761286947449 0
91.4824465326064 0.6090571983423576 0
91.38130289410022 0.6160327226905896 0
91.28016496820098 0.6230027310401034 0
91.1790327449743 0.6299672524906694 0
91.07790621451831 0.6369263159410511 0
90.97678536696354 0.6438799500888883 0
90.87567019247274 0.6508281834305442 0
90.77456068124084 0.6577710442610398 0
90.67345682349476 0.6647085606738885 0
90.5723586094933 0.6716407605609814 0
90.47126602952707 0.6785676716124742 0
90.37017907391831 0.6854893213166685 0
90.26909773302074 0.692405736959857 0
90.16802199721954 0.6993169456262575 0
90.06695185693111 0.7062229741978112 0
89.96588730260306 0.71312384935413 0
89.86482832471397 0.7200195975723217 0
89.76377491377339 0.7269102451268968 0
89.66272706032157 0.7337958180896177 0
89.56168475492947 0.740676342329367 0
89.46064798819859 0.7475518435120614 0
89.35961675076081 0.7544223471004828 0
89.25859103327831 0.7612878783541457 0
89.15757082644342 0.7681484623292131 0
89.05655612097854 0.775004123878321 0
88.95554690763593 0.7818548876504641 0
88.85454317719771 0.7887007780908706 0
88.75354492047559 0.7955418194408594 0
88.65255212831087 0.80237803573772 0
88.55156479157425 0.8092094508145815 0
88.45058290116572 0.8160360883002584 0
88.34960644801446 0.8228579716191314 0
88.24863542307865 0.8296751239910318 0
88.14766981734543 0.8364875684310578 0
88.04670962183071 0.8432953277494931 0
87.94575482757911 0.8500984245516374 0
87.84480542566374 0.85689688123768 0
87.74386140718613 0.8636907200025672 0
87.64292276327616 0.8704799628358523 0
87.54198948509183 0.8772646315215608 0
87.44106156381922 0.8840447476380677 0
87.3401389906723 0.8908203325579402 0
87.23922175689285 0.8975914074478002 0
87.13830985375031 0.9043579932681974 0
87.0374032725417 0.911120110773442 0
86.9365020045914 0.9178777805114755 0
86.83560604125114 0.9246310228237545 0
86.73471537389979 0.9313798578450747 0
86.63382999394325 0.9381243055034106 0
86.53294989281434 0.9448643855198502 0
86.43207506197274 0.9516001174083362 0
86.3312054929047 0.9583315204756178 0
86.23034117712305 0.965058613821074 0
86.12948210616706 0.9717814163365309 0
86.02862827160223 0.9784999467061746 0
85.92777966502031 0.9852142234063355 0
85.82693627803899 0.9919242647054174 0
85.72609810230193 0.9986300886636841 0
85.62526512947855 1.0053317131331312 0
85.52443735126396 1.0120291557573313 0
85.42361475937874 1.0187224339713097 0
85.32279734556894 1.0254115650013547 0
85.22198510160587 1.0320965658648726 0
85.12117801928596 1.0387774533702443 0
85.0203760904307 1.0454542441166903 0
84.91957930688649 1.0521269544940561 0
84.81878766052446 1.0587956006827313 0
84.71800114324043 1.0654601986534185 0
84.6172197469547 1.0721207641670414 0
84.51644346361196 1.0787773127745566 0
84.41567228518124 1.0854298598167824 0
84.31490620365561 1.0920784204242544 0
84.21414521105221 1.0987230095170866 0
84.11338929941205 1.1053636418047659 0
84.01263846079988 1.1120003317860334 0
83.9118926873041 1.118633093748687 0
83.81115197103662 1.125261941769452 0
83.71041630413268 1.1318868897137795 0
83.60968567875084 1.1385079512357181 0
83.50896008707268 1.1451251397777262 0
83.40823952130286 1.1517384685705125 0
83.30752397366886 1.1583479506328693 0
83.20681343642093 1.1649535987715076 0
83.10610790183186 1.171555425580881 0
83.00540736219699 1.1781534434430248 0
82.90471180983397 1.1847476645273758 0
82.80402123708271 1.1913381007906216 0
82.70333563630518 1.197924763976509 0
82.60265499988535 1.2045076656156637 0
82.50197932022898 1.211086817025454 0
82.40130858976357 1.21766222930978 0
82.30064280093823 1.2242339133589155 0
82.19998194622347 1.2308018798493336 0
82.09932601811117 1.237366139243516 0
81.99867500911436 1.2439267017897968 0
81.89802891176718 1.250483577522166 0
81.79738771862469 1.2570367762600914 0
81.69675142226275 1.263586307608361 0
81.59612001527789 1.2701321809568658 0
81.49549349028725 1.2766744054804495 0
81.39487183992833 1.283212990138699 0
81.29425505685893 1.2897479436757964 0
81.19364313375705 1.296279274620299 0
81.09303606332068 1.3028069912849685 0
80.99243383826774 1.309331101766586 0
80.8918364513359 1.315851613945753 0
80.79124389528253 1.322368535486735 0
80.69065616288444 1.3288818738372379 0
80.59007324693785 1.3353916362282177 0
80.48949514025828 1.3418978296737196 0
80.38892183568032 1.3484004609706588 0
80.28835332605759 1.3548995366986374 0
80.18778960426252 1.3613950632197593 0
80.08723066318633 1.3678870466784114 0
79.98667649573886 1.3743754930010892 0
79.88612709484833 1.3808604078961901 0
79.78558245346142 1.387341796853829 0
79.68504256454291 1.3938196651456118 0
79.58450742107574 1.4002940178244543 0
79.48397701606076 1.4067648597243996 0
79.3834513425167 1.4132321954603673 0
79.28293039347984 1.4196960294279939 0
79.18241416200419 1.4261563658034124 0
79.08190264116108 1.4326132085430452 0
78.98139582403915 1.439066561383404 0
78.88089370374422 1.4455164278408723 0
78.78039627339915 1.4519628112115193 0
78.67990352614366 1.458405714570857 0
78.57941545513427 1.4648451407736625 0
78.47893205354413 1.4712810924537392 0
78.3784533145629 1.4777135720237304 0
78.27797923139663 1.4841425816748819 0
78.17750979726755 1.4905681233768397 0
78.07704500541406 1.4969901988774392 0
77.97658484909053 1.5034088097024643 0
77.87612932156716 1.509823957155465 0
77.77567841612984 1.5162356423174916 0
77.67523212608006 1.5226438660469317 0
77.5747904447348 1.5290486289792293 0
77.47435336542627 1.5354499315267052 0
77.37392088150196 1.5418477738783105 0
77.2734929863243 1.5482421559994137 0
77.17306967327072 1.5546330776315613 0
77.0726509357334 1.5610205382922602 0
76.9722367671192 1.5674045372747378 0
76.87182716084942 1.5737850736477395 0
76.77142211035982 1.5801621462552558 0
76.67102160910039 1.586535753716314 0
76.57062565053522 1.5929058944247514 0
76.47023422814239 1.599272566548961 0
76.36984733541384 1.6056357680316582 0
76.26946496585519 1.6119954965896652 0
76.1690871129857 1.6183517497136326 0
76.06871377033801 1.624704524667845 0
75.96834493145809 1.63105381848993 0
75.86798058990516 1.6373996279906604 0
75.76762073925138 1.6437419497536687 0
75.66726537308188 1.650080780135248 0
75.56691448499454 1.6564161152640648 0
75.4665680685999 1.662747951040916 0
75.36622611752097 1.669076283138499 0
75.26588862539317 1.675401107001157 0
75.16555558586414 1.6817224178445955 0
75.06522699259361 1.688040210655667 0
74.96490283925328 1.6943544801921013 0
74.8645831195267 1.700665220982233 0
74.76426782710907 1.7069724273247637 0
74.66395695570716 1.7132760932884996 0
74.56365049903921 1.7195762127120853 0
74.4633484508347 1.725872779203733 0
74.36305080483424 1.7321657861409698 0
74.26275755478953 1.7384552266703788 0
74.16246869446307 1.7447410937073093 0
74.06218421762813 1.7510233799356185 0
73.96190411806862 1.7573020778074249 0
73.86162838957885 1.7635771795427813 0
73.76135702596355 1.769848677129459 0
73.66109002103754 1.7761165623226494 0
73.56082736862578 1.7823808266446675 0
73.46056906256312 1.7886414613847064 0
73.3603150966942 1.7948984575985496 0
73.26006546487329 1.8011518061082636 0
73.15982016096422 1.807401497501952 0
73.05957917884012 1.8136475221334536 0
72.9593425123834 1.8198898701220472 0
72.85911015548557 1.8261285313521773 0
72.75888210204707 1.8323634954731576 0
72.65865834597719 1.8385947518988885 0
72.55843888119388 1.8448222898075473 0
72.45822370162362 1.851046098141319 0
72.35801280120135 1.857266165606064 0
72.25780617387024 1.8634824806710562 0
72.15760381358157 1.8696950315686638 0
72.05740571429466 1.8759038062940443 0
71.95721186997663 1.882108792604858 0
71.85702227460234 1.8883099780209398 0
71.75683692215424 1.894507349824009 0
71.65665580662215 1.9007008950573616 0
71.55647892200325 1.906890600525549 0
71.45630626230184 1.9130764527940662 0
71.35613782152923 1.919258438189039 0
71.25597359370363 1.9254365427969191 0
71.15581357284996 1.93161075246415 0
71.05565775299975 1.9377810527968438 0
70.95550612819098 1.9439474291604868 0
70.8553586924679 1.9501098666795775 0
70.75521543988103 1.9562683502373308 0
70.65507636448682 1.9624228644753394 0
70.55494146034766 1.9685733937932244 0
70.45481072153171 1.9747199223483451 0
70.35468414211269 1.980862434055418 0
70.25456171616982 1.9870009125862294 0
70.15444343778762 1.9931353413692479 0
70.05432930105583 1.9992657035893189 0
69.95421930006918 2.005391982187308 0
69.85411342892739 2.011514159859762 0
69.75401168173482 2.0176322190585547 0
69.65391405260054 2.0237461419905483 0
69.55382053563804 2.029855910617238 0
69.45373112496519 2.0359615066543815 0
69.353645814704 2.042062911571684 0
69.25356459898053 2.0481601065924044 0
69.15348747192479 2.054253072693004 0
69.05341442767049 2.0603417906028016 0
68.953345460355 2.0664262408035796 0
68.85328056411913 2.072506403529249 0
68.75321973310704 2.078582258765453 0
68.65316296146608 2.0846537862492176 0
68.55311024334661 2.0907209654685692 0
68.45306157290194 2.0967837756621455 0
68.35301694428804 2.1028421958188432 0
68.25297635166359 2.1088962046774204 0
68.15293978918969 2.1149457807261163 0
68.05290725102971 2.1209909022022644 0
67.9528787313493 2.127031547091912 0
67.85285422431603 2.133067693129419 0
67.75283372409943 2.139099317797076 0
67.65281722487073 2.1451263983247 0
67.55280472080275 2.1511489116892375 0
67.45279620606979 2.1571668346143746 0
67.3527916748474 2.163180143570112 0
67.2527911213123 2.1691888147723843 0
67.15279453964226 2.175192824182633 0
67.05280192401584 2.1811921475074056 0
66.95281326861235 2.1871867601979487 0
66.85282856761167 2.193176637449757 0
66.75284781519409 2.1991617542021995 0
66.65287100554018 2.205142085138068 0
66.5528981328306 2.211117604683169 0
66.45292919124606 2.2170882870058852 0
66.35296417496701 2.2230541060167393 0
66.25300307817363 2.2290150353679876 0
66.15304589504565 2.2349710484531538 0
66.05309261976213 2.240922118406606 0
65.95314324650138 2.246868218103124 0
65.85319776944084 2.2528093201574295 0
65.75325618275684 2.2587453969237545 0
65.6533184806245 2.2646764204954035 0
65.55338465721759 2.270602362704265 0
65.45345470670838 2.276523195120389 0
65.35352862326745 2.2824388890515053 0
65.25360640106359 2.288349415542573 0
65.1536880342636 2.2942547453753175 0
65.05377351703221 2.3001548490677424 0
64.95386284353184 2.3060496968736826 0
64.85395600792253 2.3119392587823104 0
64.75405300436172 2.31782350451766 0
64.65415382700417 2.3237024035381597 0
64.55425847000174 2.3295759250361248 0
64.45436692750329 2.3354440379372883 0
64.3544791936545 2.3413067109003034 0
64.2545952625977 2.3471639123162404 0
64.15471512847178 2.353015610308103 0
64.05483878541197 2.3588617727303163 0
63.95496622754974 2.364702367168218 0
63.8550974490126 2.3705373609375657 0
63.75523244392398 2.376366721084013 0
63.65537120640307 2.3821904143825883 0
63.55551373056465 2.3880084073371877 0
63.45566001051894 2.393820666180057 0
63.35581004037149 2.3996271568712464 0
63.25596381422295 2.405427845098085 0
63.15612132616896 2.411222696274664 0
63.056282570300006 2.4170116755412887 0
62.95644754070122 2.4227947477639225 0
62.85661623145229 2.4285718775336647 0
62.75678863662721 2.434343029166188 0
62.65696475029424 2.4401081667011955 0
62.55714456651563 2.445867253901859 0
62.457328079347576 2.451620254254248 0
62.35751528283996 2.4573671309667873 0
62.25770617103626 2.463107846969669 0
62.15790073797341 2.4688423649142948 0
62.05809897768154 2.4745706471726834 0
61.958300884183934 2.480292655836905 0
61.85850645149681 2.4860083527184957 0
61.75871567362916 2.4917176993478454 0
61.65892854458262 2.4974206569736395 0
61.55914505835129 2.5031171865622417 0
61.45936520892159 2.508807248797084 0
61.359588990272066 2.5144908040780867 0
61.25981639637328 2.5201678125210214 0
61.1600474211876 2.525838233956919 0
61.06028205866912 2.531502027931425 0
60.96052030276334 2.5371591537042018 0
60.86076214740722 2.542809570248281 0
60.76100758652885 2.548453236249446 0
60.66125661404733 2.5540901101055837 0
60.561509223872655 2.559720149926044 0
60.46176540990553 2.5653433135309935 0
60.36202516603716 2.570959558450764 0
60.26228848614915 2.576568841925214 0
60.16255536411331 2.5821711209030225 0
60.06282579379151 2.5877663520410694 0
59.96309976903548 2.5933544917037517 0
59.8633772836867 2.5989354959622806 0
59.763658331576195 2.6045093205940564 0
59.66394290652438 2.6100759210819136 0
59.56423100234088 2.6156352526134867 0
59.464522612824425 2.6211872700804837 0
59.364817731762585 2.626731928078004 0
59.26511635293171 2.6322691809038083 0
59.16541847009669 2.6377989825576256 0
59.065724077010785 2.643321286740437 0
58.96603316741553 2.6488360468537353 0
58.866345735040504 2.654343215998813 0
58.76666177360317 2.659842746976026 0
58.66698127680874 2.66533459228405 0
58.56730423834995 2.6708187041191427 0
58.467630651906944 2.676295034374381 0
58.36796051114709 2.6817635346389173 0
58.26829380972479 2.6872241561972197 0
58.16863054128135 2.6926768500282874 0
58.06897069944477 2.6981215668048977 0
57.969314277829575 2.7035582568928067 0
57.86966127003667 2.7089868703499933 0
57.77001166965318 2.7144073569258245 0
57.67036547025221 2.7198196660602982 0
57.57072266539275 2.7252237468832297 0
57.47108324861946 2.7306195482134146 0
57.3714472134625 2.736007018557852 0
57.27181455343738 2.7413861061109017 0
57.17218526204476 2.7467567587534507 0
57.072559332770275 2.752118924052095 0
56.97293675908439 2.757472549258282 0
56.873317534442194 2.7628175813074662 0
56.77370165228325 2.7681539668182675 0
56.674089106031374 2.7734816520915904 0
56.574479889094555 2.7788005831097617 0
56.47487399486463 2.7841107055356566 0
56.375271416717254 2.789411964711832 0
56.275672148011644 2.794704305659602 0
56.176076182090405 2.7999876730781765 0
56.076483512279374 2.8052620113437308 0
55.976894131887434 2.810527264508524 0
55.87730803420631 2.8157833762999567 0
55.77772521251044 2.821030290119652 0
55.67814566005674 2.82626794904253 0
55.57856937008447 2.8314962958158585 0
55.47899633581503 2.836715272858322 0
55.37942655045177 2.84192482225904 0
55.27986000717981 2.847124885776628 0
55.1802966991659 2.8523154048382207 0
55.08073661955817 2.8574963205384876 0
54.98117976148599 2.862667573638642 0
54.88162611805978 2.867829104565478 0
54.782075682370824 2.8729808534103176 0
54.682528447491066 2.878122759928053 0
54.58298440647297 2.883254763536081 0
54.483443552349286 2.8883768033133217 0
54.38390587813288 2.893488817999134 0
54.28437137681655 2.898590745992313 0
54.18484004137287 2.9036825253500154 0
54.085311864753926 2.9087640937867034 0
53.98578683989119 2.9138353886730792 0
53.88626495969533 2.9188963470349854 0
53.78674621705597 2.9239469055523655 0
53.687230604841574 2.928987000558105 0
53.587718115899186 2.9340165680369705 0
53.488208743054265 2.93903554362447 0
53.38870247911053 2.944043862605755 0
53.289199316849675 2.9490414599144485 0
53.18969924903132 2.9540282701315346 0
53.09020226839264 2.9590042274841895 0
52.990708367648324 2.963969265844632 0
52.8912175394903 2.9689233187289257 0
52.79172977658757 2.9738663192958223 0
52.69224507158599 2.97879820034556 0
52.59276341710808 2.98371889431865 0
52.49328480575286 2.988628333294688 0
52.39380923009562 2.993526448991102 0
52.294336682687714 2.9984131727619445 0
52.19486715605639 3.0032884355966325 0
52.09540064270456 3.008152168118697 0
51.99593713511064 3.01300430058452 0
51.8964766257283 3.0178447628820524 0
51.79701910698628 3.0226734845295358 0
51.69756457128827 3.027490394674184 0
51.59811301101252 3.0322954220909084 0
51.498664418511844 3.037088495180957 0
51.399218786113266 3.041869541970605 0
51.29977610611789 3.046638490109816 0
51.200336370800684 3.05139526687086 0
51.10089957241024 3.0561397991469654 0
51.001465703168606 3.0608720134509473 0
50.902034755271075 3.0655918359137857 0
50.802606720885954 3.070299192283246 0
50.70318159215436 3.074994007922459 0
50.60375936119003 3.0796762078084843 0
50.5043400200791 3.084345716530866 0
50.404923560879865 3.0890024582901985 0
50.305509975622634 3.093646356896631 0
50.206099256309436 3.098277335768404 0
50.10669139491388 3.1028953179303604 0
50.0072863833809 3.1075002260124247 0
49.90788421362653 3.1120919822480815 0
49.80848487753772 3.1166705084728608 0
49.70908836697211 3.121235726122762 0
49.60969467375779 3.125787556232726 0
49.51030378969312 3.1303259194350246 0
49.41091570654647 3.1348507359576865 0
49.31153041605603 3.139361925622903 0
49.212147909929584 3.143859407845385 0
49.11276817984428 3.148343101630751 0
49.01339121744641 3.1528129255738597 0
48.91401701435119 3.157268797857156 0
48.81464556214251 3.161710636249003 0
48.71527685237278 3.1661383581019527 0
48.615910876562616 3.170551880351078 0
48.51654762620066 3.174951119512209 0
48.41718709274336 3.179335991680222 0
48.31782926761473 3.183706412527259 0
48.21847414220608 3.1880622973009607 0
48.11912170787585 3.1924035608226866 0
48.019771955949345 3.196730117485684 0
47.92042487771853 3.2010418812532824 0
47.82108046444173 3.2053387656570456 0
47.72173870734347 3.20962068379491 0
47.6223995976142 3.213887548329317 0
47.52306312641007 3.218139271485316 0
47.42372928485269 3.22237576504863 0
47.32439806402887 3.2265969403637693 0
47.22506945499045 3.2308027083320465 0
47.12574344875395 3.2349929794096246 0
47.026420036300436 3.239167663605527 0
46.927099208575214 3.2433266704796417 0
46.827780956487594 3.2474699091406825 0
46.72846527091066 3.2515972882441595 0
46.62915214268102 3.255708715990317 0
46.52984156259855 3.2598041001220333 0
46.430533521426135 3.2638833479227407 0
46.33122800988948 3.267946366214289 0
46.231925018676776 3.2719930613548076 0
46.132624538438485 3.2760233392365263 0
46.03332655978713 3.2800371052836286 0
45.934031073296936 3.2840342644499927 0
45.8347380695037 3.288014721217008 0
45.73544753890444 3.2919783795913022 0
45.63615947195716 3.2959251431024654 0
45.53687385908063 3.2998549148007843 0
45.43759069065407 3.3037675972548786 0
45.33830995701692 3.30766309254942 0
45.23903164846858 3.3115413022827065 0
45.139755755268126 3.3154021275643255 0
45.04048226763406 3.3192454690127153 0
44.94121117574404 3.3230712267527496 0
44.8419424697346 3.3268793004132595 0
44.74267613970088 3.3306695891245663 0
44.6434121756964 3.334441991515965 0
44.54415056773272 3.3381964057131985 0
44.44489130577921 3.3419327293358796 0
44.34563437976275 3.3456508594949392 0
44.246379779567484 3.3493506927899848 0
44.14712749503451 3.3530321253066777 0
44.047877515961616 3.356695052614062 0
43.948629832102995 3.360339369761883 0
43.84938443316897 3.3639649712778636 0
43.75014130882569 3.367571751164951 0
43.65090044869487 3.3711596028985484 0
43.551661842353475 3.3747284194237173 0
43.45242547933347 3.3782780931523324 0
43.35319134912147 3.3818085159602185 0
43.253959441158514 3.385319579184288 0
43.15472974483973 3.388811173619577 0
43.055502249514035 3.392283189516326 0
42.95627694448389 3.3957355165769885 0
42.85705381900491 3.3991680439532024 0
42.75783286228566 3.4025806602427764 0
42.658614063487285 3.405973253486575 0
42.559397411723246 3.409345711165443 0
42.46018289605897 3.412697920197041 0
42.360970505511595 3.4160297669326734 0
42.26176022904963 3.41934113715409 0
42.162552055592634 3.422631916070231 0
42.06334597401092 3.425901988313953 0
41.964141973125265 3.429151237938711 0
41.864940041706504 3.432379548415221 0
41.76574016847533 3.4355868026280656 0
41.66654234210188 3.438772882872286 0
41.56734655120544 3.441937670849894 0
41.46815278435415 3.445081047666423 0
41.36896103006463 3.448202893827345 0
41.26977127680168 3.4513030892345387 0
41.17058351297793 3.454381513182667 0
41.07139772695352 3.457438044355512 0
40.97221390703577 3.4604725608223066 0
40.873032041478815 3.4634849400339958 0
40.773852118483305 3.466475058819464 0
40.67467412619602 3.4694427933817233 0
40.575498052709534 3.4723880192940566 0
40.47632388606192 3.475310611496135 0
40.37715161423632 3.4782104442900508 0
40.27798122516064 3.481087391336358 0
40.1788127067072 3.483941325650026 0
40.079646046692346 3.486772119596367 0
39.98048123287615 3.4895796448869385 0
39.88131825296197 3.4923637725753403 0
39.78215709459613 3.495124373053034 0
39.68299774536758 3.4978613160450664 0
39.58384019280745 3.500574470605761 0
39.48468442438876 3.503263705114362 0
39.38553042752599 3.5059288872706325 0
39.28637818957475 3.508569884090382 0
39.18722769783132 3.5111865619009808 0
39.08807893953237 3.5137787863367684 0
38.98893190185452 3.5163464223344807 0
38.88978657191392 3.518889334128541 0
38.79064293676595 3.521407385246366 0
38.691500983404715 3.523900438503592 0
38.592360698762754 3.52636835599923 0
38.49322206971056 3.5288109991107874 0
38.394085083056225 3.531228228489332 0
38.294949725545024 3.53361990405447 0
38.19581598385898 3.535985884989312 0
38.09668384461647 3.5383260297353267 0
37.997553294371855 3.5406401959871827 0
37.89842431961496 3.5429282406874907 0
37.79929690677075 3.545190020021518 0
37.700171042198846 3.547425389411795 0
37.60104671219313 3.5496342035127135 0
37.50192390298129 3.551816316205008 0
37.40280260072439 3.5539715805902166 0
37.303682791516465 3.5560998489850246 0
37.204564461383995 3.558200972915594 0
37.10544759628556 3.5602748031117826 0
37.006332182111315 3.56232118950131 0
36.907218204682586 3.5643399812038625 0
36.808105649751376 3.566331026525115 0
36.70899450299993 3.5682941729506577 0
36.60988475004026 3.5702292671398865 0
36.51077637641366 3.5721361549198227 0
36.411669367590264 3.574014681278798 0
36.31256370896856 3.57586469036012 0
36.2134593858749 3.5776860254556495 0
36.11435638356302 3.5794785289992617 0
36.015254687213535 3.5812420425602833 0
35.91615428193349 3.5829764068367806 0
35.817055152755806 3.584681461648836 0
35.71795728463883 3.5863570459316714 0
35.618860662465785 3.5880029977287453 0
35.51976527104429 3.5896191541847076 0
35.42067109510583 3.5912053515383158 0
35.32157811930523 3.59276142511522 0
35.22248632822016 3.594287209320693 0
35.12339570635055 3.5957825376322146 0
35.024306238118115 3.59724724259203 0
34.925217907865786 3.598681155799557 0
34.82613069985716 3.6000841079037276 0
34.727044598275974 3.601455928595207 0
34.62795958722552 3.6027964465985227 0
34.52887565072811 3.6041054896641023 0
34.4297927727245 3.605382884560194 0
34.330710937073306 3.6066284570646756 0
34.23163012755048 3.6078420319567837 0
34.13255032784865 3.6090234330086948 0
34.033471521576594 3.6101724829770228 0
33.93439369225862 3.6112890035942167 0
33.83531682333398 3.6123728155597874 0
33.736240898156254 3.613423738531495 0
33.63716589999275 3.6144415911163503 0
33.53809181202387 3.6154261908615455 0
33.43901861734251 3.61637735424523 0
33.33994629895341 3.617294896667169 0
33.24087483977252 3.618178632439305 0
33.14180422262639 3.619028374776138 0
33.04273443025148 3.619843935785034 0
32.94366544529351 3.620625126456352 0
32.84459725030683 3.6213717566534624 0
32.74552982775373 3.622083635102633 0
32.646463160003734 3.622760569382746 0
32.547397229332965 3.6234023659149184 0
32.448332017923455 3.624008829951931 0
32.349267507862386 3.624579765567542 0
32.25020368114148 3.6251149756456527 0
32.15114051965617 3.6256142618692984 0
32.05207800520499 3.626077424709505 0
31.953016119488787 3.626504263413989 0
31.85395484410999 3.626894575995681 0
31.754894160571872 3.6272481592211165 0
31.655834050277804 3.6275648085986156 0
31.556774494530483 3.6278443183663702 0
31.457715474531174 3.6280864814802563 0
31.358656971378917 3.628291089601581 0
31.259598966069746 3.6284579330845745 0
31.16054143949591 3.6285868009637423 0
31.061484372445037 3.628677480941006 0
30.962427745599342 3.628729759372709 0
30.863371539534796 3.6287434212563516 0
30.764315734720306 3.628718250217222 0
30.665260311516846 3.628654028494764 0
30.566205250176626 3.628550536928782 0
30.46715053084222 3.628407554945419 0
30.3680961335457 3.6282248605429523 0
30.269042038207743 3.628002230277351 0
30.16998822463675 3.6277394392476507 0
30.070934672527923 3.6274362610810718 0
29.971881361462373 3.627092467917957 0
29.872828270906165 3.626707830396435 0
29.773775380209415 3.6262821176368996 0
29.67472266860531 3.6258150972262295 0
29.575670115209153 3.6253065352017626 0
29.476617699017403 3.624756196035038 0
29.377565398906686 3.6241638426153058 0
29.278513193632776 3.6235292362327365 0
29.179461061829628 3.6228521365614266 0
29.0804089820083 3.6221323016420977 0
28.98135693255596 3.6213694878645573 0
28.88230489173483 3.6205634499498722 0
28.78325283768109 3.619713940932275 0
28.68420074840386 3.618820712140765 0
28.585148601784045 3.617883513180454 0
28.486096375573283 3.616902091913582 0
28.38704404739279 3.6158761944402635 0
28.287991594732247 3.614805565078906 0
28.188938994948643 3.6136899463463283 0
28.089886225265108 3.612529078937564 0
27.990833262769733 3.6113227017053258 0
27.891780084414368 3.610070551639153 0
27.79272666701344 3.608772363844222 0
27.693672987242685 3.607427871519792 0
27.594619021637918 3.606036805937349 0
27.495564746593775 3.6045988964183198 0
27.396510138362434 3.6031138703115038 0
27.297455173052292 3.6015814529700547 0
27.198399826626684 3.6000013677281486 0
27.099344074902522 3.5983733358772065 0
27.00209800318604 3.5967006496278735 0
26.908972696661458 3.5950376933853994 0
26.815843876749934 3.593402725124678 0
26.722711344020144 3.5917954630593836 0
26.629574897945307 3.5902156236348453 0
26.536434336894505 3.588662921504377 0
26.443289458123886 3.5871370695052063 0
26.350140057767728 3.5856377786339455 0
26.25698593082937 3.584164758021647 0
26.163826871171945 3.5827177149083838 0
26.07066267150902 3.5812963546173813 0
25.977493123395057 3.57990038052867 0
25.884318017215698 3.578529494052269 0
25.791137142177917 3.577183394600863 0
25.6979502863 3.5758617795619903 0
25.604757236401337 3.574564344269716 0
25.511557778092065 3.5732907819757664 0
25.41835169576252 3.5720407838201607 0
25.325138772572526 3.570814038801258 0
25.23191879044047 3.569610233745266 0
25.138691530032244 3.5684290532751914 0
25.045456770749897 3.5672701797791624 0
24.952214290720224 3.5661332933782166 0
24.858963866783043 3.565018071893418 0
24.765705274479306 3.5639241908124006 0
24.672438288039018 3.562851323255234 0
24.579162680368924 3.5617991399396782 0
24.485878223039972 3.560767309145723 0
24.392584686274564 3.5597554966794953 0
24.299281838933567 3.5587633658364384 0
24.205969448503108 3.55779057736378 0
24.11264728108111 3.5568367894222916 0
24.019315101363585 3.5559016575472815 0
23.925972672630703 3.554984834608822 0
23.832619756732555 3.5540859707712134 0
23.739256114074717 3.5532047134516396 0
23.645881503603487 3.5523407072780024 0
23.552495682790866 3.5514935940459234 0
23.459098407619308 3.5506630126748693 0
23.365689432566086 3.54984859916345 0
23.27226851058746 3.5490499865437433 0
23.178835393102467 3.5482668048347774 0
23.085389829976474 3.547498680995012 0
22.99193156950434 3.5467452388738776 0
22.898460358393333 3.546006099162333 0
22.80497594174564 3.545280879342399 0
22.711478063040598 3.544569193635653 0
22.61796646411656 3.5438706529506683 0
22.524440885152377 3.5431848648293602 0
22.430901064648566 3.5425114333922245 0
22.33734673940807 3.541849959282405 0
22.243777644516634 3.541200039608621 0
22.150193513322826 3.540561267886884 0
22.056594077417607 3.539933233980942 0
21.962979066613535 3.539315524041548 0
21.86934820892351 3.538707720444322 0
21.77570123053912 3.5381094017263712 0
21.682037855808534 3.5375201425215073 0
21.588357807213903 3.5369395134940502 0
21.494660805348374 3.536367081271257 0
21.400946568892547 3.5358024083741917 0
21.307214814590488 3.535245053147161 0
21.21346525722523 3.534694569685552 0
21.119697609593764 3.534150507762082 0
21.025911582481484 3.533612412751435 0
20.93210688463609 3.5330798255532008 0
20.838283222740976 3.5325522825130906 0
20.744440301387986 3.5320293153423865 0
20.650577823049616 3.5315104510355604 0
20.55669548805063 3.5309952117860486 0
20.46279299453902 3.53048311490008 0
20.36887003845634 3.5299736727085476 0
20.274926313507436 3.529466392476833 0
20.180961511129414 3.5289607763125814 0
20.08697532046002 3.5284563210712867 0
19.99296742830524 3.5279525182597213 0
19.8989375191062 3.5274488539370665 0
19.80488527490534 3.526944808613712 0
19.710810375311773 3.5264398571477 0
19.616712497465898 3.5259334686386423 0
19.522591316003187 3.525425106319166 0
19.42844650301713 3.5249142274436784 0
19.334277728021338 3.52440028317452 0
19.24008465791075 3.523882718465278 0
19.145866956921935 3.5233609719413304 0
19.05162428659248 3.5228344757773784 0
18.95735630571938 3.522302655572023 0
18.86306267031647 3.5217649302191965 0
18.768743033570846 3.521220711776405 0
18.674397045798187 3.520669405329673 0
18.580024354397064 3.5201104088550697 0
18.48562460380209 3.5195431130767556 0
18.39119743543596 3.5189669013213782 0
18.296742487660268 3.5183811493687918 0
18.20225939572516 3.5177852252988875 0
18.107747791717703 3.5171784893344973 0
18.01320730450898 3.5165602936801794 0
17.91863755969983 3.515929982356811 0
17.824038179565253 3.5152868910318253 0
17.729408782997382 3.5146303468449482 0
17.63474898544697 3.5139596682292975 0
17.540058398863444 3.5132741647277075 0
17.445336631633328 3.5125731368041064 0
17.350583288517125 3.511855875649776 0
17.255797970584492 3.5111216629843582 0
17.16098027514776 3.5103697708513857 0
17.06612979569366 3.5095994614082167 0
16.971246121813227 3.508809986710099 0
16.876328839129854 3.508000588488262 0
16.781377529225374 3.507170497921752 0
16.686391769564136 3.5063189354028594 0
16.591371133415024 3.5054451102958413 0
16.496315189771327 3.504548220688808 0
16.40122350326838 3.503627453138429 0
16.30609563409893 3.5026819824073065 0
16.210931137926096 3.5017109711936327 0
16.115729565793927 3.500713569853016 0
16.020490464035362 3.4996889161120355 0
15.925213374177611 3.49863613477335 0
15.829897832844782 3.497554337411973 0
15.734543371657702 3.4964426220624163 0
15.639149517130807 3.4953000728964065 0
15.543715790566015 3.4941257598907565 0
15.448241707943478 3.492918738485052 0
15.35272677980904 3.491678049228815 0
15.257170511158384 3.4904027174176657 0
15.161572401317624 3.4890917527181182 0
15.065931943820324 3.487744148780579 0
14.97024862628072 3.486358882840044 0
14.874521930263054 3.4849349153040623 0
14.77875133114685 3.483471189327467 0
14.682936297987975 3.481966630373299 0
14.58707629337535 3.480420145759444 0
14.491170773283097 3.478830624190371 0
14.395219186917963 3.4771969352733634 0
14.299220976561852 3.4755179290186637 0
14.203175577409258 3.4737924353228005 0
14.107082417399356 3.472019263434473 0
14.010940917042605 3.4701972014022253 0
13.914750489241595 3.4683250155031735 0
13.818510539105889 3.466401449651953 0
13.722220463760657 3.4644252247891076 0
13.625879652148798 3.4623950382479602 0
13.529487484826308 3.460309563099108 0
13.433043333750593 3.4581674474715225 0
13.336546562061416 3.4559673138492597 0
13.23999652385417 3.453707758342665 0
13.143392563945177 3.4513873499329923 0
13.04673401762858 3.4490046296891883 0
12.950020210424546 3.4465581099556095 0
12.853250457818339 3.444046273509354 0
12.756424064989863 3.4414675726857733 0
12.659540326533266 3.4388204284707373 0
12.562598526166111 3.4361032295580554 0
12.46559793642765 3.433314331370416 0
12.368537818365738 3.4304520550421285 0
12.271417421211755 3.427514686361821 0
12.17423598204308 3.424500474673135 0
12.076992725432422 3.4214076317314044 0
11.979686863083469 3.418234330514097 0
11.88231759345209 3.414978703982778 0
11.784884101352471 3.4116388437940968 0
11.687385557547382 3.4082127989572717 0
11.5898211183218 3.404698574435299 0
11.492189925039035 3.401094129686995 0
11.394491103678504 3.3973973771467882 0
11.296723764354141 3.393606180638973 0
11.198887000812508 3.3897183537229827 0
11.100979889909492 3.385731657965929 0
11.003001491064483 3.3816438011385035 0
10.90495084569078 3.377452435330058 0
10.80682697660102 3.3731551549783587 0
10.708628887386169 3.3687494948092978 0
10.610355561766694 3.3642329276814613 0
10.512005962914303 3.359602862330138 0
10.41357903274265 3.354856641004987 0
10.315073691165177 3.3499915369951907 0
10.216488835318243 3.3450047520354547 0
10.117823338747503 3.3398934135857927 0
10.01907605055536 3.334654571977544 0
9.920245794507208 3.3292851974174282 0
9.821331368093912 3.3237821768410147 0
9.72233154154796 3.318142310606198 0
9.623245056810342 3.312362309016639 0
9.524070626445125 3.306438788664412 0
9.424806932498432 3.300368268580203 0
9.325452625298238 3.2941471661785604 0
9.226006322191216 3.2877717929847408 0
9.126466606212446 3.281238350128579 0
9.026832024683614 3.2745429235896837 0
8.927101087734846 3.267681479177051 0
8.82727226674502 3.260649857224661 0
8.727343992694967 3.253443766983267 0
8.627314654427455 3.2460587806868273 0
8.527182596807382 3.2384903272702235 0
8.426946118775087 3.230733685712902 0
8.326603471284963 3.2227839779809244 0
8.226152855120983 3.214636161537352 0
8.12559241857997 3.2062850213883736 0
8.024920255012583 3.197725161629455 0
7.924134400211161 3.188950996452661 0
7.823232829632463 3.179956740572549 0
7.722213455442334 3.1707363990240904 0
7.621074123367974 3.161283756281542 0
7.519812609342235 3.151592364642287 0
7.418426615922716 3.141655531814002 0
7.316913768466815 3.131466307637487 0
7.215271611041954 3.1210174698704045 0
7.1134976020480245 3.1103015089495503 0
7.011589109526787 3.099310611640567 0
6.90954340613019 3.0880366434742212 0
6.807357663716637 3.076471129857413 0
6.705028947540733 3.0646052357347062 0
6.602554209998307 3.052429743662157 0
6.499930283884068 3.039935030139366 0
6.397153875114392 3.027111040027725 0
6.294221554862084 3.0139472588623484 0
6.191129751043635 3.0004326828419208 0
6.087874739092198 2.9865557862540526 0
5.9844526319411475 2.972304486063246 0
5.880859369133619 2.9576661033536205 0
5.777090704962351 2.942627321278263 0
5.673142195531587 2.927174139120629 0
5.569009184618063 2.911291822019609 0
5.464686788191222 2.8949648458475363 0
5.360169877432963 2.878176836657737 0
5.255453060074296 2.8609105040333933 0
5.150530659839195 2.8431475675701443 0
5.04539669375438 2.824868675608027 0
4.940044847046305 2.806053315190464 0
4.834468445302542 2.786679712064867 0
4.72866042352218 2.7667247193453095 0
4.6226132916173395 2.746163693226089 0
4.5163190958528086 2.7249703538572967 0
4.409769375620671 2.7031166291590294 0
4.302955114837606 2.6805724789461984 0
4.195866687120025 2.657305696243748 0
4.088493793730288 2.633281682070431 0
3.980825393088295 2.6084631892297665 0
3.872849620397102 2.582810029732251 0
3.7645536956256795 2.5562787393350948 0
3.6559238177096507 2.528822191260645 0
3.5469450423491304 2.5003891493573254 0
3.4376011401711315 2.4709237486830404 0
3.3278744312412565 2.4403648885657763 0
3.217745590899178 2.4086455194175347 0
3.10719342057654 2.375691799652029 0
2.996194575525268 2.341422092572512 0
2.884723239083779 2.305745764470091 0
2.7727507300157948 2.2685617335660497 0
2.6602450252466485 2.2297567036197545 0
2.547170174514433 2.1892029941921716 0
2.4334855753232025 2.1467558489667886 0
2.319145065019498 2.102250059977902 0
2.204095770065674 2.0554956824786657 0
2.088276627852129 2.0062725218966215 0
1.9716164590635707 1.9543229334103118 0
1.8540314108814286 1.899342256544706 0
1.735421499508353 1.8409658600473209 0
1.6156658298801911 1.7787512022311844 0
1.494615814191938 1.7121523413076525 0
1.3720852562315404 1.6404826065348714 0
1.247835320922036 1.5628579246278202 0
1.1215507316592626 1.4781069272352092 0
0.9927999711170938 1.384620405870517 0
0.8609639499890951 1.2800810576387056 0
0.7250958053650426 1.160931432083677 0
0.5836072120423503 1.0211815254863836 0
0.4334122480939953 0.8491487953806189 0
0.26657378006485477 0.6146644732619537 0
0.0 0.0 0
-0.06657378006485477 -0.6667575519588216 0
-0.03341224809399529 -0.9531418760590354 0
0.016392787957649705 -1.176881531431029 0
0.0749041946349574 -1.368145286579232 0
0.13903605001090502 -1.5386156839698506 0
0.2072000288829063 -1.6942827273219323 0
0.2784492683407375 -1.8387038670915754 0
0.35216467907796395 -1.9741964061738184 0
0.4279147437684595 -2.1023695530551816 0
0.505384185808062 -2.2243946760869555 0
0.5843341701198088 -2.341155848554161 0
0.6645785004916474 -2.4533397411986506 0
0.7459685891185711 -2.56149229580907 0
0.8283835409364292 -2.6660560540723908 0
0.9117233721478709 -2.767395647241095 0
0.9959042299343259 -2.865815735790215 0
1.0808549349805023 -2.961573964541208 0
1.1665144246767973 -3.0548905280665313 0
1.2528298254855668 -3.1459553711130317 0
1.3397549747533515 -3.234933701646412 0
1.4272492699842054 -3.321970275983186 0
1.5152767609162208 -3.4071927745623856 0
1.603805424474732 -3.490714493624646 0
1.6928065794234601 -3.572636514948683 0
1.7822544091008226 -3.6530494722433895 0
1.8721255687587435 -3.7320350022055115 0
1.9623988598288689 -3.8096669464213377 0
2.0530549576508696 -3.886012354478864 0
2.14407618229035 -3.961132327050106 0
2.23544630437432 -4.035082729077159 0
2.3271503796028976 -4.107914796711599 0
2.4191746069117053 -4.179675656731079 0
2.5115062062697118 -4.250408773378387 0
2.6041333128799753 -4.320154334643029 0
2.697044885162395 -4.388949587721486 0
2.790230624379328 -4.456829131595002 0
2.883680904147191 -4.523825173238636 0
2.977386708382661 -4.589967752837476 0
3.07133957647782 -4.655284942471424 0
3.1655315546974587 -4.719803021990391 0
3.2599551529536948 -4.783546635200075 0
3.3546033062456204 -4.8465389289864085 0
3.4494693401608045 -4.908801677601975 0
3.544546939925704 -4.970355394003354 0
3.6398301225670364 -5.031219429850509 0
3.735313211808778 -5.0914120655478 0
3.8309908153819365 -5.150950591512045 0
3.9268578044684137 -5.2098513816899175 0
4.02290929503765 -5.268129960209084 0
4.119140630866382 -5.325801061930655 0
4.215547368058852 -5.382878687571173 0
4.312125260907802 -5.4393761539775545 0
4.408870248956365 -5.495306140065677 0
4.505778445137917 -5.550680728871041 0
4.602846124885608 -5.605511446106033 0
4.700069716115932 -5.6598092955719705 0
4.797445790001693 -5.713584791733739 0
4.894971052459267 -5.766847989729945 0
4.992642336283362 -5.81960851306099 0
5.090456593869809 -5.871875579170817 0
5.1884108904732145 -5.923658023114863 0
5.286502397951976 -5.974964319486224 0
5.384728388958046 -6.02580260275414 0
5.483086231533186 -6.076180686152963 0
5.581573384077284 -6.126106079245899 0
5.680187390657765 -6.175586004275286 0
5.778925876632027 -6.224627411400322 0
5.877786544557668 -6.273236992913334 0
5.976767170367538 -6.321421196516935 0
6.07586559978884 -6.369186237736872 0
6.175079744987415 -6.41653811153817 0
6.274407581420029 -6.4634826032062715 0
6.373847144879016 -6.510025298549116 0
6.473396528715036 -6.556171593471236 0
6.573053881224912 -6.601926702966438 0
6.672817403192618 -6.647295669571668 0
6.772685345572546 -6.692283371320859 0
6.872656007305032 -6.736894529234566 0
6.972727733254981 -6.7811337143779085 0
7.072898912265154 -6.825005354516928 0
7.173167975316385 -6.8685137404008705 0
7.273533393787554 -6.911663031695754 0
7.373993677808785 -6.9544572625925865 0
7.474547374701762 -6.996900347111759 0
7.575193067501569 -7.038996084123432 0
7.675929373554874 -7.080748162102353 0
7.7767549431896565 -7.122160163633973 0
7.877668458452039 -7.163235569687605 0
7.978668631906087 -7.203977763671176 0
8.07975420549279 -7.2443900352810235 0
8.180923949444638 -7.284475584159253 0
8.282176661252498 -7.324237523370297 0
8.383511164681758 -7.363678882707434 0
8.484926308834824 -7.402802611839326 0
8.58642096725735 -7.44161158330596 0
8.687994037085698 -7.48010859537263 0
8.789644438233307 -7.5182963747501494 0
8.89137111261383 -7.556177579188865 0
8.993173023398981 -7.593754799953484 0
9.095049154309221 -7.631030564185423 0
9.19699850893552 -7.668007337158789 0
9.299020110090506 -7.704687524435815 0
9.401112999187491 -7.741073473927148 0
9.503276235645858 -7.777167477862101 0
9.605508896321496 -7.8129717746735565 0
9.707810074960964 -7.848488550802086 0
9.810178881678201 -7.8837199424233955 0
9.912614442452618 -7.91866803710305 0
10.01511589864753 -7.9533348753822395 0
10.11768240654791 -7.987722452297966 0
10.22031313691653 -8.021832718841008 0
10.323007274567578 -8.055667583354722 0
10.425764017956922 -8.08922891287754 0
10.528582578788246 -8.122518534431991 0
10.631462181634262 -8.155538236262744 0
10.73440206357235 -8.188289769026161 0
10.837401473833891 -8.22077484693361 0
10.940459673466732 -8.25299514885078 0
11.043575935010136 -8.284952319354986 0
11.146749542181663 -8.316647969752413 0
11.249979789575455 -8.3480836790572 0
11.35326598237142 -8.37926099493399 0
11.456607436054824 -8.410181434605684 0
11.560003476145829 -8.44084648572793 0
11.663453437938585 -8.471257607231777 0
11.766956666249406 -8.501416230135971 0
11.870512515173692 -8.53132375833017 0
11.974120347851205 -8.560981569330318 0
12.077779536239344 -8.59039101500744 0
12.181489460894113 -8.61955342229094 0
12.285249510758407 -8.648470093847495 0
12.389059082957395 -8.677142308736565 0
12.492917582600647 -8.705571323043507 0
12.596824422590744 -8.733758370491211 0
12.70077902343815 -8.761704663031132 0
12.80478081308204 -8.789411391414571 0
12.908829226716906 -8.816879725744997 0
13.012923706624651 -8.84411081601217 0
13.117063702012027 -8.871105792608802 0
13.221248668853153 -8.897865766830432 0
13.325478069736944 -8.924391831359166 0
13.429751373719279 -8.950685060731969 0
13.534068056179674 -8.976746511794007 0
13.638427598682373 -9.002577224137728 0
13.742829488841615 -9.028178220528138 0
13.847273220190958 -9.05355050731483 0
13.951758292056521 -9.078695074831291 0
14.056284209433983 -9.103612897781899 0
14.160850482869192 -9.128304935617134 0
14.265456628342296 -9.15277213289741 0
14.370102167155215 -9.177015419645912 0
14.47478662582239 -9.201035711690917 0
14.579509535964638 -9.224833910997909 0
14.684270434206073 -9.248410905991875 0
14.789068862073904 -9.27176757187016 0
14.89390436590107 -9.294904770906182 0
14.998776496731619 -9.317823352744336 0
15.103684810228673 -9.340524154686422 0
15.208628866584977 -9.363008001969847 0
15.313608230435866 -9.385275708037934 0
15.418622470774626 -9.407328074802578 0
15.523671160870144 -9.42916589289952 0
15.628753878186775 -9.450789941936469 0
15.733870204306344 -9.472200990734377 0
15.83901972485224 -9.493399797562022 0
15.94420202941551 -9.514387110364146 0
16.049416711482877 -9.535163666983399 0
16.154663368366673 -9.555730195376244 0
16.25994160113656 -9.576087413823041 0
16.365251014553035 -9.596236031132507 0
16.47059121700262 -9.616176746840713 0
16.575961820434742 -9.635910251404827 0
16.681362440300166 -9.655437226391731 0
16.786792695491016 -9.674758344661697 0
16.892252208282294 -9.693874270547292 0
16.99774060427484 -9.712785660027642 0
17.10325751233973 -9.731493160898184 0
17.20880256456404 -9.749997412936091 0
17.314375396197907 -9.768299048061468 0
17.419975645602932 -9.786398690494464 0
17.525602954201812 -9.804296956908429 0
17.631256966429156 -9.821994456579203 0
17.736937329683528 -9.839491791530715 0
17.84264369428062 -9.856789556676945 0
17.94837571340752 -9.873888339960384 0
18.054133043078064 -9.890788722487102 0
18.15991534208925 -9.907491278658494 0
18.265722271978664 -9.92399657629986 0
18.37155349698287 -9.940305176785824 0
18.477408683996817 -9.956417635162799 0
18.583287502534105 -9.97233450026844 0
18.68918962468823 -9.988056314848345 0
18.79511472509466 -10.003583615669886 0
18.9010624808938 -10.018916933633447 0
19.00703257169476 -10.03405679388099 0
19.11302467953998 -10.049003715902126 0
19.219038488870588 -10.06375821363767 0
19.325073686492566 -10.078320795580852 0
19.43112996154366 -10.092691964876177 0
19.537207005460985 -10.106872219416003 0
19.64330451194937 -10.120862051934942 0
19.749422176950386 -10.134661950102105 0
19.855559698612016 -10.148272396611265 0
19.96171677725902 -10.161693869268982 0
20.067893115363905 -10.174926841080786 0
20.174088417518515 -10.187971780335396 0
20.28030239040623 -10.200829150687095 0
20.386534742774767 -10.213499411236302 0
20.492785185409513 -10.225983016608327 0
20.599053431107453 -10.238280417030454 0
20.70533919465162 -10.250392058407295 0
20.811642192786096 -10.262318382394547 0
20.917962144191467 -10.274059826471142 0
21.024298769460877 -10.285616824009825 0
21.13065179107649 -10.296989804346273 0
21.237020933386468 -10.308179192846682 0
21.34340592258239 -10.319185410973935 0
21.449806486677176 -10.330008876352416 0
21.556222355483364 -10.340650002831374 0
21.66265326059193 -10.351109200547059 0
21.769098935351433 -10.361386875983463 0
21.875559114847622 -10.37148343203186 0
21.982033535883442 -10.381399268049114 0
22.088521936959403 -10.39113477991472 0
22.19502405825436 -10.40069036008677 0
22.30153964160667 -10.410066397656689 0
22.40806843049566 -10.419263278402898 0
22.514610170023527 -10.42828138484338 0
22.621164606897533 -10.437121096287171 0
22.727731489412545 -10.445782788884845 0
22.834310567433917 -10.454266835677938 0
22.940901592380694 -10.462573606647425 0
23.047504317209135 -10.470703468761227 0
23.154118496396517 -10.478656786020736 0
23.26074388592528 -10.486433919506482 0
23.36738024326744 -10.494035227422845 0
23.474027327369296 -10.501461065141925 0
23.580684898636413 -10.508711785246536 0
23.687352718918888 -10.515787737572376 0
23.79403055149689 -10.522689269249376 0
23.900718161066433 -10.529416724742228 0
24.007415313725435 -10.535970445890158 0
24.114121776960026 -10.542350771945937 0
24.220837319631077 -10.548558039614129 0
24.32756171196098 -10.5545925830886 0
24.434294725520694 -10.560454734089362 0
24.541036133216956 -10.566144821898654 0
24.647785709279773 -10.571663173396407 0
24.7545432292501 -10.57701011309499 0
24.861308469967756 -10.582185963173337 0
24.968081209559525 -10.58719104351041 0
25.074861227427476 -10.59202567171808 0
25.18164830423748 -10.596690163173342 0
25.288442221907935 -10.601184831049986 0
25.395242763598663 -10.605509986349656 0
25.502049713700004 -10.60966593793233 0
25.608862857822086 -10.613652992546282 0
25.715681982784304 -10.617471454857451 0
25.822506876604944 -10.621121627478294 0
25.92933732849098 -10.624603810996128 0
26.036173128828054 -10.627918304000932 0
26.143014069170633 -10.63106540311268 0
26.249859942232273 -10.634045403008141 0
26.356710541876115 -10.636858596447249 0
26.4635656631055 -10.639505274298944 0
26.570425102054696 -10.641985725566617 0
26.677288655979858 -10.644300237413043 0
26.78415612325007 -10.6464490951849 0
26.891027303338543 -10.64843258243687 0
26.997901996813965 -10.650250980955272 0
27.100655925097485 -10.651926255147515 0
27.20160017337332 -10.653522628204643 0
27.30254482694771 -10.655044560156066 0
27.40348986163757 -10.65649232971036 0
27.50443525340623 -10.657866213533348 0
27.60538097836209 -10.659166486271882 0
27.70632701275732 -10.660393420577158 0
27.807273332986565 -10.66154728712775 0
27.908219915585637 -10.662628354652174 0
28.009166737230274 -10.663636889951166 0
28.110113774734895 -10.664573157919554 0
28.211061005051352 -10.665437421567797 0
28.312008405267747 -10.66622994204318 0
28.412955952607206 -10.666950978650675 0
28.51390362442671 -10.667600788873461 0
28.61485139821595 -10.66817962839313 0
28.715799251596135 -10.668687751109564 0
28.816747162318908 -10.669125409160527 0
28.917695108265168 -10.669492852940907 0
29.01864306744403 -10.669790331121707 0
29.1195910179917 -10.670018090668687 0
29.22053893817037 -10.670176376860784 0
29.32148680636722 -10.670265433308195 0
29.42243460109331 -10.670285501970195 0
29.523382300982593 -10.670236823172683 0
29.624329884790846 -10.670119635625495 0
29.72527733139469 -10.66993417643938 0
29.82622461979058 -10.669680681142795 0
29.927171729093832 -10.669359383698405 0
30.028118638537627 -10.668970516519332 0
30.129065327472077 -10.66851431048518 0
30.23001177536325 -10.66799099495782 0
30.330957961792254 -10.667400797796912 0
30.431903866454302 -10.666743945375234 0
30.53284946915778 -10.666020662593752 0
30.633794749823373 -10.665231172896494 0
30.734739688483153 -10.664375698285184 0
30.835684265279696 -10.66345445933368 0
30.936628460465204 -10.662467675202176 0
31.037572254400658 -10.66141556365123 0
31.138515627554963 -10.660298341055551 0
31.23945856050409 -10.65911622241764 0
31.340401033930256 -10.657869421381157 0
31.441343028621084 -10.656558150244177 0
31.542284525468826 -10.655182619972194 0
31.64322550546952 -10.65374304021098 0
31.7441659497222 -10.652239619299225 0
31.84510583942813 -10.650672564281056 0
31.946045155890012 -10.649042080918278 0
32.04698388051121 -10.647348373702574 0
32.147921994795006 -10.645591645867407 0
32.24885948034383 -10.643772099399849 0
32.34979631885852 -10.641889935052177 0
32.45073249213761 -10.639945352353369 0
32.55166798207655 -10.637938549620394 0
32.65260277066704 -10.635869723969343 0
32.75353683999627 -10.633739071326461 0
32.85447017224627 -10.631546786438973 0
32.95540274969317 -10.62929306288575 0
33.05633455470649 -10.62697809308792 0
33.157265569748525 -10.624602068319211 0
33.258195777373615 -10.622165178716253 0
33.359125160227485 -10.619667613288687 0
33.4600537010466 -10.617109559929148 0
33.560981382657495 -10.614491205423134 0
33.66190818797613 -10.611812735458702 0
33.762834100007254 -10.609074334636095 0
33.86375910184375 -10.606276186477151 0
33.96468317666602 -10.603418473434685 0
34.06560630774138 -10.600501376901686 0
34.166528478423416 -10.597525077220393 0
34.26744967215136 -10.594489753691294 0
34.36836987244952 -10.591395584581942 0
34.46928906292669 -10.588242747135723 0
34.5702072272755 -10.58503141758046 0
34.671124349271885 -10.581761771136913 0
34.77204041277447 -10.57843398202721 0
34.87295540172402 -10.5750482234831 0
34.97386930014284 -10.571604667754153 0
35.07478209213421 -10.568103486115845 0
35.17569376188188 -10.56454484887751 0
35.27660429364945 -10.56092892539022 0
35.377513671779845 -10.557255884054548 0
35.47842188069477 -10.553525892328256 0
35.57932890489416 -10.54973911673386 0
35.6802347289557 -10.54589572286609 0
35.78113933753421 -10.541995875399296 0
35.882042715361166 -10.53803973809472 0
35.98294484724419 -10.534027473807708 0
36.08384571806651 -10.52995924449481 0
36.18474531278647 -10.525835211220796 0
36.28564361643698 -10.521655534165589 0
36.386540614125096 -10.517420372631118 0
36.487436291031436 -10.51312988504806 0
36.588330632409736 -10.50878422898254 0
36.689223623586344 -10.504383561142697 0
36.79011524995974 -10.499928037385219 0
36.891005497000066 -10.49541781272178 0
36.99189435024862 -10.490853041325355 0
37.092781795317414 -10.486233876536549 0
37.19366781788869 -10.481560470869772 0
37.29455240371444 -10.47683297601935 0
37.395435538616006 -10.472051542865596 0
37.49631720848354 -10.467216321480791 0
37.59719739927561 -10.462327461135075 0
37.69807609701871 -10.457385110302289 0
37.79895328780687 -10.452389416665747 0
37.899828957801155 -10.447340527123908 0
38.000703093229255 -10.44223858779604 0
38.10157568038504 -10.437083744027753 0
38.20244670562815 -10.431876140396511 0
38.30331615538353 -10.426615920717055 0
38.40418401614102 -10.421303228046765 0
38.50505027445498 -10.415938204690981 0
38.605914916943775 -10.410520992208227 0
38.70677793028944 -10.405051731415396 0
38.80763930123725 -10.399530562392883 0
38.908499016595286 -10.393957624489616 0
39.009357063234056 -10.388333056328092 0
39.110213428086084 -10.382656995809297 0
39.21106809814548 -10.376929580117599 0
39.31192106046763 -10.371150945725574 0
39.41277230216868 -10.365321228398805 0
39.513621810425256 -10.359440563200554 0
39.61446957247401 -10.353509084496482 0
39.71531557561124 -10.347526925959215 0
39.816159807192555 -10.34149422057295 0
39.91700225463243 -10.33541110063792 0
40.017842905403874 -10.32927769777488 0
40.11868174703804 -10.32309414292951 0
40.21951876712385 -10.316860566376759 0
40.32035395330766 -10.310577097725169 0
40.42118729329281 -10.304243865921139 0
40.52201877483937 -10.29786099925311 0
40.62284838576369 -10.291428625355772 0
40.72367611393808 -10.284946871214155 0
40.82450194729046 -10.278415863167703 0
40.92532587380398 -10.271835726914325 0
41.02614788151669 -10.265206587514351 0
41.12696795852118 -10.258528569394498 0
41.22778609296422 -10.251801796351753 0
41.32860227304648 -10.24502639155723 0
41.42941648702207 -10.238202477559987 0
41.53022872319832 -10.23133017629079 0
41.63103896993536 -10.224409609065857 0
41.73184721564584 -10.217440896590524 0
41.83265344879455 -10.210424158962915 0
41.933457657898124 -10.203359515677555 0
42.034259831524665 -10.196247085628912 0
42.13505995829349 -10.189086987114973 0
42.23585802687474 -10.1818793378407 0
42.33665402598908 -10.174624254921504 0
42.43744794440737 -10.167321854886676 0
42.53823977095037 -10.15997225368276 0
42.6390294944884 -10.152575566676894 0
42.73981710394103 -10.145131908660144 0
42.84060258827675 -10.137641393850757 0
42.94138593651271 -10.13010413589743 0
43.04216713771434 -10.1225202478825 0
43.14294618099509 -10.114889842325125 0
43.24372305551611 -10.107213031184436 0
43.344497750485964 -10.099489925862631 0
43.445270255160274 -10.091720637208068 0
43.54604055884149 -10.083905275518296 0
43.64680865087853 -10.076043950543067 0
43.74757452066653 -10.068136771487357 0
43.84833815764652 -10.060183847014242 0
43.94909955130513 -10.052185285247905 0
44.04985869117431 -10.04414119377647 0
44.15061556683103 -10.036051679654873 0
44.251370167897 -10.027916849407712 0
44.35212248403839 -10.01973680903204 0
44.45287250496549 -10.011511664000132 0
44.553620220432514 -10.003241519262247 0
44.65436562023725 -9.994926479249337 0
44.755108694220795 -9.986566647875742 0
44.85584943226728 -9.978162128541857 0
44.956587824303604 -9.969713024136745 0
45.05732386029912 -9.9612194370408 0
45.1580575302654 -9.952681469128274 0
45.258788824255966 -9.944099221769875 0
45.35951773236594 -9.935472795835281 0
45.460244244731875 -9.92680229169566 0
45.56096835153142 -9.918087809226142 0
45.66169004298308 -9.909329447808283 0
45.762409309345934 -9.9005273063325 0
45.86312614091938 -9.89168148320049 0
45.963840528042844 -9.882792076327588 0
46.064552461095566 -9.873859183145168 0
46.16526193049631 -9.864882900602948 0
46.26596892670307 -9.855863325171335 0
46.36667344021288 -9.846800552843703 0
46.46737546156152 -9.837694679138663 0
46.568074981323235 -9.828545799102335 0
46.66877199011053 -9.819354007310535 0
46.76946647857387 -9.810119397871036 0
46.87015843740146 -9.800842064425709 0
46.97084785731899 -9.791522100152699 0
47.071534729089336 -9.782159597768578 0
47.172219043512406 -9.772754649530466 0
47.27290079142478 -9.763307347238118 0
47.373579963699555 -9.75381778223603 0
47.47425655124604 -9.74428604541548 0
47.57493054500955 -9.734712227216583 0
47.67560193597112 -9.725096417630319 0
47.776270715147305 -9.715438706200521 0
47.876936873589926 -9.705739182025876 0
47.9776004023858 -9.695997933761877 0
48.07826129265653 -9.686215049622797 0
48.178919535558265 -9.67639061738359 0
48.279575122281464 -9.666524724381814 0
48.38022804405065 -9.656617457519532 0
48.48087829212415 -9.64666890326518 0
48.58152585779392 -9.636679147655428 0
48.68217073238527 -9.62664827629703 0
48.782812907256634 -9.616576374368627 0
48.88345237379934 -9.606463526622575 0
48.984089123437386 -9.596309817386736 0
49.084723147627216 -9.586115330566228 0
49.185354437857484 -9.57588014964523 0
49.285982985648815 -9.56560435768866 0
49.38660878255359 -9.555288037343972 0
49.48723182015572 -9.544931270842799 0
49.58785209007041 -9.534534140002702 0
49.68846958394397 -9.524096726228814 0
49.789084293453534 -9.513619110515522 0
49.88969621030688 -9.503101373448112 0
49.990305326242215 -9.492543595204397 0
50.09091163302789 -9.481945855556345 0
50.191515122462285 -9.471308233871687 0
50.29211578637347 -9.460630809115477 0
50.3927136166191 -9.449913659851719 0
50.49330860508612 -9.439156864244886 0
50.59390074369057 -9.428360500061487 0
50.69449002437737 -9.417524644671598 0
50.79507643912014 -9.406649375050383 0
50.89565997992091 -9.395734767779597 0
50.99624063880997 -9.384780899049089 0
51.096818407845646 -9.373787844658269 0
51.197393279114046 -9.362755680017589 0
51.29796524472893 -9.351684480149991 0
51.3985342968314 -9.340574319692344 0
51.49910042758976 -9.329425272896883 0
51.59966362919932 -9.318237413632627 0
51.70022389388211 -9.307010815386763 0
51.80078121388674 -9.29574555126606 0
51.90133558148816 -9.28444169399825 0
52.00188698898748 -9.273099315933367 0
52.102435428711736 -9.261718489045137 0
52.20298089301372 -9.250299284932314 0
52.30352337427171 -9.238841774819987 0
52.40406286488937 -9.227346029560938 0
52.50459935729545 -9.215812119636926 0
52.605132843943615 -9.204240115160003 0
52.70566331731229 -9.192630085873786 0
52.80619076990438 -9.180982101154743 0
52.90671519424714 -9.16929623001346 0
53.00723658289193 -9.15757254109588 0
53.10775492841402 -9.145811102684577 0
53.208270223412434 -9.134011982699954 0
53.308782460509704 -9.122175248701506 0
53.40929163235168 -9.110300967888987 0
53.509797731607364 -9.098389207103649 0
53.61030075096869 -9.086440032829428 0
53.710800683150325 -9.074453511194106 0
53.811297520889475 -9.062429707970503 0
53.91179125694574 -9.05036868857764 0
54.01228188410082 -9.03827051808189 0
54.11276939515843 -9.026135261198103 0
54.21325378294404 -9.013962982290773 0
54.31373504030468 -9.001753745375133 0
54.414213160108815 -8.989507614118292 0
54.51468813524608 -8.977224651840311 0
54.61515995862713 -8.96490492151535 0
54.715628623183456 -8.952548485772702 0
54.81609412186713 -8.940155406897906 0
54.91655644765072 -8.927725746833806 0
55.01701559352704 -8.915259567181609 0
55.117471552508945 -8.902756929201953 0
55.21792431762918 -8.890217893815917 0
55.31837388194023 -8.877642521606106 0
55.41882023851402 -8.86503087281763 0
55.51926338044184 -8.852383007359164 0
55.61970330083411 -8.839698984803913 0
55.720139992820194 -8.826978864390668 0
55.82057344954824 -8.814222705024756 0
55.92100366418498 -8.801430565279045 0
56.021430629915535 -8.788602503394912 0
56.12185433994327 -8.775738577283247 0
56.22227478748957 -8.762838844525362 0
56.3226919657937 -8.74990336237399 0
56.42310586811258 -8.736932187754206 0
56.52351648772061 -8.723925377264393 0
56.623923817909585 -8.710882987177149 0
56.72432785198834 -8.697805073440213 0
56.824728583282734 -8.684691691677411 0
56.92512600513536 -8.67154289718953 0
57.02552011090544 -8.658358744955263 0
57.12591089396861 -8.645139289632047 0
57.22629834771674 -8.631884585557009 0
57.3266824655578 -8.618594686747821 0
57.4270632409156 -8.605269646903578 0
57.52744066722971 -8.591909519405663 0
57.62781473795523 -8.578514357318621 0
57.728185446562605 -8.565084213391001 0
57.82855278653749 -8.55161914005621 0
57.928916751380534 -8.538119189433363 0
58.029277334607244 -8.524584413328096 0
58.12963452974779 -8.511014863233411 0
58.22998833034681 -8.497410590330512 0
58.330338729963316 -8.483771645489586 0
58.430685722170416 -8.470098079270635 0
58.531029300555225 -8.45638994192429 0
58.63136945871864 -8.442647283392573 0
58.731706190275204 -8.428870153309727 0
58.83203948885291 -8.415058601002976 0
58.93236934809305 -8.40121267549332 0
59.03269576165005 -8.387332425496291 0
59.133018723191256 -8.373417899422735 0
59.233338226396825 -8.359469145379581 0
59.33365426495949 -8.345486211170565 0
59.43396683258446 -8.331469144297014 0
59.53427592298921 -8.317417991958571 0
59.63458152990331 -8.303332801053944 0
59.73488364706828 -8.289213618181641 0
59.83518226823741 -8.275060489640678 0
59.935477387175574 -8.26087346143133 0
60.03576899765911 -8.246652579255837 0
60.136057093475614 -8.232397888519094 0
60.2363416684238 -8.218109434329396 0
60.33662271631329 -8.20378726149911 0
60.43690023096452 -8.1894314145454 0
60.53717420620849 -8.175041937690866 0
60.63744463588668 -8.160618874864294 0
60.73771151385085 -8.146162269701291 0
60.83797483396284 -8.131672165544977 0
60.93823459009447 -8.117148605446669 0
61.03849077612734 -8.102591632166515 0
61.138743385952665 -8.088001288174176 0
61.23899241347115 -8.073377615649491 0
61.339237852592774 -8.058720656483107 0
61.439479697236656 -8.044030452277136 0
61.539717941330885 -8.0293070443458 0
61.6399525788124 -8.014550473716064 0
61.74018360362672 -7.999760781128263 0
61.84041100972794 -7.984938007036754 0
61.94063479107841 -7.970082191610508 0
62.0408549416487 -7.95519337473375 0
62.141071455417375 -7.940271596006562 0
62.24128432637084 -7.925316894745511 0
62.34149354850319 -7.910329309984235 0
62.441699115816064 -7.895308880474047 0
62.541901022318456 -7.8802556446845555 0
62.6420992620266 -7.865169640804227 0
62.74229382896374 -7.850050906740991 0
62.84248471716004 -7.834899480122829 0
62.94267192065243 -7.819715398298337 0
63.04285543348437 -7.804498698337323 0
63.14303524970576 -7.7892494170313675 0
63.24321136337279 -7.7739675908943955 0
63.34338376854771 -7.758653256163236 0
63.44355245929878 -7.7433064487981875 0
63.543717429699996 -7.727927204483577 0
63.64387867383105 -7.712515558628305 0
63.744036185777055 -7.6970715463664074 0
63.844189959628515 -7.681595202557578 0
63.94433998948106 -7.66608656178773 0
64.04448626943535 -7.65054565836953 0
64.14462879359694 -7.634972526342927 0
64.24476755607603 -7.619367199475679 0
64.3449025509874 -7.603729711263889 0
64.44503377245027 -7.588060094932528 0
64.54516121458803 -7.57235838343594 0
64.64528487152822 -7.55662460945837 0
64.7454047374023 -7.540858805414483 0
64.8455208063455 -7.525061003449847 0
64.9456330724967 -7.509231235441463 0
65.04574152999825 -7.49336953299826 0
65.14584617299583 -7.477475927461585 0
65.24594699563828 -7.461550449905705 0
65.34604399207747 -7.4455931311383035 0
65.44613715646817 -7.429604001700953 0
65.5462264829678 -7.41358309186962 0
65.6463119657364 -7.397530431655131 0
65.74639359893641 -7.3814460508036515 0
65.84647137673255 -7.3653299787971775 0
65.94654529329162 -7.349182244853984 0
66.04661534278242 -7.333002877929114 0
66.1466815193755 -7.316791906714834 0
66.24674381724317 -7.300549359641096 0
66.34680223055916 -7.284275264876011 0
66.44685675349862 -7.267969650326275 0
66.54690738023788 -7.251632543637656 0
66.64695410495436 -7.2352639721954315 0
66.74699692182638 -7.2188639631248215 0
66.847035825033 -7.20243254329146 0
66.94707080875395 -7.185969739301822 0
67.0471018671694 -7.16947557750365 0
67.14712899445983 -7.152950083986423 0
67.24715218480593 -7.136393284581757 0
67.34717143238834 -7.119805204863846 0
67.44718673138766 -7.103185870149899 0
67.54719807598417 -7.086535305500546 0
67.64720546035775 -7.069853535720292 0
67.7472088786877 -7.053140585357894 0
67.84720832515261 -7.0363964787067985 0
67.94720379393021 -7.019621239805569 0
68.04719527919725 -7.002814892438268 0
68.14718277512928 -6.985977460134896 0
68.24716627590057 -6.969108966171767 0
68.34714577568398 -6.952209433571934 0
68.44712126865072 -6.935278885105579 0
68.5470927489703 -6.918317343290415 0
68.64706021081032 -6.901324830392078 0
68.74702364833641 -6.884301368424523 0
68.84698305571196 -6.867246979150416 0
68.94693842709808 -6.850161684081516 0
69.04688975665337 -6.833045504479069 0
69.1468370385339 -6.815898461354175 0
69.24678026689294 -6.798720575468196 0
69.34671943588086 -6.781511867333109 0
69.446654539645 -6.764272357211884 0
69.5465855723295 -6.74700206511888 0
69.6465125280752 -6.729701010820187 0
69.74643540101945 -6.71236921383402 0
69.846354185296 -6.69500669343106 0
69.9462688750348 -6.677613468634849 0
70.04617946436194 -6.660189558222125 0
70.14608594739946 -6.642734980723186 0
70.24598831826518 -6.625249754422271 0
70.3458865710726 -6.6077338973578845 0
70.44578069993081 -6.590187427323169 0
70.54567069894416 -6.572610361866245 0
70.64555656221238 -6.555002718290568 0
70.74543828383017 -6.537364513655275 0
70.8453158578873 -6.519695764775517 0
70.94518927846828 -6.501996488222828 0
71.04505853965233 -6.484266700325418 0
71.14492363551318 -6.466506417168573 0
71.24478456011897 -6.448715654594936 0
71.34464130753209 -6.4308944282048826 0
71.44449387180902 -6.41304275335682 0
71.54434224700024 -6.395160645167534 0
71.64418642715003 -6.3772481185125285 0
71.74402640629636 -6.359305188026315 0
71.84386217847076 -6.341331868102778 0
71.94369373769815 -6.32332817289548 0
72.04352107799674 -6.305294116317968 0
72.14334419337784 -6.287229712044113 0
72.24316307784576 -6.2691349735084225 0
72.34297772539765 -6.251009913906344 0
72.44278813002336 -6.232854546194583 0
72.54259428570533 -6.21466888309142 0
72.64239618641842 -6.1964529370770185 0
72.74219382612975 -6.178206720393717 0
72.84198719879865 -6.159930245046363 0
72.94177629837637 -6.141623522802584 0
73.04156111880611 -6.1232865651931085 0
73.14134165402281 -6.104919383512074 0
73.24111789795292 -6.086521988817298 0
73.34088984451442 -6.068094391930601 0
73.44065748761659 -6.049636603438083 0
73.54042082115988 -6.031148633690431 0
73.64017983903578 -6.012630492803201 0
73.73993453512671 -5.994082190657112 0
73.83968490330581 -5.975503736898327 0
73.93943093743688 -5.956895140938742 0
74.03917263137421 -5.93825641195629 0
74.13890997896246 -5.91958755889519 0
74.23864297403645 -5.900888590466245 0
74.33837161042113 -5.882159515147141 0
74.43809588193137 -5.86340034118269 0
74.53781578237187 -5.844611076585117 0
74.63753130553692 -5.82579172913437 0
74.73724244521047 -5.806942306378331 0
74.83694919516574 -5.788062815633143 0
74.9366515491653 -5.7691532639834575 0
75.03634950096078 -5.750213658282688 0
75.13604304429283 -5.731244005153311 0
75.23573217289093 -5.7122443109871135 0
75.3354168804733 -5.69321458194545 0
75.43509716074671 -5.6741548239595145 0
75.53477300740639 -5.655065042730604 0
75.63444441413586 -5.635945243730387 0
75.73411137460683 -5.616795432201134 0
75.83377388247902 -5.597615613155988 0
75.93343193140011 -5.578405791379247 0
76.03308551500547 -5.559165971426568 0
76.13273462691812 -5.539896157625251 0
76.23237926074862 -5.5205963540745016 0
76.33201941009484 -5.501266564645651 0
76.4316550685419 -5.481906792982409 0
76.531286229662 -5.462517042501142 0
76.63091288701432 -5.443097316391075 0
76.73053503414481 -5.423647617614583 0
76.83015266458617 -5.404167948907381 0
76.92976577185762 -5.384658312778819 0
77.02937434946479 -5.365118711512072 0
77.12897839089962 -5.345549147164426 0
77.22857788964018 -5.3259496215674895 0
77.32817283915058 -5.306320136327425 0
77.4277632328808 -5.286660692825202 0
77.52734906426659 -5.266971292216834 0
77.62693032672928 -5.247251935433573 0
77.7265070136757 -5.227502623182193 0
77.82607911849804 -5.207723355945186 0
77.92564663457372 -5.187914133981006 0
78.0252095552652 -5.1680749573242855 0
78.12476787391994 -5.148205825786073 0
78.22432158387016 -5.128306738954046 0
78.32387067843285 -5.10837769619276 0
78.42341515090948 -5.088418696643833 0
78.52295499458593 -5.068429739226208 0
78.62249020273245 -5.048410822636338 0
78.72202076860339 -5.02836194534844 0
78.8215466854371 -5.008283105614677 0
78.92106794645588 -4.9881743014654045 0
79.02058454486574 -4.968035530709374 0
79.12009647385635 -4.947866790933944 0
79.21960372660087 -4.927668079505311 0
79.31910629625578 -4.9074393935686995 0
79.41860417596085 -4.887180730048595 0
79.51809735883893 -4.866892085648928 0
79.6175858379958 -4.846573456853317 0
79.71706960652017 -4.82622483992525 0
79.81654865748332 -4.805846230908303 0
79.91602298393924 -4.7854376256263444 0
80.01549257892427 -4.764999019683739 0
80.1149574354571 -4.744530408465565 0
80.2144175465386 -4.724031787137779 0
80.31387290515167 -4.703503150647466 0
80.41332350426114 -4.68294449372302 0
80.51276933681368 -4.6623558108743275 0
80.61221039573749 -4.641737096392989 0
80.71164667394243 -4.6210883443525095 0
80.81107816431968 -4.600409548608503 0
80.91050485974172 -4.579700702798865 0
81.00992675306216 -4.558961800343994 0
81.10934383711557 -4.538192834446974 0
81.20875610471748 -4.51739379809376 0
81.3081635486641 -4.496564684053396 0
81.40756616173228 -4.475705484878177 0
81.50696393667931 -4.454816192903836 0
81.60635686624295 -4.433896800249773 0
81.70574494314106 -4.412947298819205 0
81.80512816007166 -4.391967680299373 0
81.90450650971273 -4.370957936161715 0
82.00387998472209 -4.349918057662054 0
82.10324857773725 -4.328848035840801 0
82.2026122813753 -4.307747861523112 0
82.3019710882328 -4.286617525319096 0
82.40132499088563 -4.265457017623967 0
82.50067398188882 -4.244266328618254 0
82.60001805377651 -4.223045448267969 0
82.69935719906175 -4.201794366324778 0
82.79869141023642 -4.180513072326198 0
82.89802067977101 -4.159201555595757 0
82.99734500011465 -4.137859805243182 0
83.0966643636948 -4.11648781016457 0
83.19597876291728 -4.0950855590425554 0
83.29528819016602 -4.073653040346511 0
83.394592637803 -4.052190242332691 0
83.49389209816813 -4.030697153044407 0
83.59318656357907 -4.0091737603122235 0
83.69247602633114 -3.987620051754104 0
83.79176047869713 -3.9660360147755953 0
83.89103991292731 -3.944421636569985 0
83.99031432124916 -3.922776904118483 0
84.0895836958673 -3.90110180419038 0
84.18884802896336 -3.879396323343218 0
84.2881073126959 -3.8576604479229464 0
84.38736153920011 -3.8358941640641144 0
84.48661070058795 -3.81409745769 0
84.58585478894778 -3.7922703145128014 0
84.68509379634438 -3.77041272003378 0
84.78432771481876 -3.748524659543447 0
84.88355653638803 -3.7266061181216905 0
84.98278025304529 -3.7046570806379733 0
85.08199885675957 -3.682677531751477 0
85.18121233947554 -3.660667455911246 0
85.2804206931135 -3.638626837356357 0
85.37962390956929 -3.616555660116106 0
85.47882198071403 -3.5944539080101032 0
85.57801489839413 -3.572321564648505 0
85.67720265443106 -3.5501586134320897 0
85.77638524062125 -3.527965037552476 0
85.87556264873605 -3.5057408199922584 0
85.97473487052144 -3.4834859435251477 0
86.07390189769806 -3.4612003907161197 0
86.173063721961 -3.4388841439216016 0
86.27222033497969 -3.416537185289597 0
86.37137172839776 -3.3941594967598423 0
86.47051789383295 -3.371751060063935 0
86.56965882287695 -3.3493118567255427 0
86.6687945070953 -3.3268418680604803 0
86.76792493802726 -3.304341075176922 0
86.86705010718565 -3.281809458975489 0
86.96617000605676 -3.259247000149431 0
87.06528462610021 -3.236653679184806 0
87.16439395874886 -3.2140294763605257 0
87.26349799540858 -3.191374371748616 0
87.3625967274583 -3.1686883452142816 0
87.46169014624968 -3.145971376416064 0
87.56077824310715 -3.1232234448060234 0
87.6598610093277 -3.1004445296298497 0
87.75893843618078 -3.0776346099269922 0
87.85801051490817 -3.0547936645308296 0
87.95707723672385 -3.0319216720687945 0
88.05613859281387 -3.0090186109625123 0
88.15519457433626 -2.9860844594279574 0
88.2542451724209 -2.9631191954755756 0
88.35329037816928 -2.9401227969104218 0
88.45233018265458 -2.917095241332306 0
88.55136457692136 -2.894036506135929 0
88.65039355198554 -2.8709465685110063 0
88.74941709883429 -2.84782540544244 0
88.84843520842576 -2.8246729937103994 0
88.94744787168914 -2.8014893098905036 0
89.0464550795244 -2.7782743303539372 0
89.14545682280229 -2.7550280312675715 0
89.24445309236407 -2.731750388594119 0
89.34344387902146 -2.7084413780922576 0
89.44242917355658 -2.6851009753167614 0
89.54140896672169 -2.661729155618634 0
89.64038324923919 -2.638325894145241 0
89.73935201180142 -2.614891165840419 0
89.83831524507053 -2.5914249454446523 0
89.93727293967844 -2.56792720749516 0
90.03622508622662 -2.544397926326026 0
90.13517167528603 -2.520837076068366 0
90.23411269739694 -2.4972446306504197 0
90.3330481430689 -2.4736205637976747 0
90.43197800278047 -2.449964849033024 0
90.53090226697927 -2.426277459676856 0
90.62982092608169 -2.4025583688472287 0
90.72873397047293 -2.3788075494599257 0
90.8276413905067 -2.3550249742286526 0
90.92654317650525 -2.331210615665109 0
91.02543931875915 -2.3073644460791387 0
91.12432980752726 -2.2834864375788504 0
91.22321463303646 -2.259576562070731 0
91.3220937854817 -2.23563479125976 0
91.42096725502572 -2.211661096649573 0
91.51983503179903 -2.187655449542531 0
91.6186971058998 -2.163617821039871 0
91.71755346739361 -2.139548182041822 0
91.81640410631347 -2.115446503247721 0
91.9152490126596 -2.0913127551561312 0
92.0140881763994 -2.0671469080649563 0
92.1129215874672 -2.042948932071594 0
92.21174923576426 -2.018718797072991 0
92.31057111115858 -1.9944564727658178 0
92.4093872034848 -1.9701619286465581 0
92.50819750254405 -1.9458351340116347 0
92.60700199810388 -1.9214760579575079 0
92.70580067989809 -1.897084669380828 0
92.80459353762663 -1.8726609369785034 0
92.90338056095545 -1.84820482924787 0
93.00216173951644 -1.8237163144867488 0
93.10093706290725 -1.7991953607935967 0
93.19970652069117 -1.7746419360676133 0
93.29847010239703 -1.7500560080088532 0
93.39722779751911 -1.7254375441183234 0
93.49597959551691 -1.7007865116981287 0
93.59472548581516 -1.6761028778515423 0
93.6934654578036 -1.6513866094831637 0
93.79219950083689 -1.62663767329899 0
93.89092760423455 -1.6018560358065395 0
93.98964975728069 -1.5770416633149678 0
94.08836594922406 -1.5521945219351685 0
94.18707616927782 -1.5273145775799135 0
94.28578040661941 -1.5024017959639002 0
94.38447865039052 -1.4774561426039252 0
94.48317088969688 -1.4524775828189496 0
94.58185711360818 -1.427466081730224 0
94.68053731115793 -1.4024216042614064 0
94.77921147134337 -1.3773441151386285 0
94.87787958312532 -1.352233578890661 0
94.97654163542806 -1.3270899598489685 0
95.07519761713921 -1.3019132221478535 0
95.17384751710964 -1.2767033297245287 0
95.27249132415328 -1.251460246319245 0
95.37112902704709 -1.226183935475392 0
95.46976061453086 -1.2008743605395957 0
95.56838607530713 -1.1755314846618337 0
95.66700539804107 -1.1501552707955265 0
95.76561857136033 -1.1247456816976606 0
95.86422558385496 -1.0993026799288568 0
95.96282642407724 -1.073826227853495 0
96.06142108054159 -1.0483162876398457 0
96.1600095417245 -1.0227728212601122 0
96.25859179606428 -0.9971957904905694 0
96.35716783196105 -0.9715851569116595 0
96.45573763777661 -0.9459408819080942 0
96.55430120183422 -0.9202629266689416 0
96.65285851241866 -0.8945512521877512 0
96.7514095577759 -0.8688058192626376 0
96.84995432611315 -0.8430265884963626 0
96.94849280559865 -0.8172135202964812 0
97.04702498436158 -0.7913665748753969 0
97.14555085049193 -0.7654857122504792 0
97.24407039204037 -0.7395708922441677 0
97.34258359701818 -0.7136220744840464 0
97.44109045339702 -0.6876392184029644 0
97.53959094910898 -0.6616222832391337 0
97.63808507204632 -0.6355712280362092 0
97.73657281006135 -0.6094860116433952 0
97.83505415096641 -0.5833665927155283 0
97.93352908253368 -0.557212929713217 0
98.03199759249507 -0.5310249809028833 0
98.1304596685421 -0.5048027043568656 0
98.2289152983258 -0.47854605795357136 0
98.32736446945655 -0.4522549993774986 0
98.42580716950403 -0.42592948611936376 0
98.524243385997 -0.39956947547620014 0
98.62267310642329 -0.3731749245514478 0
98.72109631822958 -0.34674579025503766 0
98.81951300882137 -0.3202820293034912 0
98.91792316556281 -0.29378359822002714 0
99.01632677577658 -0.2672504533346218 0
99.11472382674377 -0.2406825507841265 0
99.21311430570378 -0.21407984651237183 0
99.31149819985421 -0.1874422962702111 0
99.40987549635074 -0.1607698556156526 0
99.50824618230692 -0.1340624799139622 0
99.6066102447942 -0.10732012433769958 0
99.70496767084171 -0.08054274386686737 0
99.80331844743617 -0.053730293288960285 0
99.90166256152175 -0.02688272719907283 0
100.0 1.9745555026553708e-15 0
