60.0 180.0 0
59.94383515451839 180.03168092278307 0
59.887642044234376 180.06330425636406 0
59.831420713726644 180.09487002959716 0
59.77517120747086 180.12637827115088 0
59.718893569840205 180.15782900950782 0
59.662587845105826 180.18922227296443 0
59.6062540774374 180.2205580896308 0
59.54989231090361 180.25183648743047 0
59.49350258947268 180.2830574941001 0
59.4370849570129 180.31422113718938 0
59.38063945729307 180.34532744406067 0
59.324166133983105 180.37637644188894 0
59.26766503065448 180.40736815766138 0
59.21113619078078 180.43830261817726 0
59.154579657738225 180.46917985004774 0
59.09799547480614 180.4999998796956 0
59.04138368516753 180.53076273335498 0
58.984744331909575 180.56146843707126 0
58.928077458024134 180.59211701670074 0
58.87138310640829 180.62270849791057 0
58.814661319864854 180.65324290617826 0
58.75791214110292 180.68372026679177 0
58.701135612738334 180.71414060484906 0
58.64433177729427 180.74450394525797 0
58.58750067720172 180.77481031273607 0
58.53064235480006 180.8050597318102 0
58.47375685233751 180.83525222681655 0
58.416844211971735 180.8653878219002 0
58.359904475770335 180.89546654101514 0
58.302937685711356 180.92548840792375 0
58.245943883683886 180.95545344619686 0
58.1889231114885 180.98536167921338 0
58.13187541083787 181.01521313016016 0
58.074800823357236 181.0450078220317 0
58.01769939058498 181.07474577762997 0
57.96057115397315 181.10442701956424 0
57.90341615488798 181.1340515702508 0
57.84623443461044 181.16361945191272 0
57.789026034336764 181.1931306865798 0
57.73179099517901 181.22258529608808 0
57.67452935816558 181.25198330207994 0
57.61724116424173 181.28132472600365 0
57.559926454270176 181.3106095891132 0
57.50258526903158 181.3398379124682 0
57.4452176492251 181.36900971693356 0
57.38782363546896 181.3981250231793 0
57.330403268300984 181.42718385168033 0
57.2729565881791 181.45618622271627 0
57.215483635481945 181.48513215637126 0
57.15798445050935 181.51402167253363 0
57.10045907348295 181.54285479089583 0
57.04290754454669 181.57163153095416 0
56.985329903767365 181.60035191200848 0
56.92772619113519 181.62901595316217 0
56.87009644656436 181.65762367332175 0
56.812440709893565 181.68617509119684 0
56.75475902088657 181.71467022529976 0
56.69705141923276 181.74310909394546 0
56.63931794454768 181.77149171525127 0
56.58155863637361 181.7998181071367 0
56.5237735341801 181.8280882873232 0
56.46596267736453 181.85630227333397 0
56.40812610525268 181.8844600824938 0
56.35026385709924 181.91256173192878 0
56.292375972088465 181.94060723856614 0
56.23446248933461 181.96859661913405 0
56.17652344788257 181.99652989016136 0
56.118558886708435 182.02440706797748 0
56.060568844719995 182.0522281687121 0
56.00255336075738 182.07999320829504 0
55.94451247359357 182.10770220245595 0
55.886446221934946 182.13535516672422 0
55.8283546444219 182.16295211642876 0
55.77023777962938 182.19049306669766 0
55.71209566606744 182.21797803245818 0
55.65392834218182 182.2454070284364 0
55.5957358463545 182.2727800691571 0
55.537518216904296 182.3000971689435 0
55.47927549208739 182.3273583419171 0
55.42100771009793 182.3545636019974 0
55.362714909068586 182.38171296290187 0
55.30439712707113 182.40880643814555 0
55.24605440211696 182.43584404104092 0
55.18768677215776 182.46282578469777 0
55.129294275086 182.4897516820229 0
55.07087694873553 182.51662174571996 0
55.012434830882164 182.54343598828922 0
54.95396795924424 182.57019442202747 0
54.89547637148321 182.59689705902767 0
54.83696010520421 182.62354391117884 0
54.77841919795664 182.65013499016587 0
54.71985368723472 182.67667030746924 0
54.6612636104781 182.70314987436493 0
54.60264900507243 182.72957370192415 0
54.544009908349935 182.7559418010131 0
54.48534635758998 182.78225418229292 0
54.42665839001971 182.8085108562193 0
54.36794604281454 182.83471183304246 0
54.309209353098815 182.8608571228068 0
54.25044835794638 182.88694673535085 0
54.191663094381134 182.9129806803069 0
54.13285359937763 182.93895896710097 0
54.074019909861676 182.96488160495252 0
54.015162062710914 182.99074860287428 0
53.956280094755385 183.016559969672 0
53.89737404277816 183.04231571394433 0
53.838443943515884 183.0680158440826 0
53.77948983365939 183.09366036827063 0
53.720511749854296 183.11924929448452 0
53.66150972870158 183.14478263049236 0
53.602483806758165 183.17026038385424 0
53.54343402053755 183.1956825619219 0
53.48436040651036 183.22104917183856 0
53.42526300110495 183.2463602205388 0
53.366141840708025 183.27161571474826 0
53.3069969616652 183.2968156609835 0
53.24782840028162 183.3219600655518 0
53.18863619282256 183.34704893455094 0
53.129420375513995 183.3720822738691 0
53.07018098454322 183.39706008918452 0
53.01091805605946 183.42198238596544 0
52.951631626174425 183.4468491694698 0
52.892321730962976 183.47166044474514 0
52.83298840646365 183.49641621662835 0
52.773631688679316 183.52111648974542 0
52.71425161357778 183.54576126851143 0
52.65484821709236 183.5703505571302 0
52.59542153512249 183.59488435959412 0
52.535971603534335 183.61936267968395 0
52.47649845816142 183.64378552096875 0
52.41700213480519 183.6681528868055 0
52.35748266923564 183.69246478033907 0
52.29794009719192 183.71672120450194 0
52.23837445438297 183.740922162014 0
52.17878577648806 183.7650676553824 0
52.1191740991575 183.7891576869014 0
52.05953945801312 183.81319225865204 0
51.99988188864902 183.8371713725021 0
51.94020142663207 183.86109503010576 0
51.880498107502596 183.88496323290363 0
51.82077196677495 183.90877598212228 0
51.76102303993813 183.93253327877426 0
51.70125136245642 183.9562351236578 0
51.641456969769976 183.97988151735672 0
51.58163989729546 184.00347246024012 0
51.52180018042664 184.02700795246227 0
51.46193785453502 184.0504879939624 0
51.40205295497046 184.07391258446452 0
51.342145517061766 184.09728172347718 0
51.282215576117366 184.12059541029333 0
51.222263167425865 184.14385364399013 0
51.16228832625671 184.16705642342876 0
51.102291087860785 184.19020374725417 0
51.042271487471055 184.213295613895 0
50.982229560303175 184.23633202156327 0
50.922165341556116 184.25931296825425 0
50.86207886641279 184.28223845174634 0
50.80197017004066 184.30510846960075 0
50.741839287592406 184.32792301916135 0
50.68168625420649 184.35068209755454 0
50.62151110500784 184.37338570168902 0
50.56131387510845 184.39603382825558 0
50.501094599608 184.41862647372696 0
50.440853313594495 184.4411636343576 0
50.380590052144925 184.46364530618348 0
50.32030485032582 184.48607148502197 0
50.25999774319394 184.50844216647158 0
50.19966876579692 184.5307573459118 0
50.139317953173844 184.5530170185029 0
50.0789453403559 184.57522117918577 0
50.01855096236706 184.59736982268166 0
49.958134854224625 184.61946294349204 0
49.89769705093995 184.64150053589844 0
49.83723758751901 184.66348259396224 0
49.77675649896308 184.68540911152442 0
49.71625382026935 184.70728008220541 0
49.65572958643157 184.729095499405 0
49.59518383244069 184.75085535630194 0
49.53461659328548 184.77255964585393 0
49.47402790395319 184.79420836079737 0
49.41341779943021 184.81580149364717 0
49.35278631470264 184.8373390366965 0
49.29213348475702 184.85882098201677 0
49.23145934458087 184.88024732145718 0
49.17076392916347 184.9016180466448 0
49.11004727349635 184.92293314898424 0
49.049309412574054 184.94419261965743 0
48.98855038139472 184.96539644962343 0
48.92777021496074 184.9865446296184 0
48.86696894827942 185.00763715015526 0
48.80614661636362 185.02867400152346 0
48.745303254232375 185.04965517378895 0
48.684438896911594 185.0705806567938 0
48.62355357943467 185.0914504401562 0
48.56264733684313 185.11226451327013 0
48.50172020418731 185.13302286530524 0
48.44077221652697 185.1537254852066 0
48.379803408932 185.1743723616945 0
48.318813816482994 185.1949634832644 0
48.257803474271974 185.21549883818653 0
48.196772417403025 185.2359784145059 0
48.13572068099292 185.25640220004186 0
48.07464830017179 185.27677018238822 0
48.013555310083795 185.2970823489128 0
47.95244174588778 185.31733868675727 0
47.8913076427579 185.33753918283713 0
47.830153035884315 185.3576838238413 0
47.76897796047381 185.37777259623212 0
47.707782451750504 185.39780548624492 0
47.646566544956436 185.41778247988807 0
47.58533027535233 185.43770356294263 0
47.52407367821814 185.4575687209622 0
47.462796788853794 185.4773779392727 0
47.40149964257982 185.4971312029723 0
47.340182274738034 185.51682849693097 0
47.27884472069215 185.53646980579052 0
47.217487015828524 185.55605511396428 0
47.156109195556745 185.575584405637 0
47.094711295310354 185.59505766476448 0
47.03329335054746 185.61447487507357 0
46.971855396751465 185.63383602006184 0
46.91039746943168 185.6531410829974 0
46.84891960412401 185.67239004691876 0
46.78742183639165 185.6915828946346 0
46.72590420182572 185.71071960872348 0
46.66436673604595 185.7298001715338 0
46.602809474701324 185.74882456518347 0
46.54123245347081 185.76779277155978 0
46.479635708063995 185.78670477231918 0
46.418019274221734 185.805560548887 0
46.35638318771687 185.82436008245742 0
46.2947274843549 185.84310335399306 0
46.233052199974615 185.86179034422494 0
46.17135737044882 185.8804210336522 0
46.109643031684975 185.89899540254186 0
46.04790921962591 185.91751343092875 0
45.98615597025046 185.93597509861516 0
45.924383319574176 185.95438038517068 0
45.86259130364999 185.97272926993202 0
45.80077995856892 185.99102173200274 0
45.738949320460684 186.00925775025314 0
45.67709942549447 186.02743730331994 0
45.61523030987955 186.04556036960622 0
45.55334200986601 186.06362692728095 0
45.491434561745386 186.0816369542791 0
45.4295080018514 186.09959042830118 0
45.367562366560605 186.11748732681315 0
45.305597692293084 186.13532762704617 0
45.243614015513145 186.15311130599633 0
45.18161137273001 186.17083834042464 0
45.11958980049847 186.1885087068565 0
45.05754933541962 186.2061223815818 0
44.995490014141524 186.22367934065443 0
44.9334118733599 186.2411795598923 0
44.87131494981882 186.25862301487695 0
44.80919928031141 186.27600968095342 0
44.747064901680545 186.29333953322998 0
44.68491185081949 186.31061254657797 0
44.62274016467267 186.3278286956315 0
44.56054988023632 186.3449879547873 0
44.498341034559196 186.36209029820446 0
44.43611366474325 186.37913569980424 0
44.373867807944364 186.39612413326972 0
44.31160350137303 186.41305557204583 0
44.249320782294994 186.42992998933883 0
44.18701968803207 186.4467473581163 0
44.124700255962765 186.46350765110682 0
44.06236252352295 186.48021084079974 0
44.000006528206654 186.49685689944494 0
43.93763230756668 186.51344579905268 0
43.87523989921538 186.5299775113933 0
43.81282934082529 186.54645200799692 0
43.75040067012988 186.5628692601534 0
43.687953924924265 186.57922923891195 0
43.62548914306587 186.59553191508087 0
43.56300636247518 186.61177725922747 0
43.500505621136426 186.62796524167769 0
43.437986957098296 186.64409583251592 0
43.37545040847465 186.66016900158473 0
43.31289601344523 186.67618471848473 0
43.25032381025637 186.69214295257416 0
43.18773383722169 186.70804367296876 0
43.12512613272287 186.7238868485415 0
43.062500735210264 186.73967244792237 0
42.99985768320373 186.75540043949806 0
42.937197015293236 186.77107079141172 0
42.874518770139666 186.78668347156284 0
42.81182298647549 186.80223844760678 0
42.749109703105475 186.81773568695473 0
42.68637895890744 186.83317515677334 0
42.62363079283296 186.84855682398447 0
42.560865243908076 186.86388065526495 0
42.49808235123402 186.8791466170464 0
42.435282153987934 186.8943546755148 0
42.372464691423644 186.9095047966104 0
42.309630002872304 186.92459694602738 0
42.24677812774316 186.93963108921358 0
42.183909105524314 186.95460719137026 0
42.121022975783376 186.96952521745183 0
42.05811977816824 186.98438513216558 0
41.99519955240781 186.99918689997148 0
41.932262338312725 187.0139304850817 0
41.86930817577608 187.02861585146061 0
41.806337104774165 187.04324296282434 0
41.74334916536722 187.05781178264056 0
41.68034439770012 187.07232227412814 0
41.61732284200315 187.086774400257 0
41.55428453859273 187.10116812374775 0
41.491229527872164 187.11550340707134 0
41.42815785033233 187.1297802124489 0
41.36506954655248 187.14399850185143 0
41.30196465720097 187.15815823699947 0
41.238843223035936 187.17225937936283 0
41.17570528490611 187.18630189016034 0
41.11255088375154 187.2002857303595 0
41.049380060604314 187.21421086067622 0
40.986192856589355 187.2280772415745 0
40.9229893129251 187.24188483326623 0
40.85994944929228 187.25563367114566 0
40.79923983327495 187.26934046399666 0
40.73852666075416 187.28301793143248 0
40.67780994013169 187.2966660463301 0
40.61708967982358 187.31028478126353 0
40.556365888260316 187.32387410850333 0
40.49563857388706 187.33743400001617 0
40.43490774516378 187.35096442746425 0
40.37417341056552 187.36446536220495 0
40.31343557858255 187.37793677529027 0
40.25269425772058 187.39137863746632 0
40.19194945650097 187.40479091917288 0
40.13120118346093 187.41817359054292 0
40.07044944715369 187.431526621402 0
40.009694256148734 187.44484998126794 0
39.94893561903199 187.45814363935006 0
39.88817354440603 187.47140756454894 0
39.82740804089026 187.4846417254558 0
39.76663911712115 187.49784609035186 0
39.705866781752405 187.51102062720804 0
39.6450910434552 187.52416530368433 0
39.584311910918366 187.53728008712918 0
39.52352939284857 187.55036494457917 0
39.46274349797058 187.5634198427583 0
39.4019542350274 187.57644474807753 0
39.34116161278054 187.58943962663423 0
39.28036564001016 187.60240444421163 0
39.21956632551533 187.61533916627832 0
39.1587636781142 187.62824375798758 0
39.09795770664422 187.64111818417697 0
39.03714841996236 187.65396240936767 0
38.976335826945274 187.66677639776395 0
38.91551993648959 187.67956011325265 0
38.854700757512006 187.69231351940246 0
38.79387829894962 187.70503657946355 0
38.73305256976002 187.71772925636688 0
38.67222357892162 187.73039151272354 0
38.61139133543374 187.74302331082433 0
38.55055584831691 187.7556246126391 0
38.48971712661309 187.76819537981615 0
38.42887517938577 187.7807355736815 0
38.36803001572032 187.79324515523862 0
38.30718164472412 187.80572408516744 0
38.24633007552678 187.81817232382403 0
38.185475317280385 187.83058983123982 0
38.12461737915969 187.84297656712107 0
38.063756270362326 187.85533249084813 0
38.00289200010905 187.86765756147497 0
37.94202457764391 187.87995173772845 0
37.88115401223452 187.89221497800767 0
37.820280313172205 187.90444724038338 0
37.7594034897723 187.91664848259728 0
37.69852355137432 187.92881866206145 0
37.63764050734216 187.94095773585758 0
37.576754367064375 187.95306566073643 0
37.51586513995435 187.96514239311705 0
37.45497283545052 187.97718788908625 0
37.39407746301664 187.98920210439775 0
37.33317903214197 188.00118499447163 0
37.27227755234146 188.01313651439364 0
37.21137303315605 188.02505661891442 0
37.150465484152846 188.0369452624489 0
37.08955491492536 188.04880239907558 0
37.02864133509371 188.06062798253575 0
36.96772475430488 188.0724219662329 0
36.90680518223293 188.08418430323192 0
36.845882628579204 188.09591494625838 0
36.784957103072585 188.1076138476979 0
36.724028615469706 188.1192809595953 0
36.66309717555519 188.13091623365392 0
36.60216279314186 188.14251962123484 0
36.541225478070984 188.15409107335626 0
36.4802852402125 188.16563054069255 0
36.41934208946525 188.17713797357365 0
36.3583960357572 188.18861332198423 0
36.29744708904569 188.20005653556296 0
36.236495259317635 188.21146756360176 0
36.1755405565898 188.22284635504488 0
36.114582990909014 188.23419285848826 0
36.053622572352374 188.2455070221787 0
35.992659311027545 188.2567887940131 0
35.93169321707294 188.26803812153747 0
35.87072430065796 188.2792549519464 0
35.809752571983296 188.290439232082 0
35.74877804128107 188.30159090843324 0
35.68780071881514 188.31270992713505 0
35.626820614881325 188.32379623396747 0
35.56583773980764 188.33484977435486 0
35.50485210395453 188.34587049336503 0
35.44386371771513 188.35685833570835 0
35.38287259151548 188.36781324573695 0
35.3218787358148 188.37873516744386 0
35.26088216110571 188.38962404446204 0
35.19988287791449 188.4004798200636 0
35.138880896801304 188.41130243715884 0
35.07787622836048 188.42209183829544 0
35.01686888322072 188.43284796565752 0
34.95585887204536 188.44357076106465 0
34.894846205532644 188.4542601659711 0
34.83383089441594 188.46491612146477 0
34.772812949464 188.47553856826633 0
34.71179238148119 188.48612744672826 0
34.650769201307824 188.496682696834 0
34.589743419820294 188.50720425819685 0
34.528715047931435 188.51769207005907 0
34.46768409659069 188.52814607129096 0
34.40665057678443 188.53856620038988 0
34.34561449953616 188.5489523954792 0
34.284575875906846 188.55930459430738 0
34.22353471699509 188.56962273424693 0
34.162491033937435 188.57990675229345 0
34.10144483790861 188.59015658506462 0
34.04039614012181 188.60037216879905 0
33.97934495182893 188.6105534393555 0
33.918291284320844 188.6207003322116 0
33.85723514892768 188.63081278246298 0
33.79617655701903 188.64089072482207 0
33.73511552000429 188.65093409361714 0
33.67405204933288 188.66094282279127 0
33.612986156494514 188.6709168459011 0
33.55191785301946 188.68085609611597 0
33.49084715047886 188.6907605062166 0
33.429774060484924 188.70063000859415 0
33.36869859469127 188.71046453524903 0
33.307620764793135 188.72026401778982 0
33.246540582527714 188.73002838743207 0
33.18545805967438 188.73975757499727 0
33.124373208054955 188.7494515109116 0
33.063286039534056 188.75911012520478 0
33.002196566019286 188.768733347509 0
32.94110479946155 188.7783211070576 0
32.88001075185537 188.787873332684 0
32.8189144352391 188.79738995282045 0
32.757815861695235 188.8068708954968 0
32.696715043350714 188.81631608833936 0
32.63561199237718 188.8257254585696 0
32.57450672099125 188.83509893300294 0
32.513399241454856 188.84443643804752 0
32.452289566075486 188.85373789970288 0
32.39117770720646 188.8630032435588 0
32.330063677247274 188.8722323947939 0
32.26894748864383 188.88142527817445 0
32.207829153888795 188.890581818053 0
32.14670868552183 188.8997019383671 0
32.085586096129916 188.90878556263797 0
32.02446139834763 188.91783261396924 0
31.963334604857504 188.92684301504542 0
31.90220572839023 188.93581668813076 0
31.841074781725002 188.94475355506773 0
31.779941777689864 188.9536535372757 0
31.718806729161916 188.9625165557496 0
31.657669649067707 188.97134253105838 0
31.596530550383484 188.98013138334377 0
31.53538944613551 188.98888303231865 0
31.47424634940038 188.99759739726588 0
31.413101273305347 189.00627439703652 0
31.35195423102858 189.01491395004865 0
31.29080523579951 189.02351597428577 0
31.22965430089917 189.03208038729528 0
31.168501439660446 189.04060710618714 0
31.10734666546843 189.04909604763208 0
31.04618999176075 189.05754712786035 0
30.985031432027853 189.06596026266 0
30.923870999813346 189.07433536737545 0
30.862708708714326 189.08267235690582 0
30.801544572381673 189.09097114570338 0
30.740378604520405 189.099231647772 0
30.679210818890002 189.10745377666544 0
30.6180412293047 189.1156374454859 0
30.556869849633873 189.12378256688217 0
30.4956966938023 189.13188905304813 0
30.43452177579057 189.139956815721 0
30.373345109635363 189.14798576617977 0
30.312166709429786 189.15597581524338 0
30.250986589323748 189.16392687326902 0
30.189804763524286 189.1718388501505 0
30.128621246295864 189.1797116553164 0
30.067436051960787 189.1875451977284 0
30.006249194899475 189.1953393858795 0
29.945060689550857 189.20309412779204 0
29.883870550412706 189.21080933101626 0
29.82267879204198 189.21848490262812 0
29.761485429055185 189.22612074922768 0
29.700290476128714 189.23371677693714 0
29.639093947999218 189.24127289139903 0
29.57789585946395 189.24878899777434 0
29.516696225381136 189.25626500074046 0
29.455495060670327 189.26370080448947 0
29.394292380312763 189.27109631272606 0
29.333088199351735 189.27845142866556 0
29.271882532892963 189.28576605503213 0
29.21067539610495 189.29304009405655 0
29.14946680421937 189.30027344747435 0
29.088256772531416 189.30746601652368 0
29.027045316400198 189.3146177019434 0
28.96583245124911 189.3217284039708 0
28.904618192566208 189.3287980223398 0
28.843402555904596 189.3358264562785 0
28.782185556882794 189.34281360450737 0
28.720967211185155 189.34975936523688 0
28.659747534562214 189.35666363616542 0
28.59852654283111 189.3635263144771 0
28.53730425187596 189.3703472968396 0
28.47608067764825 189.37712647940185 0
28.414855836167245 189.3838637577918 0
28.353629743520397 189.39055902711416 0
28.292402415863705 189.39721218194816 0
28.231173869422168 189.4038231163451 0
28.169944120490154 189.4103917238262 0
28.108713185431824 189.41691789738 0
28.047481080681553 189.42340152946025 0
27.986247822744314 189.4298425119833 0
27.925013428196134 189.43624073632577 0
27.863777913684473 189.44259609332204 0
27.80254129592866 189.44890847326175 0
27.741303591720335 189.4551777658875 0
27.68006481792385 189.46140386039207 0
27.618824991476707 189.46758664541596 0
27.557584129389987 189.47372600904495 0
27.4963422487488 189.47982183880728 0
27.43509936671269 189.48587402167118 0
27.373855500516115 189.49188244404218 0
27.312610667468846 189.49784699176047 0
27.251364884956452 189.50376755009808 0
27.190118170440726 189.50964400375625 0
27.12887054146014 189.51547623686275 0
27.06762201563031 189.5212641329689 0
27.00637261064443 189.52700757504687 0
26.945122344273756 189.5327064454869 0
26.88387123436806 189.53836062609435 0
26.82261929885609 189.54396999808677 0
26.761366555746058 189.5495344420911 0
26.700113023126082 189.55505383814065 0
26.638858719164695 189.56052806567203 0
26.57760366211131 189.56595700352233 0
26.516347870296695 189.57134052992586 0
26.455091362133466 189.5766785225113 0
26.393834156116583 189.58197085829838 0
26.33257627082382 189.58721741369487 0
26.271317724916297 189.59241806449344 0
26.210058537138945 189.59757268586833 0
26.148798726321022 189.60268115237216 0
26.087538311376626 189.60774333793282 0
26.026277311305197 189.61275911584988 0
25.96501574519203 189.6177283587915 0
25.903753632208804 189.622650938791 0
25.842490991614085 189.62752672724332 0
25.781227842753857 189.6323555949018 0
25.719964205062073 189.6371374118745 0
25.658700098061153 189.64187204762086 0
25.597435541362536 189.64655937094798 0
25.53617055466723 189.6511992500072 0
25.474905157766344 189.65579155229042 0
25.413639370541638 189.66033614462629 0
25.352373212966086 189.66483289317677 0
25.29110670510442 189.66928166343322 0
25.22983986711369 189.6736823202126 0
25.168572719243844 189.67803472765385 0
25.1073052818383 189.68233874921373 0
25.04603757533449 189.68659424766315 0
24.984769620264473 189.69080108508317 0
24.923501437255503 189.694959122861 0
24.862233047030614 189.69906822168596 0
24.800964470409216 189.7031282415454 0
24.739695728307698 189.7071390417206 0
24.67842684174002 189.7111004807827 0
24.617157831818325 189.71501241658828 0
24.555888719753554 189.71887470627536 0
24.49461952685606 189.72268720625888 0
24.433350274536213 189.72644977222654 0
24.372080984305057 189.73016225913423 0
24.310811677774918 189.7338245212018 0
24.249542376660056 189.73743641190836 0
24.188273102777288 189.74099778398786 0
24.12700387804665 189.7445084894245 0
24.065734724492067 189.74796837944805 0
24.004465664241962 189.75137730452917 0
23.94319671952996 189.75473511437465 0
23.881927912695556 189.7580416579227 0
23.820659266184766 189.76129678333794 0
23.759390802550836 189.76450033800668 0
23.698122544454897 189.76765216853178 0
23.636854514666705 189.77075212072782 0
23.575586736065276 189.77380003961582 0
23.514319231639647 189.77679576941827 0
23.453052024489562 189.77973915355395 0
23.391785137826187 189.78263003463246 0
23.330518594972837 189.78546825444926 0
23.269252419365714 189.78825365397992 0
23.207986634554636 189.79098607337505 0
23.14672126420378 189.79366535195456 0
23.085456332092424 189.79629132820213 0
23.02419186211572 189.79886383975975 0
22.96292787828545 189.80138272342182 0
22.901664404730788 189.80384781512961 0
22.84040146569909 189.8062589499652 0
22.77913908555667 189.80861596214584 0
22.717877288789598 189.8109186850178 0
22.65661610000449 189.81316695105048 0
22.595355543929323 189.81536059183017 0
22.53409564541425 189.81749943805406 0
22.47283642943241 189.81958331952382 0
22.411577921080767 189.8216120651394 0
22.35032014558095 189.82358550289257 0
22.289063128280095 189.8255034598605 0
22.227806894651682 189.82736576219924 0
22.166551470296437 189.82917223513698 0
22.105296880943158 189.83092270296743 0
22.044043152449618 189.832616989043 0
21.982790310803452 189.83425491576804 0
21.92153838212304 189.83583630459168 0
21.860287392658428 189.837360976001 0
21.79903736879222 189.83882874951382 0
21.73778833704053 189.84023944367144 0
21.676540324053885 189.84159287603146 0
21.61529335661819 189.84288886316025 0
21.554047461655646 189.84412722062567 0
21.492802666225764 189.8453077629893 0
21.431558997526274 189.84643030379885 0
21.37031648289416 189.8474946555805 0
21.309075149806603 189.84850062983085 0
21.247835025882015 189.84944803700913 0
21.18659613888103 189.8503366865291 0
21.12535851670755 189.85116638675078 0
21.06412218740974 189.85193694497244 0
21.002887179181105 189.852648167422 0
20.94165352036152 189.85329985924864 0
20.880421239438313 189.85389182451428 0
20.81919036504733 189.85442386618485 0
20.75796092597403 189.85489578612143 0
20.696732951154573 189.8553073850715 0
20.63550646967695 189.85565846265976 0
20.574281510782086 189.85594881737907 0
20.513058103864992 189.85617824658112 0
20.45183627847591 189.85634654646722 0
20.390616064321453 189.85645351207856 0
20.32939749126582 189.85649893728674 0
20.268180589331944 189.85648261478408 0
20.206965388702713 189.85640433607352 0
20.145751919722173 189.85626389145884 0
20.084540212896755 189.85606107003434 0
20.023330298896532 189.85579565967473 0
19.962122208556455 189.85546744702455 0
19.900915972877623 189.85507621748783 0
19.83971162302858 189.85462175521718 0
19.778509190346607 189.85410384310305 0
19.717308706339022 189.85352226276282 0
19.656110202684534 189.85287679452958 0
19.594913711234568 189.85216721744086 0
19.533719264014625 189.85139330922726 0
19.472526893225673 189.85055484630084 0
19.411336631245522 189.84965160374333 0
19.350148510630245 189.84868335529424 0
19.288962564115586 189.8476498733389 0
19.227778824618433 189.84655092889608 0
19.166597325238232 189.84538629160568 0
19.105418099258525 189.8441557297161 0
19.04424118014838 189.84285901007158 0
18.983066601563948 189.84149589809914 0
18.921894397349984 189.8400661577956 0
18.86072460154139 189.83856955171427 0
18.799557248364792 189.8370058409514 0
18.73839237224013 189.8353747851326 0
18.67723000778226 189.83367614239887 0
18.616070189802585 189.8319096693927 0
18.554912953310712 189.83007512124368 0
18.493758333516116 189.82817225155415 0
18.43260636582983 189.8262008123844 0
18.371457085866158 189.82416055423795 0
18.31031052944442 189.8220512260463 0
18.249166732590684 189.81987257515377 0
18.188025731539582 189.81762434730183 0
18.126887562736083 189.81530628661346 0
18.065752262837325 189.81291813557712 0
18.004619868714478 189.8104596350305 0
17.9434904174546 189.80793052414404 0
17.88236394636256 189.80533054040436 0
17.82124049296292 189.80265941959712 0
17.760120095001948 189.79991689579 0
17.699002790449523 189.79710270131514 0
17.63788861750119 189.7942165667514 0
17.576777614580166 189.79125822090649 0
17.515669820339397 189.78822739079857 0
17.45456527366365 189.7851238016379 0
17.39346401367162 189.7819471768078 0
17.33236607971807 189.77869723784576 0
17.27127151139602 189.77537370442403 0
17.21018034853891 189.77197629432976 0
17.14909263122287 189.7685047234452 0
17.088008399768977 189.76495870572742 0
17.026927694745517 189.76133795318754 0
16.96585055697036 189.75764217586988 0
16.904777027513276 189.75387108183085 0
16.843707147698364 189.75002437711711 0
16.78264095910646 189.74610176574393 0
16.721578503577582 189.74210294967264 0
16.66051982321348 189.73802762878827 0
16.599464960380118 189.73387550087642 0
16.538413957710265 189.72964626159998 0
16.47736685810611 189.72533960447538 0
16.41632370474189 189.72095522084862 0
16.355284541066595 189.7164927998706 0
16.294249410806675 189.7119520284724 0
16.23321835796881 189.70733259134002 0
16.17219142684273 189.70263417088853 0
16.111168662004044 189.6978564472362 0
16.05015010831714 189.6929990981778 0
15.989135810938123 189.68806179915774 0
15.928125815317784 189.68304422324255 0
15.867120167204641 189.67794604109315 0
15.806118912647985 189.67276692093654 0
15.745122098001032 189.66750652853682 0
15.684129769924057 189.66216452716614 0
15.623141975387627 189.65674057757485 0
15.562158761675867 189.65123433796123 0
15.50118017638977 189.64564546394064 0
15.440206267450568 189.63997360851442 0
15.379237083103158 189.63421842203795 0
15.318272671919582 189.62837955218816 0
15.257313082802538 189.62245664393086 0
15.196358364988999 189.61644933948708 0
15.135408568053837 189.61035727829898 0
15.074463741913538 189.6041800969953 0
15.013523936829964 189.59791742935596 0
14.952589203414178 189.5915689062764 0
14.891659592630344 189.58513415573077 0
14.830735155799669 189.578612802735 0
14.769815944604428 189.57200446930895 0
14.708902011092048 189.56530877443782 0
14.647993407679264 189.55852533403313 0
14.587090187156342 189.55165376089275 0
14.526192402691372 189.54469366466037 0
14.465300107834636 189.53764465178412 0
14.40441335652306 189.5305063254746 0
14.34353220308471 189.52327828566195 0
14.282656702243411 189.51596012895232 0
14.22178690912341 189.5085514485834 0
14.160922879254127 189.50105183437927 0
14.100064668575008 189.49346087270425 0
14.039212333440437 189.48577814641598 0
13.978365930624749 189.47800323481778 0
13.917525517327327 189.47013571360972 0
13.85669115117779 189.46217515483926 0
13.795862890241281 189.45412112685057 0
13.735040793023833 189.44597319423303 0
13.674224918477853 189.43773091776885 0
13.613415326007676 189.42939385437955 0
13.552612075475258 189.42096155707142 0
13.49181522720594 189.41243357488005 0
13.431024841994331 189.40380945281362 0
13.370240981110307 189.39508873179523 0
13.309463706305102 189.38627094860402 0
13.248693079817532 189.3773556358152 0
13.187929164380318 189.36834232173882 0
13.127172023226551 189.3592305303574 0
13.066421720096253 189.35001978126226 0
13.005678319243069 189.3407095895887 0
12.944941885441112 189.33129946594966 0
12.884212483991906 189.3217889163683 0
12.823490180731474 189.31217744220902 0
12.76277504203757 189.30246454010728 0
12.702067134837055 189.29264970189763 0
12.641366526613393 189.28273241454073 0
12.58067328541432 189.27271216004857 0
12.519987479859665 189.26258841540812 0
12.459309179149296 189.25236065250365 0
12.398638453071264 189.2420283380371 0
12.337975372010082 189.23159093344708 0
12.277320006955179 189.22104789482586 0
12.21667242950954 189.210398672835 0
12.156032711898497 189.19964271261875 0
12.095400926978714 189.18877945371597 0
12.03477714824736 189.17780832996985 0
11.974161449851461 189.16672876943593 0
11.913553906597464 189.155540194288 0
11.852954593960975 189.14424202072195 0
11.792363588096721 189.1328336588576 0
11.731780965848731 189.12131451263824 0
11.671206804760699 189.10968397972806 0
11.6106411830866 189.0979414514073 0
11.550084179801525 189.086086312465 0
11.48953587461275 189.07411794108933 0
11.428996347971038 189.06203570875553 0
11.368465681082188 189.0498389801113 0
11.30794395591886 189.0375271128595 0
11.247431255232625 189.02509945763816 0
11.186927662566314 189.01255535789798 0
11.126433262266616 188.99989414977662 0
11.065948139496987 188.9871151619703 0
11.00547238025082 188.97421771560246 0
10.945006071364942 188.96120112408906 0
10.884549300533386 188.948064693001 0
10.82410215632152 188.93480771992304 0
10.76366472818046 188.92142949430968 0
10.703237106461852 188.90792929733703 0
10.64281938243297 188.89430640175175 0
10.58241164829219 188.8805600717159 0
10.52201399718482 188.86668956264813 0
10.461626523219298 188.85269412106092 0
10.401249321483796 188.8385729843941 0
10.3408824880632 188.82432538084367 0
10.280526120056514 188.80995052918712 0
10.22018031559469 188.7954476386036 0
10.159845173858876 188.78081590849007 0
10.099520795099128 188.76605452827275 0
10.039207280653578 188.75116267721347 0
9.978904732968084 188.73613952421138 0
9.918613255616364 188.72098422759936 0
9.858332953320634 188.70569593493528 0
9.798063931972784 188.69027378278773 0
9.737806298656082 188.67471689651614 0
9.677560161667426 188.65902439004518 0
9.617325630540192 188.6431953656331 0
9.557102816067657 188.62722891363387 0
9.496891830327034 188.61112411225312 0
9.43669278670415 188.59488002729717 0
9.376505799918766 188.57849571191556 0
9.316330986050572 188.56197020633635 0
9.256168462565885 188.5453025375943 0
9.196018348345053 188.52849171925124 0
9.135880763710611 188.51153675110908 0
9.075755830456215 188.49443661891442 0
9.015643671876337 188.47719029405502 0
8.955544412796833 188.45979673324763 0
8.895458179606303 188.44225487821686 0
8.835385100288383 188.4245636553649 0
8.775325304454899 188.40672197543162 0
8.715278923380014 188.38872873314497 0
8.655246090035295 188.37058280686074 0
8.595226939125837 188.35228305819223 0
8.535221607127404 188.33382833162847 0
8.475230232324666 188.31521745414142 0
8.415252954850548 188.296449234781 0
8.355289916726763 188.27752246425814 0
8.295341261905525 188.2584359145151 0
8.235407136312535 188.23918833828242 0
8.175487687891259 188.21977846862234 0
8.115583066648536 188.20020501845804 0
8.055693424701616 188.18046668008807 0
7.995818916326613 188.16056212468553 0
7.935959698008494 188.1404900017812 0
7.876115928492616 188.12024893873036 0
7.816287768837886 188.09983754016227 0
7.756475382471622 188.07925438741188 0
7.696678935246165 188.05849803793288 0
7.636898595497309 188.03756702469155 0
7.577134534104635 188.01645985554038 0
7.5173869245538265 187.99517501257088 0
7.4576559430010265 187.9737109514446 0
7.397941768339344 187.95206610070127 0
7.338244582267586 187.93023886104376 0
7.278564569361308 187.90822760459776 0
7.218901917146284 187.8860306741464 0
7.159256816174496 187.86364638233786 0
7.099629460102749 187.84107301086487 0
7.040020045774031 187.81830880961542 0
6.980428773301721 187.7953519957929 0
6.920855846156797 187.77220075300448 0
6.861301471258134 187.74885323031629 0
6.801765859066084 187.72530754127413 0
6.742249223679425 187.70156176288785 0
6.682751782935881 187.6776139345778 0
6.623273758516345 187.65346205708195 0
6.563815376052987 187.62910409132115 0
6.504376865241423 187.60453795722154 0
6.444958459957134 187.57976153249115 0
6.385560398376344 187.554772651349 0
6.326182923101547 187.52956910320464 0
6.266826281291934 187.50414863128498 0
6.207490724798928 187.4785089312067 0
6.148176510307108 187.452647649491 0
6.088883899480743 187.42656238201786 0
6.029613159116273 187.40025067241714 0
5.970364561300975 187.37371001039304 0
5.911138383578161 187.34693782997837 0
5.851934909119252 187.31993150771547 0
5.792754426903039 187.29268836075957 0
5.733597231902548 187.2652056449007 0
5.674463625279886 187.2374805524997 0
5.615353914589495 187.20951021033395 0
5.556268413990269 187.18129167734773 0
5.497207444467009 187.15282194230204 0
5.4381713340617335 187.12409792131848 0
5.379160418115371 187.09511645531106 0
5.320175039520437 187.06587430729994 0
5.261215548985299 187.03636815959987 0
5.202282305310697 187.00659461087693 0
5.143375675679214 186.97655017306505 0
5.084496035958469 186.94623126813462 0
5.025643771018819 186.91563422470443 0
4.966819275066448 186.88475527448725 0
4.908022951992763 186.85359054855905 0
4.849255215741079 186.8221360734414 0
4.790516490691673 186.790387766985 0
4.731807212066345 186.75834143404185 0
4.673127826353691 186.7259927619135 0
4.61447879175645 186.69333731555966 0
4.555860578662298 186.66037053255286 0
4.497273670139654 186.62708771776178 0
4.438718562460138 186.59348403774527 0
4.380195765649441 186.55955451483797 0
4.321705804068568 186.52529402090616 0
4.263249217027493 186.49069727075107 0
4.204826559433499 186.45575881513534 0
4.146438402476635 186.42047303340573 0
4.0880853343549255 186.38483412568314 0
4.029767961042203 186.34883610458854 0
3.971486907101682 186.31247278647095 0
3.9132428165486566 186.2757377820996 0
3.8550363537660193 186.2386244867807 0
3.7968682044766093 186.2011260698538 0
3.7387390767768043 186.16323546352035 0
3.680649702236131 186.12494535095087 0
3.622600837068156 186.08624815361395 0
3.5645932633784074 186.0471360177631 0
3.5066277904956324 186.00760080001274 0
3.448705256393322 185.96763405192624 0
3.390826529209132 185.9272270035332 0
3.3329925088705843 185.88637054568244 0
3.2752041288363274 185.84505521112956 0
3.2174623579631803 185.80327115424552 0
3.159768202510291 185.7610081292222 0
3.1021227082929563 185.71825546663567 0
3.044526963000056 185.67500204821417 0
2.986982098690578 185.63123627963924 0
2.929489294486528 185.58694606118948 0
2.8720497794814848 185.54211875601433 0
2.8146648358863633 185.49674115579904 0
2.7573358024365393 185.45079944355467 0
2.7000640780874625 185.40427915323238 0
2.6428511260292686 185.35716512582528 0
2.5856984780548116 185.3094414615761 0
2.5286077393200106 185.26109146786092 0
2.4715805935405837 185.21209760226023 0
2.4146188086752147 185.1624414102633 0
2.357724243152144 185.11210345697398 0
2.300898852704253 185.0610632520963 0
2.244144697887128 185.00929916737408 0
2.1874639523656327 184.95678834553533 0
2.130858912067499 184.9035065996475 0
2.074332005317723 184.84942830162038 0
2.017885804085698 184.79452625839107 0
1.9615230364984912 184.7387715740854 0
1.9052466007994053 184.68213349616468 0
1.8490595809616985 184.62457924322308 0
1.7929652642044187 184.56607381168777 0
1.7369671607021047 184.5065797581742 0
1.6810690258345862 184.44605695364078 0
1.6252748853897006 184.38446230474412 0
1.5695890642135184 184.32174943688256 0
1.5140162189038062 184.25786833228625 0
1.4585613752681943 184.19276491510658 0
1.403229971425959 184.12638057369816 0
1.348027907630817 184.0586516080669 0
1.2929616041442513 183.98950858763737 0
1.238038068811665 183.9188756008813 0
1.1832649764104715 183.84666937368294 0
1.1286507623823228 183.77279822723645 0
1.074204734276352 183.69716083826478 0
1.0199372051806546 183.6196447537021 0
0.9658596546975182 183.54012459765246 0
0.9119849247586043 183.45845988892208 0
0.8583274599787307 183.3744923604742 0
0.8049036056116415 183.28804263440537 0
0.7517319809600145 183.19890605229068 0
0.6988339530294924 183.10684738285488 0
0.6462342454658009 183.0115940138114 0
0.5939617332902655 182.91282706083044 0
0.5420504978968669 182.8101695574455 0
0.4905412548687872 182.7031704614055 0
0.43948332970777376 182.5912825096527 0
0.38893746300555265 182.47383075661995 0
0.3389799155187666 182.34996650416787 0
0.28970869600991406 182.21859736393614 0
0.241253432209906 182.07827633731378 0
0.19379188967525943 181.9270160739332 0
0.14757960380739926 181.76195546764131 0
0.1030081727163657 181.57870334682397 0
0.06073579922347733 181.36986774524985 0
0.02204390347192078 181.12103542246388 0
-0.009764563828301405 180.79499546030573 0
0.0 180.0 0
0.1297645638283014 179.21561363060837 0
0.2179560965280792 178.90016717085962 0
0.29926420077652266 178.66191276197833 0
0.37699182728363434 178.4636394858042 0
0.45242039619260077 178.29093410188221 0
0.5262081103247406 178.13640464398094 0
0.5987465677900939 177.99565994048626 0
0.670291303990086 177.86583888524513 0
0.7410200844812334 177.7449541278899 0
0.8110625369944474 177.63155866980966 0
0.8805166702922261 177.52456012264403 0
0.949458745131213 177.42310978825367 0
1.0179495021031328 177.3265327210714 0
1.0860382667097346 177.23428165803952 0
1.153765754534199 177.1459055569069 0
1.2211660469705075 177.06102745120705 0
1.2882680190399856 176.9793284566102 0
1.3550963943883583 176.90053596082976 0
1.421672540021269 176.8244147325905 0
1.4880150752413959 176.7507601134675 0
1.554140345302482 176.67939272555725 0
1.6200627948193453 176.61015430182312 0
1.685795265723648 176.54290436107118 0
1.7513492376176771 176.4775175274056 0
1.8167350235895285 176.41388134776048 0
1.8819619311883344 176.3518944988588 0
1.9470383958557487 176.29146530189473 0
2.0119720923691826 176.2325104827525 0
2.076770028574041 176.17495412990382 0
2.1414386247318054 176.1187268127733 0
2.2059837810961938 176.06376483136683 0
2.2704109357864817 176.01000957403903 0
2.3347251146102996 175.95740696494127 0
2.398930974165414 175.90590698630373 0
2.4630328392978957 175.8554632635247 0
2.527034735795581 175.80603270326085 0
2.590940419038301 175.75757517647057 0
2.6547533992005947 175.7100532397693 0
2.7184769635015087 175.66343188958422 0
2.7821141959143016 175.61767834450947 0
2.845667994682277 175.5727618520064 0
2.9091410879325013 175.52865351620085 0
2.972536047634367 175.48532614402984 0
3.035855302112872 175.44275410740323 0
3.099101147295747 175.4009132193885 0
3.162275756847856 175.35978062271354 0
3.2253811913247854 175.31933468912226 0
3.2884194064594165 175.27955492831873 0
3.3513922606799897 175.24042190540672 0
3.414301521945189 175.2019171658755 0
3.477148873970731 175.16402316730557 0
3.5399359219125373 175.12672321707305 0
3.6026641975634606 175.09000141542066 0
3.6653351641136367 175.05384260334145 0
3.7279502205185153 175.01823231478667 0
3.790510705513472 174.9831567327673 0
3.8530179013094226 174.94860264896866 0
3.915473036999944 174.9145574265401 0
3.9778772917070433 174.88100896576032 0
4.040231797489709 174.8479456723108 0
4.102537642036819 174.81535642791977 0
4.164795871163673 174.78323056316336 0
4.227007491129416 174.75155783223337 0
4.289173470790868 174.72032838950085 0
4.351294743606678 174.68953276772132 0
4.413372209504368 174.65916185774367 0
4.4754067366215935 174.6292068895974 0
4.537399162931845 174.59965941484603 0
4.59935029776387 174.5705112901038 0
4.661260923223196 174.54175466162437 0
4.72313179552339 174.51338195087627 0
4.78496364623398 174.48538584103002 0
4.846757183451343 174.45775926428706 0
4.908513092898318 174.430495389987 0
4.970232038957797 174.40358761343595 0
5.031914665645075 174.37702954540322 0
5.093561597523364 174.3508150022378 0
5.1551734405665 174.32493799656066 0
5.216750782972507 174.2993927284927 0
5.278294195931432 174.27417357738068 0
5.339804234350559 174.24927509398725 0
5.401281437539863 174.22469199311365 0
5.462726329860346 174.20041914662613 0
5.524139421337702 174.17645157685934 0
5.58552120824355 174.15278445037214 0
5.646872173646308 174.1294130720332 0
5.708192787933655 174.10633287941502 0
5.769483509308326 174.0835394374774 0
5.830744784258921 174.06102843352178 0
5.891977048007237 174.03879567240025 0
5.953180724933551 174.0168370719635 0
6.014356228981181 173.995148658733 0
6.075503964041531 173.97372656378485 0
6.136624324320786 173.95256701883176 0
6.1977176946893024 173.9316663524925 0
6.2587844510147015 173.9110209867375 0
6.319824960479564 173.8906274335007 0
6.380839581884629 173.8704822914481 0
6.441828665938266 173.85058224289452 0
6.5027925555329915 173.83092405086012 0
6.563731586009732 173.81150455625888 0
6.624646085410505 173.7923206752124 0
6.6855363747201135 173.7733693964817 0
6.746402768097451 173.7546477790111 0
6.80724557309696 173.73615294957787 0
6.868065090880748 173.71788210054297 0
6.928861616421839 173.69983248769634 0
6.989635438699025 173.68200142819322 0
7.050386840883727 173.664386298576 0
7.111116100519256 173.64698453287747 0
7.171823489692892 173.62979362080182 0
7.232509275201072 173.6128111059789 0
7.293173718708067 173.59603458428873 0
7.353817076898453 173.57946170225247 0
7.4144396016236565 173.5630901554868 0
7.4750415400428665 173.54691768721867 0
7.535623134758579 173.53094208685758 0
7.596184623947013 173.51516118862259 0
7.656726241483655 173.49957287022173 0
7.717248217064119 173.48417505158108 0
7.777750776320574 173.46896569362156 0
7.838234140933916 173.4539427970811 0
7.898698528741866 173.43910440138006 0
7.959144153843203 173.42444858352832 0
8.019571226698279 173.40997345707163 0
8.079979954225971 173.39567717107616 0
8.140370539897251 173.38155790914905 0
8.200743183825505 173.3676138884937 0
8.261098082853717 173.35384335899812 0
8.321435430638694 173.34024460235503 0
8.381755417732416 173.3268159312126 0
8.442058231660656 173.31355568835392 0
8.502344056998973 173.30046224590478 0
8.562613075446174 173.28753400456796 0
8.622865465895366 173.27476939288326 0
8.683101404502693 173.26216686651216 0
8.743321064753836 173.24972490754618 0
8.803524617528378 173.23744202383787 0
8.863712231162117 173.2253167483535 0
8.923884071507386 173.2133476385467 0
8.984040301991504 173.20153327575247 0
9.044181083673386 173.1898722646 0
9.104306575298382 173.17836323244467 0
9.164416933351461 173.16700482881723 0
9.22451231210874 173.15579572489074 0
9.284592863687463 173.14473461296376 0
9.344658738094473 173.13382020595947 0
9.404710083273237 173.12305123694017 0
9.464747045149451 173.11242645863635 0
9.524769767675334 173.10194464299025 0
9.584778392872595 173.09160458071284 0
9.644773060874162 173.081405080854 0
9.704753909964705 173.07134497038575 0
9.764721076619987 173.06142309379706 0
9.8246746955451 173.05163831270124 0
9.884614899711618 173.04198950545413 0
9.944541820393697 173.0324755667836 0
10.004455587203168 173.0230954074296 0
10.064356328123663 173.01384795379425 0
10.124244169543786 173.00473214760223 0
10.184119236289389 172.99574694557026 0
10.243981651654948 172.98689131908606 0
10.303831537434116 172.97816425389627 0
10.363669013949428 172.96956474980277 0
10.423494200081237 172.96109182036747 0
10.483307213295852 172.95274449262504 0
10.54310816967297 172.94452180680358 0
10.602897183932345 172.9364228160526 0
10.66267436945981 172.9284465861785 0
10.722439838332575 172.9205921953868 0
10.78219370134392 172.91285873403154 0
10.841936068027215 172.90524530437096 0
10.901667046679364 172.89775102032974 0
10.961386744383635 172.89037500726727 0
11.021095267031914 172.88311640175215 0
11.080792719346421 172.87597435134228 0
11.14047920490087 172.86894801437052 0
11.200154826141123 172.86203655973603 0
11.259819684405308 172.85523916670067 0
11.319473879943484 172.84855502469057 0
11.379117511936801 172.84198333310275 0
11.438750678516204 172.83552330111638 0
11.498373476780701 172.82917414750887 0
11.55798600281518 172.82293510047634 0
11.61758835170781 172.8168053974585 0
11.67718061756703 172.81078428496792 0
11.736762893538149 172.80487101842323 0
11.79633527181954 172.79906486198644 0
11.85589784367848 172.79336508840422 0
11.915450699466614 172.78777097885276 0
11.97499392863506 172.78228182278644 0
12.034527619749179 172.7768969177901 0
12.094051860503013 172.77161556943466 0
12.153566737733385 172.76643709113605 0
12.213072337433687 172.76136080401767 0
12.272568744767376 172.75638603677578 0
12.33205604408114 172.75151212554806 0
12.391534318917811 172.74673841378512 0
12.451003652028964 172.7420642521251 0
12.510464125387251 172.7374889982708 0
12.569915820198476 172.73301201686996 0
12.629358816913403 172.72863267939778 0
12.688793195239304 172.72435036404244 0
12.748219034151267 172.720164455593 0
12.807636411903276 172.71607434532964 0
12.867045406039024 172.71207943091662 0
12.926446093402534 172.7081791162972 0
12.985838550148538 172.7043728115912 0
13.04522285175264 172.70065993299454 0
13.104599073021285 172.69703990268096 0
13.163967288101503 172.69351214870602 0
13.223327570490458 172.69007610491292 0
13.28267999304482 172.68673121084052 0
13.342024627989918 172.68347691163308 0
13.401361546928735 172.68031265795207 0
13.460690820850704 172.6772379058899 0
13.520012520140334 172.6742521168851 0
13.57932671458568 172.67135475763965 0
13.638633473386609 172.66854530003775 0
13.697932865162946 172.66582322106643 0
13.75722495796243 172.66318800273768 0
13.816509819268527 172.6606391320121 0
13.875787516008094 172.65817610072432 0
13.935058114558888 172.65579840550976 0
13.994321680756931 172.6535055477328 0
14.053578279903748 172.65129703341665 0
14.112827976773449 172.64917237317422 0
14.172070835619683 172.64713108214082 0
14.23130692018247 172.64517267990774 0
14.290536293694899 172.64329669045753 0
14.349759018889696 172.64150264210025 0
14.40897515800567 172.63979006741107 0
14.468184772794062 172.63815850316917 0
14.527387924524744 172.63660749029762 0
14.586584673992324 172.63513657380463 0
14.645775081522146 172.63374530272577 0
14.704959206976165 172.63243323006733 0
14.764137109758718 172.63119991275084 0
14.823308848822208 172.63004491155849 0
14.882474482672672 172.62896779107967 0
14.94163406937525 172.6279681196586 0
15.00078766655956 172.62704546934262 0
15.059935331424992 172.62619941583193 0
15.119077120745873 172.62542953842976 0
15.178213090876591 172.6247354199938 0
15.237343297756588 172.62411664688838 0
15.296467796915291 172.62357280893752 0
15.35558664347694 172.62310349937894 0
15.414699892165364 172.6227083148188 0
15.473807597308628 172.62238685518724 0
15.53290981284366 172.62213872369486 0
15.592006592320738 172.62196352678976 0
15.651097988907953 172.62186087411567 0
15.710184055395572 172.62183037847046 0
15.769264844200332 172.6218716557656 0
15.828340407369657 172.62198432498633 0
15.887410796585824 172.62216800815253 0
15.946476063170037 172.62242233028005 0
16.00553625808646 172.62274691934317 0
16.064591431946162 172.62314140623718 0
16.123641635011 172.62360542474212 0
16.18268691719746 172.62413861148664 0
16.24172732808042 172.624740605913 0
16.300762916896844 172.62541105024215 0
16.359793732549434 172.6261495894399 0
16.41881982361023 172.62695587118324 0
16.477841238324135 172.62782954582752 0
16.536858024612375 172.62877026637403 0
16.595870230075946 172.6297776884382 0
16.654877901998972 172.6308514702183 0
16.713881087352014 172.63199127246463 0
16.77287983279536 172.63319675844937 0
16.831874184682217 172.63446759393665 0
16.89086418906188 172.63580344715342 0
16.949849891682863 172.63720398876063 0
17.008831337995957 172.6386688918248 0
17.067808573157272 172.64019783179037 0
17.126781642031194 172.64179048645207 0
17.18575058919333 172.64344653592818 0
17.244715458933406 172.6451656626338 0
17.30367629525811 172.64694755125487 0
17.362633141893888 172.64879188872249 0
17.421586042289732 172.6506983641876 0
17.48053503961988 172.65266666899618 0
17.539480176786515 172.65469649666463 0
17.598421496422414 172.65678754285588 0
17.65735904089354 172.6589395053555 0
17.71629285230163 172.66115208404855 0
17.775222972486723 172.66342498089634 0
17.834149443029638 172.66575789991413 0
17.89307230525448 172.66815054714863 0
17.951991600231022 172.67060263065616 0
18.010907368777126 172.67311386048112 0
18.06981965146109 172.67568394863463 0
18.12872848860398 172.6783126090737 0
18.187633920281925 172.6809995576806 0
18.24653598632838 172.68374451224255 0
18.305434726336347 172.6865471924317 0
18.3643301796606 172.68940731978557 0
18.42322238541983 172.69232461768755 0
18.482111382498807 172.69529881134778 0
18.540997209550476 172.69832962778452 0
18.59987990499805 172.70141679580544 0
18.658759507037075 172.7045600459894 0
18.717636053637438 172.70775911066855 0
18.776509582545398 172.71101372391055 0
18.835380131285522 172.71432362150108 0
18.894247737162676 172.71768854092676 0
18.95311243726392 172.721108221358 0
19.01197426846042 172.72458240363255 0
19.070833267409316 172.72811083023882 0
19.129689470555583 172.7316932452998 0
19.18854291413384 172.73532939455697 0
19.247393634170173 172.73901902535462 0
19.306241666483885 172.7427618866243 0
19.36508704668929 172.74655772886948 0
19.423929810197414 172.75040630415052 0
19.482769992217744 172.75430736606967 0
19.54160762775987 172.75826066975657 0
19.600442751635207 172.76226597185368 0
19.65927539845861 172.76632303050206 0
19.718105602650017 172.77043160532727 0
19.776933398436054 172.7745914574256 0
19.83575881985162 172.77880234935031 0
19.894581900741475 172.78306404509823 0
19.95340267476177 172.78737631009642 0
20.01222117538157 172.79173891118907 0
20.071037435884417 172.79615161662463 0
20.12985148936976 172.80061419604294 0
20.18866336875448 172.80512642046287 0
20.24747310677433 172.8096880622696 0
20.30628073598538 172.81429889520277 0
20.365086288765436 172.81895869434405 0
20.423889797315468 172.82366723610554 0
20.48269129366098 172.82842429821778 0
20.541490809653396 172.83322965971834 0
20.60028837697142 172.8380831009403 0
20.65908402712238 172.84298440350105 0
20.71787779144355 172.84793335029104 0
20.77666970110347 172.8529297254629 0
20.835459787103247 172.8579733144206 0
20.89424808027783 172.86306390380872 0
20.953034611297287 172.86820128150194 0
21.011819410668053 172.8733852365946 0
21.07060250873418 172.87861555939045 0
21.129383935678543 172.8838920413925 0
21.188163721524088 172.88921447529296 0
21.246941896135006 172.89458265496347 0
21.30571848921791 172.89999637544528 0
21.36449353032305 172.90545543293965 0
21.423267048845425 172.91095962479824 0
21.48203907402597 172.91650874951398 0
21.540809634952666 172.92210260671152 0
21.599578760561684 172.92774099713836 0
21.658346479638478 172.93342372265556 0
21.717112820818894 172.93915058622906 0
21.775877812590256 172.9449213919208 0
21.834641483292447 172.9507359448799 0
21.89340386111897 172.95659405133438 0
21.952164974117984 172.96249551858241 0
22.010924850193398 172.96844015498408 0
22.06968351710584 172.97442776995314 0
22.128441002473725 172.98045817394876 0
22.187197333774236 172.98653117846763 0
22.24595253834435 172.99264659603585 0
22.30470664338181 172.99880424020117 0
22.363459675946114 173.0050039255252 0
22.42221166295947 173.0112454675757 0
22.480962631207777 173.01752868291914 0
22.53971260734157 173.02385338911304 0
22.59846161787696 173.0302194046988 0
22.65720968919655 173.03662654919418 0
22.715956847550384 173.04307464308624 0
22.774703119056845 173.04956350782416 0
22.833448529703563 173.05609296581224 0
22.89219310534832 173.0626628404029 0
22.950936871719907 173.0692729558899 0
23.009679854419048 173.07592313750138 0
23.068422078919234 173.0826132113934 0
23.127163570567593 173.08934300464313 0
23.185904354585748 173.09611234524235 0
23.244644456070677 173.10292106209099 0
23.30338389999551 173.10976898499075 0
23.3621227112104 173.11665594463878 0
23.42086091444333 173.1235817726214 0
23.479598534300912 173.13054630140803 0
23.538335595269213 173.1375493643449 0
23.597072121714554 173.14459079564926 0
23.655808137884282 173.15167043040321 0
23.71454366790758 173.15878810454802 0
23.77327873579622 173.1659436548781 0
23.832013365445363 173.1731369190354 0
23.890747580634287 173.1803677355036 0
23.949481405027164 173.18763594360271 0
24.008214862173816 173.19494138348318 0
24.06694797551044 173.20228389612072 0
24.125680768360354 173.2096633233107 0
24.18441326393473 173.2170795076628 0
24.243145485333297 173.2245322925957 0
24.301877455545103 173.23202152233196 0
24.36060919744917 173.2395470418926 0
24.41934073381524 173.24710869709216 0
24.478072087304447 173.25470633453355 0
24.536803280470043 173.26233980160302 0
24.595534335758042 173.27000894646525 0
24.654265275507935 173.2777136180584 0
24.712996121953346 173.2854536660893 0
24.77172689722271 173.2932289410286 0
24.830457623339942 173.30103929410606 0
24.889188322225078 173.3088845773059 0
24.947919015694943 173.316764643362 0
25.006649725463785 173.3246793457536 0
25.06538047314394 173.33262853870042 0
25.124111280246442 173.34061207715843 0
25.182842168181672 173.34862981681528 0
25.24157315825998 173.35668161408594 0
25.3003042716923 173.36476732610842 0
25.35903552959078 173.37288681073932 0
25.417766952969384 173.38103992654976 0
25.476498562744496 173.389226532821 0
25.535230379735523 173.3974464895404 0
25.59396242466551 173.40569965739735 0
25.652694718161698 173.41398589777899 0
25.71142728075615 173.42230507276636 0
25.77016013288631 173.4306570451304 0
25.82889329489558 173.43904167832792 0
25.887626787033913 173.4474588364978 0
25.946360629458358 173.45590838445702 0
26.005094842233653 173.46439018769692 0
26.063829445332768 173.47290411237944 0
26.122564458637466 173.48145002533332 0
26.181299901938846 173.49002779405038 0
26.240035794937924 173.49863728668197 0
26.29877215724614 173.50727837203522 0
26.357509008385914 173.51595091956955 0
26.416246367791196 173.52465479939303 0
26.474984254807968 173.53338988225897 0
26.5337226886948 173.54215603956237 0
26.592461688623374 173.5509531433365 0
26.65120127367898 173.5597810662495 0
26.709941462861057 173.56863968160104 0
26.7686822750837 173.5775288633189 0
26.82742372917618 173.5864484859557 0
26.88616584388342 173.5953984246858 0
26.944908637866536 173.6043785553018 0
27.003652129703305 173.6133887542114 0
27.06239633788869 173.62242889843444 0
27.121141280835303 173.63149886559953 0
27.17988697687392 173.64059853394102 0
27.238633444253946 173.64972778229594 0
27.29738070114391 173.658886490101 0
27.356128765631944 173.66807453738943 0
27.414877655726247 173.67729180478818 0
27.473627389355574 173.68653817351486 0
27.532377984369692 173.69581352537475 0
27.59112945853986 173.70511774275812 0
27.649881829559277 173.71445070863714 0
27.70863511504355 173.72381230656316 0
27.767389332531156 173.7332024206639 0
27.82614449948389 173.74262093564062 0
27.884900633287312 173.75206773676535 0
27.9436577512512 173.7615427098783 0
28.002415870610015 173.771045741385 0
28.061175008523296 173.78057671825363 0
28.11993518207615 173.79013552801248 0
28.178696408279666 173.7997220587473 0
28.237458704071344 173.80933619909862 0
28.29622208631553 173.81897783825923 0
28.354986571803863 173.82864686597165 0
28.41375217725568 173.83834317252558 0
28.472518919318443 173.8480666487554 0
28.53128681456817 173.85781718603775 0
28.590055879509844 173.86759467628897 0
28.64882613057783 173.87739901196272 0
28.70759758413629 173.88723008604768 0
28.7663702564796 173.89708779206495 0
28.82514416383275 173.9069720240659 0
28.88391932235175 173.91688267662977 0
28.94269574812404 173.9268196448612 0
29.00147345716889 173.93678282438825 0
29.06025246543778 173.94677211135976 0
29.119032788814845 173.9567874024434 0
29.177814443117207 173.96682859482334 0
29.236597444095402 173.9768955861979 0
29.29538180743379 173.98698827477767 0
29.354167548750887 173.99710655928297 0
29.4129546835998 174.00725033894204 0
29.471743227468583 174.01741951348868 0
29.53053319578063 174.02761398316028 0
29.589324603895047 174.0378336486956 0
29.64811746710704 174.04807841133288 0
29.706911800648264 174.0583481728076 0
29.765707619687237 174.06864283535057 0
29.82450493932967 174.07896230168592 0
29.883303774618863 174.089306475029 0
29.94210414053605 174.09967525908448 0
30.00090605200078 174.11006855804445 0
30.059709523871284 174.12048627658632 0
30.118514570944814 174.1309283198711 0
30.17732120795802 174.1413945935412 0
30.236129449587295 174.15188500371895 0
30.29493931044914 174.16239945700437 0
30.353750805100525 174.1729378604734 0
30.412563948039214 174.18350012167627 0
30.471378753704133 174.1940861486354 0
30.530195236475713 174.20469584984372 0
30.58901341067625 174.2153291342629 0
30.647833290570215 174.22598591132157 0
30.70665489036464 174.23666609091347 0
30.765478224209428 174.24736958339585 0
30.8243033061977 174.2580962995877 0
30.883130150366128 174.26884615076787 0
30.9419587706953 174.27961904867365 0
31.000789181109997 174.29041490549892 0
31.059621395479596 174.30123363389254 0
31.11845542761833 174.31207514695657 0
31.177291291285677 174.32293935824487 0
31.236129000186658 174.33382618176128 0
31.29496856797215 174.3447355319581 0
31.353810008239254 174.35566732373442 0
31.412653334531573 174.36662147243464 0
31.47149856033956 174.37759789384685 0
31.53034569910083 174.38859650420125 0
31.589194764200492 174.39961722016866 0
31.648045768971425 174.41065995885896 0
31.706898726694657 174.42172463781955 0
31.76575365059962 174.43281117503398 0
31.824610553864492 174.44391948892027 0
31.88346944961652 174.45504949832954 0
31.942330350932295 174.46620112254462 0
32.00119327083809 174.4773742812784 0
32.06005822231014 174.4885688946726 0
32.118925218275 174.49978488329617 0
32.17779427160978 174.51102216814405 0
32.236665395142495 174.52228067063558 0
32.295538601652375 174.53356031261328 0
32.35441390387009 174.54486101634137 0
32.41329131447817 174.55618270450435 0
32.472170846111204 174.5675253002059 0
32.53105251135617 174.57888872696716 0
32.589936322752735 174.59027290872575 0
32.64882229279355 174.60167776983417 0
32.70771043392452 174.61310323505873 0
32.766600758545145 174.62454922957804 0
32.825493279008754 174.63601567898186 0
32.884388007622825 174.64750250926974 0
32.94328495664929 174.65900964684985 0
33.00218413830477 174.67053701853757 0
33.06108556476091 174.68208455155437 0
33.11998924814463 174.69365217352657 0
33.178895200538456 174.70523981248405 0
33.23780343398072 174.716847396859 0
33.29671396046595 174.7284748554849 0
33.35562679194505 174.74012211759506 0
33.41454194032563 174.75178911282165 0
33.47345941747229 174.76347577119444 0
33.53237923520687 174.7751820231396 0
33.59130140530874 174.78690779947857 0
33.65022593951508 174.79865303142697 0
33.70915284952115 174.8104176505933 0
33.76808214698054 174.82220158897803 0
33.82701384350549 174.83400477897231 0
33.885947950667116 174.84582715335685 0
33.9448844799957 174.85766864530098 0
34.00382344298096 174.86952918836138 0
34.062764851072316 174.88140871648108 0
34.12170871567915 174.89330716398837 0
34.18065504817106 174.90522446559572 0
34.23960385987819 174.9171605563987 0
34.29855516209138 174.92911537187499 0
34.35750896606256 174.94108884788326 0
34.416465283004904 174.95308092066225 0
34.475424124093145 174.96509152682953 0
34.534385500463834 174.97712060338077 0
34.59334942321557 174.98916808768843 0
34.6523159034093 175.001233917501 0
34.71128495206856 175.01331803094186 0
34.7702565801797 175.02542036650834 0
34.82923079869217 175.03754086307075 0
34.888207618518805 175.04967945987136 0
34.947187050536 175.06183609652348 0
35.00616910558406 175.07401071301052 0
35.06515379446735 175.08620324968496 0
35.12414112795463 175.09841364726748 0
35.18313111677928 175.11064184684602 0
35.24212377163951 175.12288778987477 0
35.301119103198694 175.13515141817336 0
35.360117122085505 175.14743267392592 0
35.41911783889429 175.15973149968008 0
35.4781212641852 175.17204783834615 0
35.53712740848452 175.18438163319627 0
35.59613628228487 175.1967328278634 0
35.65514789604546 175.20910136634055 0
35.71416226019235 175.22148719297982 0
35.77317938511867 175.23389025249165 0
35.832199281184856 175.2463104899438 0
35.89122195871893 175.2587478507606 0
35.9502474280167 175.2712022807222 0
36.009275699342034 175.28367372596344 0
36.06830678292706 175.2961621329733 0
36.12734068897245 175.30866744859395 0
36.18637742764762 175.32118962001985 0
36.245417009090986 175.33372859479718 0
36.304459443410195 175.34628432082272 0
36.36350474068236 175.3588567463433 0
36.42255291095431 175.37144581995483 0
36.481603964242794 175.38405149060165 0
36.54065791053475 175.39667370757562 0
36.599714759787496 175.4093124205154 0
36.65877452192901 175.42196757940565 0
36.71783720685814 175.43463913457634 0
36.77690282444481 175.44732703670186 0
36.835971384530296 175.46003123680035 0
36.895042896927414 175.47275168623293 0
36.95411737142079 175.48548833670296 0
37.01319481776707 175.49824114025523 0
37.07227524569512 175.51101004927534 0
37.13135866490629 175.5237950164889 0
37.19044508507464 175.53659599496078 0
37.24953451584715 175.54941293809446 0
37.30862696684395 175.56224579963126 0
37.367722447658544 175.5750945336497 0
37.42682096785803 175.5879590945646 0
37.48592253698335 175.60083943712672 0
37.54502716454948 175.61373551642174 0
37.604134860045654 175.6266472878698 0
37.66324563293563 175.63957470722454 0
37.72235949265784 175.65251773057284 0
37.78147644862568 175.66547631433372 0
37.8405965102277 175.67845041525794 0
37.899719686827794 175.6914399904272 0
37.958845987765486 175.70444499725355 0
38.01797542235609 175.71746539347873 0
38.077107999890956 175.73050113717346 0
38.13624372963768 175.74355218673688 0
38.19538262084031 175.75661850089583 0
38.25452468271961 175.76970003870423 0
38.313669924473224 175.7827967595425 0
38.37281835527588 175.79590862311687 0
38.43196998427968 175.80903558945877 0
38.49112482061423 175.8221776189243 0
38.55028287338692 175.83533467219334 0
38.60944415168309 175.84850671026936 0
38.668608664566264 175.86169369447845 0
38.72777642107839 175.87489558646885 0
38.78694743023998 175.88811234821043 0
38.84612170105038 175.90134394199396 0
38.90529924248799 175.91459033043057 0
38.964480063510415 175.9278514764512 0
39.023664173054726 175.941127343306 0
39.08285158003765 175.9544178945637 0
39.142042293355786 175.96772309411114 0
39.20123632188581 175.98104290615257 0
39.26043367448467 175.99437729520918 0
39.31963435998984 176.00772622611848 0
39.37883838721947 176.02108966403384 0
39.43804576497261 176.0344675744238 0
39.49725650202942 176.04785992307154 0
39.556470607151425 176.06126667607452 0
39.61568808908164 176.07468779984367 0
39.6749089565448 176.08812326110302 0
39.7341332182476 176.10157302688904 0
39.79336088287886 176.1150370645503 0
39.852591959109745 176.12851534174675 0
39.911826455593975 176.14200782644926 0
39.97106438096801 176.15551448693913 0
40.03030574385127 176.16903529180755 0
40.08955055284631 176.18257020995503 0
40.14879881653908 176.19611921059104 0
40.208050543499034 176.20968226323325 0
40.267305742279426 176.22325933770733 0
40.32656442141746 176.23685040414617 0
40.38582658943449 176.25045543298958 0
40.445092254836226 176.26407439498368 0
40.50436142611295 176.2777072611805 0
40.56363411173969 176.29135400293734 0
40.62291032017643 176.30501459191646 0
40.68219005986832 176.31868900008453 0
40.74147333924585 176.33237719971206 0
40.80076016672505 176.3460791633731 0
40.860050550707726 176.35979486394464 0
40.91701068707491 176.37351309350535 0
40.97380714341065 176.38721912937692 0
41.03061993939569 176.40091286536958 0
41.08744911624847 176.41459426169513 0
41.1442947150939 176.42826327881767 0
41.20115677696407 176.44191987745305 0
41.258035342799026 176.4555640185688 0
41.31493045344751 176.46919566338372 0
41.371842149667664 176.48281477336766 0
41.42877047212783 176.49642131024112 0
41.48571546140726 176.51001523597515 0
41.54267715799684 176.5235965127908 0
41.599655602299876 176.5371651031591 0
41.65665083463278 176.55072096980066 0
41.71366289522582 176.56426407568534 0
41.77069182422392 176.57779438403205 0
41.82773766168727 176.59131185830844 0
41.884800447592184 176.60481646223067 0
41.94188022183175 176.61830815976305 0
41.99897702421662 176.6317869151178 0
42.05609089447568 176.64525269275492 0
42.11322187225683 176.65870545738161 0
42.17036999712769 176.67214517395234 0
42.22753530857635 176.6855718076684 0
42.28471784601206 176.69898532397755 0
42.34191764876598 176.71238568857402 0
42.39913475609192 176.72577286739804 0
42.456369207167036 176.73914682663565 0
42.513621041092556 176.75250753271837 0
42.57089029689452 176.76585495232308 0
42.62817701352451 176.77918905237166 0
42.68548122986033 176.79250980003073 0
42.74280298470676 176.80581716271146 0
42.80014231679627 176.8191111080693 0
42.85749926478973 176.83239160400365 0
42.91487386727713 176.84565861865767 0
42.972266162778304 176.8589121204181 0
43.029676189743626 176.8721520779149 0
43.087103986554766 176.885378460021 0
43.14454959152535 176.89859123585222 0
43.202013042901704 176.91179037476678 0
43.25949437886357 176.92497584636524 0
43.31699363752482 176.93814762049018 0
43.37451085693413 176.95130566722602 0
43.43204607507573 176.9644499568987 0
43.48959932987012 176.9775804600755 0
43.54717065917471 176.9906971475648 0
43.604760100784624 177.0037999904157 0
43.662367692433314 177.0168889599181 0
43.719993471793344 177.02996402760215 0
43.77763747647705 177.0430251652382 0
43.83529974403723 177.05607234483642 0
43.892980311967925 177.06910553864677 0
43.950679217705 177.0821247191586 0
44.00839649862697 177.09512985910047 0
44.06613219205563 177.10812093143994 0
44.12388633525674 177.1210979093833 0
44.1816589654408 177.13406076637546 0
44.23945011976368 177.1470094760995 0
44.29725983532733 177.15994401247673 0
44.35508814918051 177.17286434966616 0
44.41293509831945 177.1857704620646 0
44.47080071968858 177.19866232430607 0
44.52868505018118 177.211539911262 0
44.5865881266401 177.22440319804062 0
44.64450998585848 177.23725215998695 0
44.70245066458038 177.25008677268258 0
44.760410199501536 177.26290701194534 0
44.81838862726999 177.2757128538292 0
44.87638598448685 177.288504274624 0
44.93440230770692 177.3012812508552 0
44.992437633439394 177.31404375928372 0
45.050491998148594 177.32679177690574 0
45.108565438254615 177.33952528095236 0
45.16665799013399 177.35224424888955 0
45.224769690120446 177.36494865841786 0
45.28290057450553 177.37763848747218 0
45.341050679539315 177.3903137142216 0
45.399220041431086 177.4029743170691 0
45.45740869635001 177.41562027465142 0
45.51561668042583 177.42825156583888 0
45.573844029749544 177.440868169735 0
45.63209078037409 177.45347006567656 0
45.69035696831502 177.46605723323307 0
45.748642629551185 177.47862965220693 0
45.80694780002539 177.49118730263282 0
45.8652725156451 177.5037301647779 0
45.92361681228313 177.5162582191412 0
45.981980725778264 177.52877144645382 0
46.04036429193601 177.54126982767835 0
46.09876754652919 177.55375334400895 0
46.157190525298674 177.56622197687096 0
46.215633263954054 177.5786757079209 0
46.27409579817428 177.59111451904596 0
46.332578163608346 177.6035383923641 0
46.39108039587599 177.61594731022367 0
46.44960253056833 177.6283412552033 0
46.50814460324854 177.64072021011165 0
46.56670664945254 177.65308415798722 0
46.62528870468965 177.6654330820981 0
46.68389080444326 177.6777669659419 0
46.742512984171476 177.69008579324543 0
46.80115527930786 177.70238954796454 0
46.85981772526197 177.71467821428394 0
46.918500357420186 177.72695177661697 0
46.97720321114621 177.7392102196054 0
47.03592632178187 177.7514535281193 0
47.09466972464767 177.76368168725676 0
47.15343345504357 177.7758946823437 0
47.212217548249505 177.78809249893374 0
47.271022039526194 177.80027512280796 0
47.32984696411569 177.81244253997468 0
47.3886923572421 177.8245947366693 0
47.447558254112224 177.8367316993541 0
47.50644468991621 177.84885341471804 0
47.56535169982822 177.86095986967655 0
47.62427931900709 177.87305105137136 0
47.68322758259698 177.88512694717033 0
47.742196525728026 177.89718754466716 0
47.80118618351702 177.90923283168132 0
47.86019659106801 177.9212627962577 0
47.91922778347303 177.93327742666665 0
47.978279795812696 177.94527671140352 0
48.037352663156874 177.95726063918866 0
48.096446420565336 177.96922919896716 0
48.15556110308841 177.9811823799086 0
48.21469674576763 177.99312017140704 0
48.27385338363639 178.0050425630806 0
48.33303105172059 178.0169495447714 0
48.39222978503927 178.02884110654531 0
48.45144961860529 178.0407172386919 0
48.51069058742594 178.05257793172404 0
48.569952726503644 178.06442317637786 0
48.62923607083653 178.0762529636124 0
48.68854065541912 178.0880672846097 0
48.747866515242976 178.09986613077427 0
48.80721368529735 178.1116494937332 0
48.86658220056978 178.1234173653357 0
48.9259720960468 178.1351697376532 0
48.98538340671452 178.14690660297885 0
49.044816167559304 178.15862795382753 0
49.10427041356842 178.1703337829357 0
49.163746179730644 178.18202408326098 0
49.22324350103692 178.19369884798223 0
49.282762412480984 178.20535807049916 0
49.34230294906005 178.2170017444322 0
49.40186514577537 178.2286298636224 0
49.46144903763294 178.24024242213105 0
49.52105465964409 178.2518394142397 0
49.580682046826155 178.26342083444985 0
49.640331234203074 178.27498667748276 0
49.70000225680605 178.2865369382793 0
49.75969514967418 178.29807161199975 0
49.81940994785507 178.30959069402357 0
49.8791466864055 178.3210941799493 0
49.938905400391995 178.3325820655943 0
49.99868612489154 178.34405434699454 0
50.05848889499215 178.3555110204045 0
50.11831374579351 178.36695208229685 0
50.17816071240759 178.37837752936244 0
50.23802982995934 178.38978735850995 0
50.29792113358721 178.40118156686574 0
50.357834658443885 178.41256015177376 0
50.417770439696824 178.4239231107952 0
50.47772851252895 178.43527044170838 0
50.537708912139216 178.44660214250868 0
50.59771167374329 178.45791821140804 0
50.65773683257413 178.46921864683515 0
50.717784423882634 178.48050344743493 0
50.77785448293823 178.4917726120686 0
50.837947045029544 178.50302613981324 0
50.898062145464976 178.51426402996188 0
50.95819981957336 178.52548628202302 0
51.01836010270454 178.5366928957207 0
51.07854303023002 178.54788387099416 0
51.13874863754358 178.55905920799762 0
51.19897696006186 178.57021890710024 0
51.25922803322505 178.58136296888577 0
51.3195018924974 178.59249139415252 0
51.37979857336792 178.60360418391295 0
51.44011811135098 178.61470133939375 0
51.500460541986875 178.6257828620354 0
51.5608259008425 178.63684875349216 0
51.621214223511934 178.6478990156318 0
51.68162554561703 178.65893365053535 0
51.74205990280808 178.66995266049705 0
51.80251733076437 178.6809560480241 0
51.862997865194814 178.6919438158363 0
51.923501541838576 178.70291596686627 0
51.98402839646566 178.71387250425875 0
52.04457846487751 178.72481343137076 0
52.10515178290764 178.73573875177138 0
52.165748386422216 178.74664846924136 0
52.226368311320684 178.75754258777312 0
52.287011593536356 178.76842111157046 0
52.347678269037026 178.7792840450484 0
52.408368373825574 178.790131392833 0
52.469081943940544 178.80096315976112 0
52.52981901545678 178.81177935088033 0
52.590579624486004 178.82257997144853 0
52.65136380717744 178.833365026934 0
52.71217159971838 178.84413452301496 0
52.7730030383348 178.85488846557956 0
52.83385815929198 178.86562686072563 0
52.89473699889505 178.8763497147604 0
52.95563959348964 178.8870570342005 0
53.01656597946245 178.89774882577154 0
53.077516193241834 178.90842509640805 0
53.13849027129842 178.91908585325334 0
53.199488250145706 178.92973110365907 0
53.26051016634061 178.9403608551853 0
53.32155605648412 178.95097511560027 0
53.38262595722184 178.96157389287995 0
53.44371990524461 178.97215719520824 0
53.50483793728908 178.98272503097638 0
53.565980090138325 178.99327740878306 0
53.627146400622365 179.00381433743408 0
53.68833690561887 179.0143358259421 0
53.74955164205362 179.02484188352665 0
53.81079064690118 179.0353325196137 0
53.872053957185464 179.04580774383552 0
53.93334160998029 179.05626756603067 0
53.99465364241002 179.06671199624358 0
54.05599009165007 179.0771410447244 0
54.11735099492757 179.0875547219289 0
54.1787363895219 179.09795303851817 0
54.24014631276528 179.1083360053584 0
54.30158080204337 179.11870363352088 0
54.36303989479579 179.12905593428147 0
54.42452362851679 179.13939291912072 0
54.48603204075576 179.14971459972352 0
54.54756516911784 179.16002098797887 0
54.609123051264476 179.17031209597977 0
54.670705724914 179.18058793602293 0
54.73231322784224 179.1908485206087 0
54.793945597883045 179.2010938624407 0
54.85560287292888 179.2113239744257 0
54.917285090931415 179.22153886967357 0
54.978992289902074 179.23173856149668 0
55.040724507912614 179.2419230634102 0
55.10248178309571 179.2520923891315 0
55.164264153645505 179.26224655258008 0
55.22607165781819 179.27238556787748 0
55.287904333932566 179.28250944934695 0
55.34976222037062 179.29261821151317 0
55.4116453555781 179.30271186910235 0
55.47355377806505 179.31279043704163 0
55.535487526406435 179.32285393045916 0
55.59744663924262 179.33290236468386 0
55.65943115528001 179.34293575524507 0
55.721441113291576 179.35295411787249 0
55.783476552117435 179.3629574684959 0
55.845537510665395 179.37294582324503 0
55.907624027911545 179.38291919844926 0
55.969736142900764 179.39287761063744 0
56.03187389474733 179.40282107653778 0
56.094037322635465 179.41274961307744 0
56.15622646581989 179.42266323738258 0
56.21844136362638 179.43256196677797 0
56.28068205545232 179.44244581878675 0
56.342948580767235 179.45231481113046 0
56.40524097911343 179.46216896172857 0
56.46755929010643 179.4720082886984 0
56.52990355343563 179.4818328103549 0
56.5922738088648 179.49164254521042 0
56.65467009623263 179.50143751197456 0
56.717092455453304 179.51121772955383 0
56.77954092651704 179.5209832170516 0
56.84201554949064 179.53073399376777 0
56.90451636451805 179.54047007919863 0
56.967043411820896 179.5501914930366 0
57.029596731699016 179.55989825517005 0
57.092176364531035 179.56959038568309 0
57.154782350774894 179.57926790485536 0
57.21741473096842 179.58893083316173 0
57.28007354572982 179.59857919127228 0
57.34275883575826 179.60821300005188 0
57.40547064183442 179.61783228056015 0
57.468209004820984 179.62743705405106 0
57.530973965663236 179.63702734197295 0
57.59376556538956 179.64660316596812 0
57.656583845112024 179.65616454787263 0
57.71942884602685 179.6657115097163 0
57.78230060941502 179.67524407372218 0
57.845199176642765 179.68476226230658 0
57.90812458916213 179.69426609807874 0
57.9710768885115 179.70375560384068 0
58.03405611631611 179.71323080258685 0
58.097062314288635 179.72269171750415 0
58.16009552422966 179.73213837197142 0
58.22315578802826 179.74157078955952 0
58.28624314766249 179.7509889940309 0
58.34935764519994 179.76039300933945 0
58.412499322798276 179.7697828596303 0
58.47566822270573 179.7791585692396 0
58.53886438726166 179.78852016269428 0
58.60208785889708 179.79786766471182 0
58.66533868013514 179.80720110020007 0
58.728616893591706 179.81652049425702 0
58.791922541975865 179.82582587217064 0
58.85525566809042 179.8351172594184 0
58.91861631483247 179.8443946816675 0
58.98200452519386 179.85365816477417 0
59.04542034226178 179.86290773478385 0
59.108863809219216 179.87214341793063 0
59.17233496934552 179.88136524063736 0
59.2358338660169 179.89057322951516 0
59.29936054270693 179.89976741136326 0
59.3629150429871 179.90894781316894 0
59.42649741052732 179.9181144621071 0
59.49010768909639 179.9272673855401 0
59.5537459225626 179.93640661101765 0
59.617412154894176 179.94553216627645 0
59.681106430159794 179.95464407923998 0
59.744828792529134 179.96374237801834 0
59.80857928627336 179.97282709090797 0
59.87235795576562 179.98189824639152 0
59.93616484548161 179.99095587313747 0
60.0 180.0 0
