-0.0525732420660747
-0.05151438831462883
-0.05045553456318297
-0.0493966808117371
-0.04833782706029124
-0.04727897330884536
-0.04622011955739949
-0.04516126580595363
-0.04410241205450776
-0.0430435583030619
-0.04198470455161603
-0.040925850800170166
-0.0398669970487243
-0.03880814329727843
-0.03774928954583256
-0.03669043579438669
-0.035631582042940826
-0.03457272829149496
-0.033513874540049095
-0.032455020788603225
-0.03139616703715736
-0.03033731328571149
-0.029278459534265625
-0.028219605782819755
-0.02716075203137389
-0.026101898279928024
-0.025043044528482154
-0.02398419077703629
-0.022925337025590423
-0.021866483274144557
-0.020807629522698684
-0.019748775771252818
-0.018689922019806952
-0.017631068268361087
-0.01657221451691522
-0.01551336076546935
-0.014454507014023484
-0.013395653262577618
-0.012336799511131752
-0.011277945759685881
-0.010219092008240014
-0.009160238256794153
-0.008101384505348277
-0.007042530753902412
-0.005983677002456545
-0.004924823251010679
-0.003865969499564813
-0.0028071157481189472
-0.001748261996673081
-0.000689408245227215
0.0003694455062186511
0.00142829754925821
0.002487141831962815
0.003545969422475696
0.0046047737319656725
0.005663549456797801
0.006722290544772382
0.0077809909435055
0.008839644600384909
0.009898245462525932
0.010956785286118504
0.012015248819496246
0.013073638731815862
0.014131948969279867
0.015190173477658985
0.016248306202248153
0.01730634108782249
0.018364272078593293
0.019422079432234188
0.020479760958225204
0.02153731775795006
0.0225947437739527
0.023652032948054562
0.024709179221310704
0.025766176533965936
0.026823016041871272
0.027879666516287472
0.028936147191951627
0.029992452006805673
0.031048574897823394
0.03210450980096689
0.03316025065114297
0.03421579138215949
0.03527110514839365
0.03632618687244297
0.037381047628537216
0.03843568134743774
0.03949008195865039
0.04054424339038237
0.04159815956949876
0.04265182442147939
0.043705185491156984
0.04475827914034347
0.04581110060002999
0.046863643791915266
0.04791590263615797
0.04896787105133366
0.05001954295439213
0.05107089060382266
0.05212189386622325
0.05317257974042972
0.054222942138997664
0.055272974972703684
0.05632267215050295
0.05737202757948676
0.0584210351648401
0.059469637730584585
0.060517864413405856
0.061565722357711156
0.06261320546357962
0.06366030762903363
0.0647070227499966
0.06575334472025123
0.06679925504026622
0.06784469860643783
0.06888972810898548
0.06993433743599622
0.0709785204732683
0.07202227110426955
0.07306558321009618
0.07410845066943142
0.0751508244377562
0.07619270114578994
0.07723411227063809
0.07827505168460755
0.07931551325744715
0.08035549085630715
0.08139497834569841
0.08243396958745207
0.0834723811081867
0.08451026919773443
0.08554764007661521
0.08658448759962274
0.08762080561872944
0.08865658798304649
0.0896918285387841
0.09072650532526633
0.09176054510012875
0.09279402207924077
0.09382693010123472
0.09485926300170386
0.09589101461316309
0.09692217876501014
0.09795274928348637
0.0989826743241077
0.10001193155091932
0.10104057412645626
0.10206859586876448
0.10309599059259991
0.1041227521093903
0.1051488742271971
0.1061743507506776
0.1071990995993176
0.10822315025535122
0.10924653426622341
0.110269245427805
0.1112912775324335
0.11231262436887594
0.11333327972229208
0.1143532373741972
0.11537238611557418
0.11639080525642127
0.11740850560994286
0.11842548094830596
0.11944172503990941
0.1204572316493478
0.12147199453737549
0.12248600622440109
0.12349913276143164
0.12451149446029204
0.1255230850719416
0.1265338983433804
0.1275439280176145
0.1285531678336209
0.1295616115263132
0.13056923741801704
0.13157593198701936
0.13258180927765387
0.13358686301453807
0.13459108691811292
0.13559447470460897
0.13659702008601313
0.1375987167700352
0.13859953475414025
0.1395993694700615
0.14059833429370827
0.14159642292203015
0.14259362904759273
0.1435899463585458
0.1445853685385912
0.14557988926695095
0.14657347796814824
0.1475660238124681
0.14855764696902887
0.14954834110586673
0.1505380998864383
0.15152691696958964
0.1525147860095262
0.15350170065578206
0.1544876394939183
0.15547246626978642
0.15645631737359333
0.15743918644330374
0.15842106711211865
0.15940195300844637
0.16038183775587345
0.1613607149731364
0.16233857827409293
0.16331526051583972
0.16429090795632054
0.16526552015188165
0.1662390907044157
0.1672116132108529
0.1681830812631342
0.16915348844818417
0.17012282834788453
0.17109096244492147
0.172057973352486
0.17302389560210638
0.17398872276341368
0.17495244840092045
0.17591506607399587
0.17687656933684062
0.17783695173846192
0.1787961200139558
0.1797540602314318
0.18071085817075427
0.18166650736844464
0.18262100135576464
0.183574333658693
0.18452649779790217
0.18547748728873595
0.1864272731270761
0.18737570718703156
0.18832294513726788
0.18926898048046123
0.19021380671390167
0.19115741732947225
0.19209980581362773
0.19304096564737427
0.19398089030624888
0.19491944467341213
0.19585668562575217
0.19679266989035343
0.19772739092993283
0.19866084220169225
0.1995930171573
0.20052390924287217
0.20145351189895452
0.20238179498848258
0.2033086005951262
0.20423409521577138
0.20515827227808578
0.20608112520413147
0.2070026474103485
0.20792283230753883
0.2088416733008505
0.20975916378976223
0.21067520288003058
0.2115897679490601
0.21250296090722584
0.21341477514112447
0.2143252040316604
0.215234240954032
0.21614187927771902
0.21704811236646904
0.2179529335782853
0.21885619155895866
0.21975795894999575
0.22065829280919252
0.22155718648175102
0.22245463330711912
0.22335062661897995
0.22424515974524156
0.2251382260080271
0.22602981872366515
0.2269197606887877
0.2278081711708772
0.22869508640451117
0.22958049969338826
0.23046440433541693
0.23134679362270794
0.23222766084156723
0.23310699927248918
0.23398480219015025
0.23486089558853276
0.2357353878692906
0.236608322891676
0.23747969391800136
0.23834949420478035
0.23921771700272357
0.24008435555673455
0.24094940310590662
0.2418128528835198
0.24267456767612325
0.24353457844702203
0.24439296966062993
0.24524973453822874
0.24610486629532158
0.24695835814163195
0.24781020328110356
0.24866039491190034
0.2495089262264071
0.2503557350510017
0.25120069904963255
0.25204398090941826
0.2528855738112159
0.25372547093015424
0.2545636654356366
0.25540015049134407
0.25623491925523945
0.2570679648795716
0.25789928051087985
0.25872869331311305
0.2595562984087778
0.26038215165124295
0.26120624617616384
0.2620285751135562
0.26284913158780376
0.26366790871766554
0.26448489961628424
0.2653000973911947
0.266113493264791
0.26692485242184893
0.26773439656834747
0.26854211880164647
0.2693480122135862
0.2701520698904981
0.27095428491321705
0.2717546503570931
0.27255315929200447
0.2733498047823708
0.27414456278630045
0.2749372267702442
0.27572800539813164
0.2765168917251311
0.277303878801061
0.2780889596704062
0.27887212737233447
0.2796533749407135
0.28043269540412846
0.28121008178590007
0.2819855271041032
0.28275881367379263
0.2835301199031247
0.28429946313808263
0.2850668363886843
0.28583223265983515
0.28659564495135004
0.287357066257975
0.2881164895694099
0.2888739078703316
0.289629314140418
0.29038259576232306
0.2911337206533306
0.29188281157670065
0.2926298615053199
0.29337486340723273
0.2941178102456678
0.29485869497906564
0.29559751056110645
0.29633424994073876
0.2970689060622082
0.29780147186508743
0.2985317765799162
0.2992599042330909
0.2999859196348275
0.30070981571949945
0.301431585416991
0.30215122165273006
0.30286871734772175
0.3035840654185825
0.3042972587775748
0.3050082903326421
0.30571715298744556
0.30642370017639975
0.3071279684791618
0.30783004596725166
0.3085299255409463
0.3092276000964524
0.30992306252594487
0.3106163057176076
0.31130732255567367
0.31199610592046634
0.31268264868844137
0.313366943732229
0.3140489616252969
0.3147285067957432
0.31540578236220235
0.31608078119597016
0.31675349616475906
0.317423920132744
0.31809204596060914
0.31875786650559523
0.3194213746215478
0.3200825631589655
0.32074142496504965
0.32139795288375445
0.3220521084740248
0.32270371713105794
0.323352970077651
0.3239998601589398
0.3246443802170882
0.32528652309134265
0.325926281618086
0.32656364863089304
0.3271986169605861
0.32783117943529183
0.3284613288804982
0.32908905811911254
0.32971435997152027
0.33033708425672814
0.3309572840246243
0.3315750346703374
0.33219032901850926
0.33280315989157466
0.3334135201098231
0.3340214024914626
0.3346267998526836
0.3352297050077234
0.33583011076893216
0.33642800994683886
0.3370233953502181
0.3376162597861583
0.33820649005315434
0.33879407115060683
0.3393791096630231
0.33996159840520285
0.3405415301906142
0.34111889783146565
0.34169369413877865
0.3422659119224605
0.34283554399137894
0.34340258315343697
0.3439670222156481
0.3445288539842133
0.34508807126459756
0.3456446668616086
0.34619851971804294
0.3467496382945276
0.3472981137353179
0.34784393885710246
0.34838710647631294
0.3489276094092059
0.34946544047194666
0.35000059248069215
0.3505330582516763
0.3510628306012952
0.3515899023461933
0.35211426630335085
0.3526359152901712
0.3531548421245699
0.35367103962506413
0.35418438096809857
0.35469489621580763
0.3552026609033114
0.3557076678660179
0.35620990994038854
0.35670937996403246
0.35720607077580063
0.35769997521588215
0.35819108612590034
0.35867939634901025
0.3591648987299968
0.3596475861153738
0.36012745135348356
0.36060448729459804
0.36107868679102006
0.3615500426971859
0.36201848382487256
0.36248394184296834
0.36294653534823373
0.3634062572179865
0.36386310033218683
0.36431705757354405
0.36476812182762464
0.365216285982961
0.3656615429311612
0.36610388556701934
0.3665433067886271
0.3669797994974861
0.3674133565986209
0.36784397100069316
0.3682716356161166
0.36869634336117274
0.36911808715612776
0.36953685992535
0.3699526076244421
0.3703652445106722
0.3707748898765531
0.37118153667691606
0.37158517787127
0.37198580642392404
0.37238341530411057
0.3727779974861098
0.3731695459493743
0.37355805367865563
0.37394351366413103
0.37432591890153133
0.3747052623922694
0.37508153714357045
0.3754547361686019
0.37582485248660547
0.3761918791230291
0.37655580910966074
0.3769166354847623
0.37727435129320486
0.377628949586605
0.37798035425755167
0.37832854661094933
0.3786736015846528
0.3790155122707654
0.379354271768792
0.37968987318577985
0.3800223096364608
0.38035157424339394
0.38067766013710974
0.3810005604562544
0.38132026834773614
0.38163677696687115
0.38195007947753173
0.3822601690522944
0.3825670388725895
0.38287068212885167
0.3831710920206709
0.38346826175694504
0.3837621845560328
0.384052853645908
0.38434026226431467
0.38462440365892286
0.38490527108748573
0.38518285781799766
0.3854571571288525
0.385728162309004
0.3859957792831559
0.38626005849922546
0.386521024723232
0.3867786712988548
0.3870329915810914
0.3872839789364222
0.3875316267429762
0.3877759283906978
0.3880168772815143
0.38825446682950454
0.38848869046106815
0.3887195416150962
0.38894701374314256
0.38917110030959606
0.38939179479185393
0.3896090906804959
0.38982298147945926
0.39003346070621503
0.390240521891945
0.3904441585817196
0.39064436433467675
0.3908411327242018
0.39103445733810815
0.3912243317788191
0.3914107496635503
0.3915937046244934
0.39177319030900054
0.39194920037976977
0.39212172851503135
0.39229076840873517
0.3924563137707386
0.3926183583269961
0.3927768958197489
0.39293192000771615
0.3930834246662867
0.39323140358771214
0.39337585058130026
0.39351675947360987
0.39365412410864614
0.3937879340120693
0.3939181316673572
0.3940447682535063
0.39416783769448804
0.39428733393263105
0.39440325092882167
0.3945155826627054
0.394624323132889
0.3947294663571428
0.39483100637260576
0.3949289372359893
0.39502325302378355
0.3951139478324634
0.3952010157786966
0.3952844509995517
0.39536424765270706
0.3954403999166614
0.3955129019909445
0.39558174809632896
0.395646932475043
0.3957084493909841
0.39576629312993306
0.39582045799976967
0.3958709383306885
0.3959177284754161
0.3959608228094286
0.39600021573117056
0.39603590166227415
0.3960678750477798
0.396096130356357
0.3961206620805267
0.3961414647368837
0.39615853286632047
0.3961718610342514
0.39618144383083814
0.39618727587121577
0.39618935179571935
0.39618766627011165
0.39618221398581166
0.39617298966012365
0.3961599880364673
0.39614320388460833
0.3961226320008899
0.3960982672084653
0.3960701043575308
0.39603813832555923
0.3960023640175347
0.39596277636618826
0.39591937033223334
0.39587214090460293
0.3958210831006869
0.3957661919665703
0.3957074625772724
0.39564489003698594
0.39557846947931813
0.39550819606753107
0.3954340649947839
0.39535607148437507
0.3952742107899854
0.39518847819592207
0.3950988690173628
0.39500537860060125
0.3949080023232925
0.3948067355946994
0.3947015738559403
0.39459251258023564
0.39447954727315704
0.3943626734728761
0.3942418867504137
0.3941171827098901
0.393988556988776
0.39385600525814357
0.3937194950910945
0.39357901153126146
0.3934345872855279
0.39328621816121545
0.3931339000006404
0.3929776286813686
0.39281740011647126
0.39265321025478117
0.39248505508114967
0.3923129306167037
0.3921368329191037
0.391956758082802
0.3917727022393013
0.391584661557414
0.39139263224352205
0.3911966105418365
0.39099659273465875
0.390792575142641
0.3905845541250478
0.3903725260800179
0.3901564874448263
0.389936434696147
0.389712364350316
0.38948427296359417
0.38925215713243155
0.389016013493731
0.3887758387251127
0.38853162954517867
0.3882833827137782
0.3880310950322726
0.38777476334380134
0.3875143845335474
0.38724995552900415
0.38698147330024085
0.3867089348601702
0.3864323372648149
0.3861516776135745
0.3858669530494933
0.3855780556856401
0.3852850536531592
0.384987976540484
0.3846868216724781
0.3843815864191357
0.384072268195851
0.38375886446368657
0.3834413727296426
0.38311979054692613
0.3827941155152201
0.38246434528095236
0.38213047753756557
0.3817925100257861
0.3814504405338937
0.38110426689799076
0.38075398700227175
0.3803995987792929
0.38004110021024134
0.3796784893252047
0.3793117642034401
0.37894092297364385
0.3785659638142204
0.3781868849535516
0.377803677180516
0.37741617131062327
0.3770245389737673
0.3766287786089918
0.37622888870681603
0.37582486780950286
0.37541671451132747
0.3750044274588451
0.37458800535115927
0.37416744694018894
0.373742751030936
0.3733139164817529
0.3728809422046084
0.37244382716535496
0.37200257038399426
0.3715571709349438
0.3711076279473013
0.3706539406051107
0.37019610814762677
0.36973408052230355
0.3692677388962168
0.3687972485985231
0.36832260910303183
0.3678438199402372
0.3673608806975808
0.3668737910197133
0.3663825506087548
0.36588715922455634
0.36538761668495906
0.36488392286605426
0.36437607770244174
0.36386408118748814
0.36334793337358484
0.3628276343724043
0.3623031843551568
0.3617745440406792
0.3612415483332739
0.3607044010377777
0.36016310257974704
0.3596176534457039
0.359068054183387
0.3585143054020037
0.3579564077724795
0.35739436202770786
0.3568281689627981
0.35625782943532386
0.35568334436556903
0.35510471473677396
0.35452194159538064
0.3539350260512759
0.3533437265406233
0.35274826138844617
0.3521486562894412
0.35154491262574605
0.3509370318443028
0.3503250154570955
0.3497088650413866
0.3490885822399526
0.3484641687613179
0.3478356263799883
0.34720295693668307
0.34656616233856496
0.34592524455947105
0.3452799294900771
0.3446304838099342
0.34397692020471865
0.34331924093533167
0.34265744833062683
0.3419915447876307
0.34132153277176436
0.34064741481706057
0.33996919352638233
0.3392868715716384
0.3386004516939974
0.3379099313502975
0.3372150209507591
0.3365160203780703
0.33581293267235063
0.3351057609441742
0.33439450837477414
0.3336791782162461
0.3329597737917495
0.33223629849570846
0.33150875579400957
0.3307771492241983
0.33004148239567516
0.32930148437162077
0.3285573904384876
0.32780924683359675
0.3270570574772415
0.32630082636265434
0.32554055755619044
0.32477625519751013
0.3240079234997581
0.3232355667497428
0.32245918930811085
0.3216786760168649
0.32089394156945034
0.320105199475621
0.31931245441607115
0.31851571114631344
0.31771497449684266
0.3169102493732963
0.3161015407566151
0.3152888537031995
0.3144721933450644
0.31365142807754937
0.3128264981377703
0.3119976104704488
0.3111647705358554
0.3103279838707369
0.3094872560884565
0.30864259287913237
0.3077940000097746
0.3069414833244185
0.3060850487442575
0.3052243883760113
0.30435978951586745
0.30349129093582705
0.302618898892489
0.30174261972033917
0.300862459831866
0.29997842571767475
0.29909052394659774
0.29819876116580407
0.29730285994455113
0.2964030427130464
0.29549938503887124
0.29459189391008833
0.2936805763936968
0.2927654396357234
0.2918464908613118
0.2909237373748094
0.2899971680124256
0.2890664697723261
0.2881319895533425
0.2871937350047776
0.28625171385561216
0.2853059339145749
0.28435640307020793
0.2834031292909287
0.2824461206250913
0.28148516722161854
0.28052035262130526
0.27955182832860664
0.2785796027402936
0.2776036843334005
0.2766240816652659
0.2756408033735711
0.27465385817637467
0.2736630998890093
0.27266848465363375
0.2716702299221998
0.27066834476331025
0.26966283832613314
0.2686537198404162
0.26764099861649815
0.2666246840453191
0.26560460650814977
0.2645807703482915
0.26355337047955596
0.26252241664456216
0.2614879186665696
0.260449886449466
0.2594083299777528
0.2583632593165255
0.2573144028435092
0.25626197168461595
0.25520605821057246
0.254146672838249
0.25308382606499685
0.25201752846860925
0.25094779070727635
0.24987453127488146
0.24879758369530508
0.24771722979058394
0.24663348056990186
0.24554634712258677
0.24445584061804568
0.24336197230569462
0.24226475351488655
0.24116386742033394
0.24005962372800627
0.23895206562746676
0.2378412047970869
0.23672705299475874
0.23560962205779817
0.2344889239028465
0.23336470926247596
0.2322371577657871
0.23110637707097909
0.22997237944104906
0.22883517721775548
0.22769478282149422
0.22655120875117404
0.22540422042584468
0.22425397427170168
0.22310058839758976
0.22194407564519494
0.22078444893400143
0.21962172126113993
0.21845590570123521
0.21728673561097153
0.21611443884938308
0.2149390960683062
0.2137607206806344
0.21257932617588787
0.21139492612003496
0.2102075217913715
0.20901681108275838
0.2078231383205013
0.20662651740420557
0.20542696230892343
0.20422448708495322
0.20301910585763228
0.20181070548636504
0.2005992220989679
0.19938487806611327
0.1981676878404988
0.19694766594870614
0.19572482699097066
0.1944991856409476
0.19327048545091138
0.19203895968967266
0.1908046787179871
0.18956765752963797
0.18832791119051812
0.18708545483837125
0.18584018298504285
0.18459203552844045
0.18334122678102385
0.18208777219366212
0.18083168728762938
0.1795729876543234
0.17831168380685275
0.1770474929582283
0.17578073761026752
0.1745114336597754
0.1732395970721016
0.17196524388083362
0.17068839018748844
0.16940883109253768
0.16812672809966847
0.1668421765291982
0.1655551927782213
0.16426579331003077
0.1629739946537833
0.16167965812220333
0.1603828237532071
0.1590836435392619
0.15778213429586788
0.15647831290252767
0.1551721963023919
0.15386368838112846
0.15255275570814397
0.1512395825442645
0.1499241861090585
0.14860658368375337
0.14728679261085545
0.14596473914109928
0.1446403574879507
0.1433138432266241
0.14198521396544583
0.14065448737190833
0.13932168117227045
0.13798672713979107
0.13664956148919966
0.13531037354279285
0.1339691812813925
0.13262600274235203
0.13128085601913334
0.12993366484721233
0.12858439520783313
0.12723321590951636
0.12588014528839317
0.12452520173435315
0.12316840369060073
0.12180965647695471
0.1204489772113586
0.11908650313716083
0.11772225292772623
0.11635624530726987
0.11498849905039553
0.1136188937497536
0.11224751286463508
0.11087445411794696
0.10949973650135361
0.10812337905433665
0.10674540086371238
0.10536565141796171
0.10398428981803257
0.10260136927803101
0.10121690908817292
0.09983092858333527
0.09844343415557502
0.0970542825606372
0.09566367326782055
0.0942716258034632
0.09287815973581062
0.09148329467450095
0.09008699084550643
0.08868921366000324
0.0872901009997053
0.08588967265109271
0.08448794843919141
0.08308494822704554
0.08168058906253182
0.08027493947105764
0.07886807822745147
0.07746002535650952
0.07605080091811538
0.07464042500669467
0.0732287767842478
0.07181601769710387
0.07040217223949474
0.06898726065207766
0.06757130320704467
0.06615427699189082
0.06473616032806578
0.06331706348488966
0.06189700686738005
0.06047601090902175
0.059054096071201496
0.05763120106672949
0.05620739870526559
0.05478274375393238
0.053357256790723
0.05193095841840127
0.050503858125872665
0.04907590030747502
0.047647197822174234
0.04621777137540504
0.044787641694194726
0.04335682952657861
0.04192531102237507
0.040493115424347
0.03906030454448109
0.03762689921671211
0.036192920292758196
0.034758388641525174
0.03332326023312175
0.03188762300884566
0.03045150064138733
0.029014914068547105
0.027577884242047702
0.026140410682885723
0.02470250774385528
0.023264229389818127
0.021825596626887572
0.020386630471807502
0.01894735195135051
0.017507751393431553
0.01606788004877411
0.014627764401679726
0.013187425515990244
0.011746884462258434
0.010306155648867072
0.008865255744948505
0.00742422185867414
0.005983075082965444
0.004541836514126785
0.0031005272512379545
0.0016591655011445432
0.0002177788488561147
-0.0012236102449324515
-0.00266498067624683
-0.00410631134167263
-0.005547578420350737
-0.006988752049908426
-0.008429817671293917
-0.009870754190957884
-0.01131154051924691
-0.012752155571011673
-0.014192558197160133
-0.015632734850376404
-0.017072672075997292
-0.01851234881619781
-0.019951744020981748
-0.021390829554225003
-0.02282955255086284
-0.024267926004189738
-0.025705928906214745
-0.02714354026008415
-0.028580739080686732
-0.030017467312805583
-0.03145371393024418
-0.03288948025492227
-0.034324745361014646
-0.035759488337721884
-0.03719368409195311
-0.038627242732114375
-0.04006021175808321
-0.04149257033280759
-0.04292429763751599
-0.04435537287230746
-0.045785730832926023
-0.04721534435931082
-0.048644238734143405
-0.0500723932482146
-0.05149978721439964
-0.052926399968241306
-0.05435211364162965
-0.05577698925946513
-0.05720101706897115
-0.0586241765130779
-0.06004644706054417
-0.06146777238732009
-0.06288807829236516
-0.06430742917669145
-0.0657258046303076
-0.06714318427216442
-0.06855954775071951
-0.0699747824208167
-0.0713889103336292
-0.07280195659286895
-0.07421390098436283
-0.0756247233264921
-0.07703440090896886
-0.07844276445058797
-0.07984994104678948
-0.08125591066663736
-0.08266065331473718
-0.08406414903177334
-0.08546632100063102
-0.08686709266135861
-0.08826655327087943
-0.08966468303596412
-0.09106146220237175
-0.0924568710553731
-0.09385077447785226
-0.0952431975693509
-0.09663418707737764
-0.09802372346824924
-0.09941178725061499
-0.10079835897596762
-0.10218324343184391
-0.10356657155829305
-0.10494834527957018
-0.10632854534269122
-0.1077071525402438
-0.1090841240376012
-0.11045927632951487
-0.11183277423764407
-0.11320459876191163
-0.11457473095045692
-0.11594315190011052
-0.11730977710252884
-0.11867449321068634
-0.12003743760917679
-0.12139859161567196
-0.12275793659907669
-0.12411545397998731
-0.12547102337479085
-0.12682459068269178
-0.12817627102899806
-0.1295260460680807
-0.13087389750843312
-0.13221980711310877
-0.13356362742565442
-0.13490534670026053
-0.13624506595304484
-0.1375827671931723
-0.13891843248668667
-0.1402520439569261
-0.1415834390057832
-0.14291262511958722
-0.1442397004551202
-0.14556464739354713
-0.1468874483755269
-0.1482080859016087
-0.14952639740074158
-0.1508423800165387
-0.15215614350758672
-0.15346767064333122
-0.15477694425518637
-0.15608394723690555
-0.15738853554300938
-0.15869065976003557
-0.15999045901591394
-0.16128791648370439
-0.16258301540075853
-0.16387573906907155
-0.16516598387247972
-0.16645361083273913
-0.16773880959939275
-0.16902156376347022
-0.17030185698246864
-0.17157967298067772
-0.1728549739385193
-0.17412748139230777
-0.17539746011143925
-0.17666489411827616
-0.1779297675036689
-0.17919206442725724
-0.1804517691177699
-0.18170862456760326
-0.18296278089405466
-0.18421429518321034
-0.1854631519714691
-0.18670933586586072
-0.18795283154431972
-0.18919350148536532
-0.19043125076212483
-0.19166626353464045
-0.19289852479603256
-0.19412801961173345
-0.19535473311974016
-0.19657865053086004
-0.19779945971437618
-0.19901740735828208
-0.20023251241569756
-0.20144476042044035
-0.2026541369803908
-0.20386062777771705
-0.2050641113689164
-0.20626444884158684
-0.20746185564618855
-0.2086563177938689
-0.20984782137117997
-0.2110363525402764
-0.2122218975391112
-0.21340422628964004
-0.21458341175326323
-0.2157595680096302
-0.21693268163171514
-0.21810273926925428
-0.21926972764891486
-0.22043363357446374
-0.22159415624920828
-0.22275150587441728
-0.2239057319065582
-0.22505682148951187
-0.22620476184506813
-0.22734954027306747
-0.2284911441515423
-0.22962924620291966
-0.2307641065813239
-0.2318957531933967
-0.23302417376143775
-0.23414935608659587
-0.23527128804898365
-0.23638995760779086
-0.23750506144734626
-0.23861680996311105
-0.2397252587993458
-0.24083039626273609
-0.24193221073955248
-0.24303069069573835
-0.24412582467699726
-0.24521738982590646
-0.24630543494117094
-0.24739009875981932
-0.2484713701773711
-0.2495492381694667
-0.25062369179192917
-0.25169472018082534
-0.25276224330220026
-0.2538260247579588
-0.25488634762094
-0.2559432013784599
-0.2569965755982965
-0.2580464599287254
-0.2590928440985555
-0.2601357179171581
-0.2611748478493754
-0.26221030522962985
-0.2632422211363536
-0.26427058573078854
-0.26529538925480034
-0.2663166220308888
-0.26733427446219254
-0.2683483370324937
-0.2693584969262473
-0.2703649862316274
-0.2713678567881491
-0.27236709943101506
-0.2733627050759807
-0.27435466471933556
-0.2753429694378834
-0.2763276103889174
-0.2773082784924299
-0.2782852019687536
-0.27925843501485625
-0.2802279691379797
-0.28119379592562016
-0.282155907045486
-0.2831142942454501
-0.2840689493535007
-0.28501965835757603
-0.2859664642965554
-0.28690951369023876
-0.2878487987141129
-0.2887843116234082
-0.2897160447530288
-0.2906439905174829
-0.29156814141080856
-0.29248847761052016
-0.2934046600170482
-0.29431702528638065
-0.29522556625668
-0.2961302758451357
-0.2970311470478718
-0.29792817293985513
-0.2988213466747966
-0.29971066148505165
-0.30059604709220017
-0.30147727296157584
-0.3023546200609121
-0.30322808196191786
-0.3040976523143081
-0.30496332484568767
-0.3058250933614328
-0.306682951744572
-0.3075368939556608
-0.308386914032658
-0.3092326735780875
-0.31007448788187547
-0.310912362841185
-0.3117462928269031
-0.3125762722865414
-0.31340229574409456
-0.3142243577998971
-0.31504245313047863
-0.31585657648841703
-0.3166666099604248
-0.31747243862452174
-0.3182742804300957
-0.31907213045584587
-0.3198659838556258
-0.32065583585828117
-0.321441681767488
-0.3222235169615865
-0.32300133689341365
-0.32377513709013545
-0.32454484100536407
-0.3253102638160741
-0.3260716545184658
-0.3268290089573506
-0.32758232305085955
-0.3283315927902598
-0.32907681423977375
-0.32981798353639197
-0.3305550968896869
-0.3312881505816237
-0.33201714096637003
-0.3327418969122703
-0.33346243809397647
-0.33417890626827557
-0.3348912980966704
-0.335599610311745
-0.3363038397169639
-0.33700398318646957
-0.33770003766487766
-0.3383920001670697
-0.33907986777798715
-0.3397636376524214
-0.34044325872384484
-0.3411185275302498
-0.34178969147356175
-0.34245674800464176
-0.3431196946429845
-0.3437785289765004
-0.34443324866129477
-0.34508385142144715
-0.34573033504878803
-0.3463726974026762
-0.34701093640977276
-0.3476450500638146
-0.3482750364253873
-0.34890063048653674
-0.3495220778334424
-0.3501393936609079
-0.3507525763113706
-0.3513616241928067
-0.3519665357784951
-0.35256730960678245
-0.35316394428084485
-0.35375643846844973
-0.3543447909017159
-0.3549290003768742
-0.3555090657540249
-0.35608498595689503
-0.35665659432088176
-0.3572239627229114
-0.35778718446640745
-0.35834625874183945
-0.3589011848019213
-0.35945196196136253
-0.3599985895966188
-0.3605410671456426
-0.3610793941076323
-0.3616135700427801
-0.36214359457201994
-0.36266946737677463
-0.3631911881987015
-0.36370875683943776
-0.3642221731603461
-0.3647312249863287
-0.3652361030134283
-0.3657368301955302
-0.3662334066425896
-0.36672583252284224
-0.36721410806254456
-0.3676982335457149
-0.3681782093138728
-0.36865403576577815
-0.36912571335716915
-0.3695932426005012
-0.3700566240646842
-0.37051585837481904
-0.370970946211935
-0.3714218883127258
-0.371868685469285
-0.3723113104765579
-0.3727496152308167
-0.3731837794243468
-0.37361380407788514
-0.374039690266086
-0.37446143911725377
-0.37487905181307657
-0.3752925295883589
-0.37570187373075503
-0.3761070855805014
-0.3765081665301483
-0.3769051180242927
-0.3772979415593096
-0.37768663868308405
-0.3780712109947419
-0.37845166014438164
-0.3788279878328058
-0.37920019581125136
-0.3795682858811203
-0.3799322598937114
-0.3802920907617472
-0.38064767015762035
-0.38099914115315947
-0.38134650580312335
-0.38168976621066775
-0.38202892452707665
-0.3823639829514924
-0.382694943730647
-0.383021809158592
-0.38334458157643003
-0.38366326337204465
-0.3839778569798322
-0.38428836488043167
-0.38459478960045645
-0.384897133712225
-0.3851953998334921
-0.3854895906271802
-0.3857797088011109
-0.38606575710773644
-0.3863477383438715
-0.3866256553504248
-0.38689951101213216
-0.38716930825728746
-0.387435050057476
-0.3876967394273072
-0.3879543794241475
-0.3882079731478528
-0.38845740592969435
-0.38870279956018483
-0.38894415836487084
-0.38918148561349497
-0.3894147846168193
-0.3896440587263607
-0.389869311334127
-0.3900905458723526
-0.39030776581323506
-0.3905209746686714
-0.390730175989996
-0.39093537336771716
-0.3911365704312555
-0.3913337708486818
-0.3915269783264561
-0.3917161966091666
-0.39190142947926887
-0.39208268075682595
-0.39225995429924904
-0.3924332540010379
-0.3926025837935221
-0.3927679476446032
-0.39292934955849673
-0.39308679357547466
-0.3932402837716092
-0.3933898242585161
-0.3935354191830992
-0.3936770727272948
-0.3938147891078173
-0.3939485725759052
-0.39407842741706706
-0.3942043579508287
-0.3943263685304808
-0.394444463542827
-0.3945586474079323
-0.3946689245788727
-0.39477529954148494
-0.39487777681411673
-0.3949763609473784
-0.395071056523894
-0.3951618681580542
-0.39524880049576877
-0.39533185821422034
-0.3954110460216189
-0.3954863686569566
-0.395557830889763
-0.39562543751986173
-0.3956891933771275
-0.395749103321243
-0.39580517224145817
-0.39585740505634825
-0.3959058067135742
-0.3959503821896426
-0.39599113648966716
-0.3960280746471302
-0.3960612017236452
-0.39609052280872037
-0.39611604301952263
-0.39613776750064217
-0.39615570142385775
-0.39616984998790367
-0.3961802184182361
-0.39618681196680106
-0.39618963591180334
-0.396188695557475
-0.3961839962338465
-0.39617554329651666
-0.39616334212642484
-0.39614739812962324
-0.3961277167370503
-0.39610430340430447
-0.3960771636114194
-0.3960463028626394
-0.39601172668619605
-0.39597344063408535
-0.3959314502818461
-0.39588576122833863
-0.39583637909552477
-0.3957833095282483
-0.3957265581940165
-0.3956661307827827
-0.39560203300672886
-0.3955342706000501
-0.39546284931873943
-0.3953877749403732
-0.3953090532638982
-0.3952266901094185
-0.39514069131798424
-0.3950510627513804
-0.3949578102919172
-0.39486093984222087
-0.3947604573250254
-0.39465636868296533
-0.3945486798783693
-0.3944373968930544
-0.3943225257281216
-0.394204072403752
-0.39408204295900395
-0.39395644345161107
-0.3938272799577811
-0.39369455857199603
-0.3935582854068123
-0.39341846659266294
-0.3932751082776599
-0.39312821662739744
-0.39297779782475667
-0.3928238580697107
-0.39266640357913096
-0.3925054405865942
-0.39234097534219065
-0.39217301411233263
-0.3920015631795649
-0.3918266288423753
-0.3916482174150062
-0.3914663352272676
-0.3912809886243503
-0.3910921839666407
-0.39089992762953607
-0.39070422600326105
-0.39050508549268464
-0.39030251251713904
-0.390096513510238
-0.3898870949196978
-0.3896742632071576
-0.3894580248480017
-0.38923838633118235
-0.38901535415904387
-0.3887889348471471
-0.3885591349240952
-0.3883259609313606
-0.38808936526340515
-0.3878493554737697
-0.38760599005003354
-0.38735927559398853
-0.3871092187195001
-0.386855826052339
-0.38659910423001415
-0.3863390599016057
-0.3860756997276
-0.38580903037972464
-0.38553905854078513
-0.38526579090450197
-0.38498923417534886
-0.3847093950683923
-0.38442628030913106
-0.3841398966333377
-0.3838502507869009
-0.38355734952566767
-0.3832611996152875
-0.38296180783105743
-0.382659180957768
-0.38235332578954934
-0.38204424912971896
-0.38173195779063124
-0.3814164585935257
-0.38109775836837806
-0.38077586395375185
-0.38045078219665046
-0.38012247298850804
-0.3797908936221816
-0.37945614652263676
-0.3791182385811573
-0.3787771766967816
-0.37843296777616087
-0.3780856187334171
-0.3777351364900022
-0.37738152797455793
-0.3770248001227775
-0.37666495987726684
-0.376302014187408
-0.3759359700092225
-0.3755668343052367
-0.3751946140443466
-0.3748193162016852
-0.37444094775848963
-0.37405951570196944
-0.3736750270251763
-0.3732874887268735
-0.3728969078114084
-0.3725032912885828
-0.37210658529631624
-0.3717067507901216
-0.371303900997819
-0.37089804296254886
-0.3704891837323079
-0.3700773303598257
-0.36966248990244216
-0.36924466942198636
-0.3688238759846569
-0.3684001166609013
-0.36797339852529787
-0.3675437286564383
-0.3671111141368107
-0.36667556205268315
-0.36623707949398915
-0.3657956735542138
-0.3653513513302795
-0.36490411992243466
-0.36445398643414106
-0.36400084730246063
-0.3635447452282665
-0.3630857618801623
-0.3626239043866317
-0.362159179878844
-0.36169159549054775
-0.36122115835796414
-0.3607478756196829
-0.3602717544165569
-0.3597928018915995
-0.35931102518988234
-0.3588264314584327
-0.3583390278461334
-0.3578488215036226
-0.357355819583195
-0.35686002923870297
-0.3563614576254597
-0.35585994036955104
-0.3553556283533442
-0.3548485562193442
-0.35433873114129566
-0.35382616029393776
-0.3533108508529099
-0.3527928099946603
-0.35227204489635494
-0.35174856273578675
-0.3512223706912859
-0.35069347594163147
-0.35016188566596324
-0.3496276070436944
-0.34909064725442485
-0.34855101347785683
-0.3480085954950291
-0.34746342562887855
-0.3469156031682409
-0.3463651353060771
-0.3458120292350341
-0.34525629214736414
-0.34469793123484477
-0.34413695368869845
-0.3435733666995141
-0.34300717745716874
-0.3424383931507508
-0.3418670209684829
-0.3412930680976467
-0.34071654172450727
-0.3401373754760144
-0.3395555059654095
-0.33897108452388547
-0.33838411834665094
-0.33779461462752897
-0.3372025805588871
-0.3366080233315668
-0.33601095013481513
-0.33541136815621464
-0.33480928458161624
-0.334204706595073
-0.3335976413787727
-0.3329880961129721
-0.3323760779759331
-0.3317613783362034
-0.33114421226052543
-0.3305245950218466
-0.32990253380352497
-0.3292780357865978
-0.32865110814972204
-0.3280217580691132
-0.3273899927184871
-0.32675581926900005
-0.3261192448891909
-0.3254802767449246
-0.32483892199933423
-0.3241951242353117
-0.32354878936132064
-0.3229000896839847
-0.32224903236859614
-0.32159562457742763
-0.3209398734696798
-0.32028178620142816
-0.3196213699255725
-0.3189586317917854
-0.31829357894646304
-0.3176262185326743
-0.3169565576901134
-0.31628456551201745
-0.3156100935473844
-0.31493334301698284
-0.31425432106003987
-0.3135730348121547
-0.31288949140525135
-0.3122036979675351
-0.31151566162344924
-0.3108253894936306
-0.31013288869486755
-0.309438166340058
-0.3087412295381688
-0.3080419605206332
-0.3073403826166519
-0.3066366121713524
-0.3059306562909072
-0.3052225220773365
-0.3045122166284699
-0.3037997470379097
-0.3030851203949934
-0.30236834378475835
-0.30164942428790653
-0.30092836898076897
-0.30020510994972344
-0.29947956955062727
-0.2987519152701196
-0.2980221541798533
-0.2972902933469185
-0.29655633983381174
-0.2958203006984038
-0.29508218299391015
-0.2943419937688608
-0.2935997400670719
-0.2928554289276163
-0.29210895791026387
-0.2913603182900407
-0.29060964316915505
-0.2898569395803435
-0.289102214551435
-0.28834547510532593
-0.2875867282599538
-0.28682598102827356
-0.2860632404182344
-0.2852985134327553
-0.28453180706970344
-0.2837629105276097
-0.2829920327903324
-0.2822191976072662
-0.2814444119685002
-0.2806676828589336
-0.2798890172582543
-0.27910842214092013
-0.27832590447614014
-0.27754147122785733
-0.27675512935473
-0.27596672877840633
-0.27517635807191937
-0.27438410065897273
-0.2735899634893113
-0.2727939535072787
-0.2719960776518039
-0.2711963428563857
-0.2703947560490793
-0.26959132415248344
-0.26878605408372697
-0.2679787982471841
-0.2671696421581559
-0.26635866979330997
-0.26554588805988594
-0.2647313038595594
-0.26391492408843176
-0.2630967556370196
-0.2622768053902465
-0.2614550802274337
-0.2606315870222926
-0.2598061297231158
-0.2589788935241372
-0.2581499111495387
-0.25731918946232024
-0.256486735319798
-0.2556525555735973
-0.25481665706964834
-0.25397904664818055
-0.2531397311437189
-0.25229864744187197
-0.25145571712286097
-0.2506111035569654
-0.24976481356737726
-0.24891685397152705
-0.24806723158108143
-0.24721595320194192
-0.24636302563424434
-0.24550845567235746
-0.2446522501048834
-0.24379421247236063
-0.24293453538467344
-0.24207324448614584
-0.2412103465534961
-0.2403458483576367
-0.23947975666367755
-0.23861207823092714
-0.2377428198128962
-0.23687198815730173
-0.2359994398208959
-0.23512526500018105
-0.23424953869695384
-0.23337226764665547
-0.2324934585789091
-0.23161311821752592
-0.2307312532805121
-0.22984787048007355
-0.22896297652262318
-0.22807644686789777
-0.22718833814059147
-0.2262987399682945
-0.22540765904485335
-0.2245151020583141
-0.2236210756909301
-0.22272558661917208
-0.22182864151373674
-0.22093024703955771
-0.22003026800469877
-0.21912878717123277
-0.21822587863527065
-0.2173215490489844
-0.2164158050587886
-0.2155086533053521
-0.214600100423611
-0.21369015304277927
-0.21277881778636315
-0.21186592370300228
-0.2109516304911832
-0.2100359710220746
-0.20911895190631807
-0.2082005797488673
-0.2072808611490014
-0.20635980270034077
-0.20543741099086282
-0.20451365632457338
-0.20358842004402142
-0.20266187207861955
-0.20173401900344845
-0.20080486738797604
-0.19987442379607437
-0.19894269478603832
-0.198009686910602
-0.1970754067169576
-0.19613974480066879
-0.19520274838132012
-0.1942645011690484
-0.19332500969820382
-0.19238428049763875
-0.1914423200907252
-0.19049913499537574
-0.1895547317240637
-0.18860909418762284
-0.18766208800645023
-0.1867138851305296
-0.18576449205959475
-0.18481391528799235
-0.1838621613047054
-0.18290923659337438
-0.18195514763232085
-0.18099990089456894
-0.18004337085176536
-0.17908564943908642
-0.1781267916792262
-0.17716680403266702
-0.17620569295465802
-0.1752434648952402
-0.17428012629926912
-0.17331568360644076
-0.17235006859772495
-0.17138326443787888
-0.17041537756631306
-0.1694464144104014
-0.16847638139243218
-0.16750528492963207
-0.16653313143419307
-0.16555992731330016
-0.16458564471937506
-0.1636101922805306
-0.16263371055726566
-0.16165620594471475
-0.16067768483308542
-0.15969815360768658
-0.15871761864895742
-0.15773608633249409
-0.15675355454630147
-0.15576988699733904
-0.15478524338811614
-0.1537996300824986
-0.15281305343959928
-0.15182551981380882
-0.15083703555482378
-0.14984760700767766
-0.1488572405127701
-0.1478657946066545
-0.14687342081176766
-0.14588013031709485
-0.14488592945173845
-0.14389082454026483
-0.14289482190273667
-0.141897927854744
-0.1409001487074376
-0.1399013532689189
-0.1389016797575716
-0.1379011423533661
-0.136899747356567
-0.1358975010631037
-0.1348944097646028
-0.13389047974842172
-0.13288571729768012
-0.13187999348091167
-0.130873449530783
-0.12986609431231186
-0.12885793409818713
-0.12784897515697233
-0.1268392237531409
-0.12582868614710888
-0.12481735949735728
-0.1238051383077814
-0.12279215204947339
-0.1217784069728269
-0.12076390932429536
-0.11974866534642853
-0.11873268127790623
-0.11771596335357486
-0.11669849242472607
-0.11568020365048877
-0.11466120211654508
-0.11364149404823963
-0.11262108566720676
-0.11159998319140536
-0.11057819283515687
-0.10955572080918172
-0.1085325287589991
-0.10750859854633302
-0.1064840077245126
-0.10545876249530987
-0.10443286905702288
-0.1034063336045142
-0.10237916232924826
-0.10135136141933047
-0.1003228720021524
-0.09929372550026194
-0.09826397039076452
-0.09723361285339832
-0.09620265906467457
-0.09517111519791527
-0.09413898742329309
-0.0931062819078686
-0.0920729194232458
-0.09103898084471367
-0.09000448552105315
-0.08896943961156965
-0.08793384927259353
-0.08689772065752131
-0.08586105991685393
-0.08482385860196773
-0.08378606244118088
-0.08274775512576507
-0.08170894279900007
-0.08066963160141052
-0.07962982767080758
-0.07858953714232744
-0.07754876614847281
-0.07650748102888401
-0.07546568703186932
-0.07442343351340638
-0.07338072659943112
-0.07233757241339143
-0.07129397707628596
-0.0702499467067059
-0.06920548742087738
-0.0681605440847039
-0.06711517415766097
-0.06606939623377908
-0.06502321642339329
-0.06397664083461906
-0.0629296755733949
-0.061882326743525014
-0.06083458680142395
-0.059786424843112626
-0.05873790021689155
-0.05768901902125934
-0.05663978735272831
-0.055590211305867755
-0.05454029697334713
-0.05349005044597636
-0.05243944358911625
