0.0
0.0014470611148074619
0.002883365640582889
0.004309121358173967
0.005724531289766934
0.007129793806217534
0.00852510273225949
0.009910647449607816
0.011286612997976286
0.012653180174030266
0.014010525628297622
0.015358821960062002
0.016698237810263916
0.018028937952436264
0.019351083381701887
0.020664831401861494
0.02197033571060122
0.023267746482849416
0.02455645166076878
0.025836960499871445
0.027109767115142826
0.02837501010903282
0.029632824900300545
0.030883343798215567
0.03212669607509651
0.03336300803721857
0.03459110143966063
0.03581221941223667
0.03702663234448464
0.03823445672510545
0.03943580636576468
0.04063079246397458
0.04181840010266126
0.042999297558968363
0.04417413111600429
0.045343003264714445
0.046506014138704116
0.04766279098869361
0.04881253677496833
0.04995669475572945
0.05109535716985532
0.05222861413202538
0.05335586013027797
0.05447661140997677
0.055592206848746877
0.056702729405332844
0.05780826012576406
0.05890720205538661
0.060000927644709524
0.06108988926347916
0.062174161473681225
0.06325263895831713
0.06432561308931702
0.06539411014638716
0.06645819868261198
0.06751683566101993
0.06857010323903649
0.0696191601558448
0.07066406939753027
0.07170346365000446
0.0727380009927145
0.0737685750295173
0.07479524359043725
0.07581596792899366
0.07683268733648002
0.07784567306482532
0.07885425720551902
0.07985758156674358
0.08085733558518204
0.08185356906064555
0.08284438552660944
0.0838313392864549
0.08481492468591764
0.08579418157296984
0.08676874771910251
0.0877400901599135
0.08870800851813228
0.08967058171497921
0.09063006868688968
0.09158650946592067
0.09253782117104649
0.09348582330870556
0.09443090731837397
0.0953714067545472
0.09630827857526571
0.09724235394983985
0.09817224153313193
0.0990983221414981
0.10002172190233424
0.10094119253328267
0.10185680629414563
0.1027698490088704
0.10367909223023782
0.10458454941150971
0.10548753982367298
0.1063867399724865
0.1072823373591493
0.10817556698970428
0.10906490334376592
0.10995092482440748
0.11083467254631423
0.11171431946536713
0.11259103659251143
0.11346556917970056
0.11433569624142945
0.11520336876686765
0.11606879803312836
0.11692971354978295
0.11778858993605669
0.1186447450304142
0.1194970243807822
0.12034734228991659
0.12119438139754907
0.12203825592646217
0.12288024268699493
0.12371831964877553
0.12455401062223938
0.12538766287533484
0.12621714810283838
0.1270448671432774
0.12786978011620406
0.12869143185529966
0.12951138135753643
0.13032769852329948
0.13114171370858138
0.1319537855313661
0.13276194810805292
0.1335685150616109
0.1343721988914158
0.13517303795882457
0.13597233676085413
0.13676776635523305
0.1375614570713596
0.13835280854189227
0.13914096531376488
0.13992767514321053
0.14071096607352934
0.14149225428947831
0.1422715619079959
0.14304749835800382
0.14382207367789362
0.14459350639120278
0.14536283524723914
0.14613037550355543
0.1468945236860855
0.14765738955980368
0.1484172327724014
0.1491750166577253
0.149931054449993
0.15068381830145258
0.15143537215875716
0.15218388326516863
0.15293050954115078
0.15367529857662995
0.1544170555968455
0.1551576688823166
0.15589509434000987
0.15663092494850145
0.1573647081204277
0.1580958109416912
0.15882583065298525
0.15955240634388665
0.1602777793077792
0.16100078904936924
0.16172156690011225
0.16244103539042082
0.16315726859263308
0.16387249941529228
0.16458495803185397
0.16529571810138877
0.16600470737215323
0.16671104412302956
0.16741642709270915
0.1681185470727553
0.16881957578301823
0.16951829511611466
0.17021501412411633
0.17091035501348806
0.17160280783517287
0.17229437202492992
0.17298302126902557
0.1736703820657748
0.17435571743248346
0.17503891566538987
0.17572095800611476
0.17640003352772357
0.17707827754114422
0.1777537950656477
0.17842797333711366
0.1791002584193206
0.17977040828701463
0.18043948047406597
0.18110563835791815
0.18177101452972635
0.1824337182937824
0.18309515402636667
0.18375470163199145
0.1844122309864242
0.1850686407194373
0.18572229689107445
0.1863752144484697
0.1870254020594815
0.1876744929133308
0.18832159566361428
0.1889668907900657
0.1896109257426299
0.19025245529916404
0.19089328320624568
0.19153123255371884
0.19216833662672497
0.19280326757260838
0.1934366758745278
0.19406860429326528
0.19469834411027936
0.19532728558403825
0.19595338343566063
0.1965788217348019
0.19720183490503088
0.19782366730068732
0.19844373853665495
0.19906198959121016
0.19967913332353965
0.2002938268683746
0.2009078855047264
0.20151921638793213
0.20212974943455458
0.20273819440912713
0.20334522383391912
0.20395079620406523
0.20455434327491606
0.20515705606670664
0.20575714135885106
0.2063566191175278
0.20695365072455194
0.20754969360587766
0.20814390305631453
0.20873652987203445
0.20932792909148334
0.20991715798600774
0.21050575862767015
0.2110916070839621
0.2116768680138826
0.21225990537477477
0.21284180802851033
0.21342208014623576
0.2140006403236145
0.2145781577708911
0.21515339063012395
0.21572804502101423
0.2163000837736709
0.21687142948525184
0.21744074367943025
0.21800879423691977
0.21857539337660653
0.21914016167917277
0.2197040550025682
0.2202655533266705
0.22082648146464928
0.2213849898090664
0.22194266222201478
0.22249849087414453
0.2230529182518796
0.22360607539060393
0.22415726781045642
0.2247077613504902
0.22525572827923554
0.22580312713596398
0.2263483161667674
0.22689249951766383
0.22743504711009008
0.22797602286283034
0.2285159358758001
0.22905371133235916
0.22959091484336755
0.23012557821792218
0.23065958815499563
0.23119163594201925
0.23172245805652006
0.2322518960576671
0.23277953549579772
0.23330636924772274
0.2338308305498769
0.2343547116222414
0.23487635242364396
0.2353970578802222
0.23591610944809663
0.23643364227182134
0.23695010907824166
0.23746447164117546
0.23797824232318
0.23848955195179308
0.2390001516085063
0.2395088882833675
0.24001631770994286
0.2405224848281995
0.24102674419925527
0.24153034488722597
0.2420314337534451
0.2425319120319186
0.24303038815004313
0.24352769083020334
0.24402360826199507
0.24451773327403764
0.24501109405213503
0.245502038686548
0.24599235300782396
0.24648060546974532
0.24696773085505136
0.24745343109779772
0.24793736316718548
0.24842051210986804
0.24890124582278716
0.24938132578108224
0.24985937375135095
0.2503362431958207
0.2508117409248725
0.25128539307989006
0.2517583403489549
0.2522287677519624
0.252698514011416
0.2531663585470085
0.2536328641273466
0.2540981558060514
0.25456141142934113
0.2550239630237935
0.25548414453467283
0.25594342743113613
0.2564010510351491
0.256857054070794
0.25731211748492494
0.2577648287502847
0.2582168012480146
0.2586667362159637
0.25911539404257017
0.25956276013930885
0.2600080893901281
0.26045265158187014
0.260894869083093
0.2613360766512862
0.2617757137972602
0.26221355074888825
0.26265058987008316
0.2630850525916345
0.26351869172958065
0.2639505597333598
0.26438078070242876
0.26481004854709744
0.2652368322948316
0.2656627709283777
0.2660868207982702
0.2665092878905339
0.2669307192699575
0.267349693414803
0.2677677846962209
0.2681839583748722
0.2685985185793732
0.26901205235114894
0.2694230575853866
0.2698331389240646
0.2702413689986413
0.27064785318131035
0.2710533871190045
0.2714562792439326
0.2718581712316575
0.27225838061828883
0.2726566024073604
0.2730538271396501
0.2734486416464962
0.2738421468692055
0.2742342484702397
0.2746240030250802
0.275012709567571
0.27539935247828523
0.27578425420533803
0.27616807546408095
0.27654921319193393
0.2769291723416133
0.27730753902839256
0.2776835997694998
0.27805852170332895
0.27843130733118515
0.27880226813275116
0.2791720530502559
0.27953920281372774
0.27990496032077106
0.280269270514111
0.2806309585755016
0.28099140380389626
0.2813499893553205
0.2817062927386962
0.282061310755522
0.2824141079531989
0.2827649076955467
0.2831143772794201
0.2834613186655481
0.28380648930984176
0.2841502825900644
0.2844912968481067
0.28483070607001404
0.28516868814329893
0.28550369997959896
0.2858372081910574
0.2861691893047058
0.28649816673404516
0.2868256266623418
0.2871514846831951
0.2874743159973049
0.28779557223820823
0.2881152213727335
0.2884317458246319
0.28874663436802905
0.28905986714484
0.28937003233581426
0.28967838006220853
0.2899850064691934
0.29028872854425675
0.29059035269037337
0.29089018614696277
0.2911873631161314
0.2914820707077672
0.2917749141678334
0.29206543905547644
0.29235302630560944
0.29263867163944557
0.2929223491298004
0.2932026839809109
0.29348091131934734
0.29375708666143785
0.29403047902095597
0.2943010560593018
0.29456949187644293
0.29483575631278486
0.2950984971567056
0.29535894256357337
0.2956171198792171
0.29587259260755105
0.2961247824050655
0.2963746014808384
0.29662201458077364
0.2968663190758464
0.2971074932357881
0.2973461500018528
0.29758225075921246
0.29781504830887096
0.298044638670267
0.2982715519542375
0.29849574580552773
0.29871667467660273
0.2989340649272229
0.29914860408049637
0.29936024562330016
0.2995689197210167
0.29977344083989566
0.29997492105239426
0.30017330922856333
0.3003685529338188
0.30056024192937936
0.3007479191029601
0.3009322919276443
0.30111330268919556
0.30129089216155347
0.3014647981461862
0.30163432693928444
0.3018002558221407
0.3019625195381752
0.3021210510832988
0.3022757816482519
0.3024262283474602
0.3025722194065143
0.3027142046067976
0.30285210804746027
0.3029858517462523
0.30311535557165514
0.3032405371728995
0.3033608260407021
0.30347634306569155
0.30358729632145137
0.3036935948733424
0.30379514523392115
0.30389185128061263
0.30398361417082187
0.3040703322544047
0.30415190098341666
0.30422808578774246
0.3042985374056542
0.3043635388236017
0.3044229744757356
0.3044767254709995
0.3045246694870887
0.3045666806611304
0.3046026294769873
0.30463238264908293
0.3046558030026467
0.30467274935027333
0.30468307636468794
0.30468663444760785
0.3046832695945876
0.30467282325573297
0.30465513219216656
0.30463002832812536
0.3045973385985693
0.30455688479217624
0.3045084833895987
0.3044519453968535
0.30438707617371635
0.3043136752569886
0.3042315361785057
0.30413987066602083
0.3040387672686384
0.3039281759996792
0.30380786044184577
0.30367757702821413
0.3035370748209993
0.30338609528399163
0.303223823610065
0.30304954128033035
0.30286383265390043
0.3026664011186027
0.3024569410347071
0.30223398000583884
0.3019973165723068
0.3017474946476703
0.3014841632373549
0.301204806817823
0.3009105266662331
0.30060143240853293
0.30027492136086054
0.2999315755397548
0.299571955535571
0.2991918527804334
0.29879425878986277
0.29837617114424053
0.2979376949894596
0.29747782794970357
0.29699529729874546
0.29648945294172746
0.29595940836166423
0.29540294659107663
0.2948213301953615
0.29420941479546214
0.2935690082554203
0.292898640105071
0.2921939189275603
0.291455180243266
0.2906807840499058
0.2898684913509307
0.28901591719561426
0.28812042455488596
0.28717908961942845
0.2861899259854331
0.2851495980621824
0.2840542376503211
0.28290083079888495
0.28168578349031237
0.2804053086447659
0.2790532808462058
0.27762414500390115
0.2761150187787274
0.2745152714994345
0.2728217050671844
0.2710265096412618
0.2691184914897596
0.2670906718667076
0.26493343647331075
0.26263616106612436
0.26018465830688936
0.2575705585054357
0.25477997078148534
0.2518013415728313
0.24861974918221222
0.24522722196054422
0.2416152551388375
0.23777743402225812
0.23371544907576733
0.2294375246372578
0.2249568141141727
0.22029762284077195
0.21549161142658743
0.2105753489722355
0.2055891836677721
0.2005746079242524
0.1955694481160212
0.19060719457127268
0.18571518346699287
0.18091388098762398
0.17621838158625258
0.171638277248576
0.16717824964567918
0.16284165486910512
0.15862657086129733
0.15453263751992227
0.15055466163759415
0.14668912487755104
0.14293163399937583
0.13927715947309444
0.1357202413867748
0.13225759549271873
0.12888419228998257
0.12559371958683335
0.1223848287054487
0.11925144342929989
0.1161890257326474
0.11319678823647962
0.11026995701327015
0.10740482106465035
0.1045986652140003
0.10184884196570722
0.09915277812833033
0.09650797988479587
0.09391203651336057
0.09136262294383912
0.08885854777170972
0.08639866233823859
0.08397927879216388
0.08159838990442371
0.07925672768982314
0.07695186590242839
0.07468030218204456
0.07244502784343634
0.0702407444396407
0.06806854165015422
0.06592642525645821
0.06381364863045225
0.06172893128069525
0.05967214805690293
0.05764039342347104
0.05563637613579626
0.05365514419145001
0.05169918252393496
0.04976649341820403
0.04785494227066592
0.0459669866451144
0.044100108736497404
0.04225285168665648
0.04042586403934312
0.03861974083918434
0.03683184327192393
0.0350617925330837
0.03330948069485665
0.03157642798066595
0.02985997003749455
0.02815976560006709
0.02647548101625948
0.024806790096715638
0.023153891353824414
0.02151695834662733
0.019894549252543085
0.018286370568794307
0.01669213541829393
0.015111563410651731
0.013544380505116414
0.01199031887550232
0.010449116777147424
0.008920518415940822
0.0074042738194494044
0.005900138710167597
0.004407874380911803
0.0029272475723701287
0.0014580303528172332
3.731345716152092e-17
-0.0014470611148073055
-0.002883365640582839
-0.0043091213581739896
-0.0057245312897668595
-0.007129793806217496
-0.008525102732259471
-0.009910647449607743
-0.011286612997976212
-0.012653180174030216
-0.014010525628297469
-0.015358821960061919
-0.016698237810263892
-0.018028937952436166
-0.01935108338170185
-0.020664831401861497
-0.02197033571060111
-0.023267746482849398
-0.024556451660768804
-0.025836960499871324
-0.02710976711514274
-0.028375010109032813
-0.02963282490030045
-0.030883343798215473
-0.03212669607509646
-0.03336300803721844
-0.034591101439660564
-0.035812219412236605
-0.03702663234448451
-0.038234456725105406
-0.039435806365764686
-0.04063079246397445
-0.041818400102661184
-0.04299929755896832
-0.04417413111600421
-0.045343003264714396
-0.04650601413870407
-0.04766279098869356
-0.04881253677496825
-0.04995669475572941
-0.051095357169855235
-0.05222861413202536
-0.053355860130277974
-0.0544766114099767
-0.05559220684874685
-0.05670272940533283
-0.057808260125763934
-0.05890720205538657
-0.060000927644709406
-0.06108988926347908
-0.06217416147368121
-0.063252638958317
-0.06432561308931692
-0.06539411014638707
-0.06645819868261184
-0.06751683566101989
-0.06857010323903645
-0.06961916015584467
-0.0706640693975302
-0.07170346365000443
-0.07273800099271441
-0.07376857502951724
-0.07479524359043724
-0.07581596792899353
-0.07683268733647992
-0.07784567306482526
-0.07885425720551892
-0.0798575815667435
-0.080857335585182
-0.08185356906064549
-0.08284438552660939
-0.08383133928645488
-0.08481492468591757
-0.08579418157296978
-0.08676874771910245
-0.08774009015991341
-0.08870800851813224
-0.08967058171497916
-0.09063006868688957
-0.0915865094659206
-0.09253782117104646
-0.09348582330870549
-0.09443090731837396
-0.09537140675454718
-0.09630827857526564
-0.0972423539498398
-0.0981722415331319
-0.09909832214149798
-0.10002172190233415
-0.10094119253328265
-0.10185680629414556
-0.10276984900887037
-0.10367909223023782
-0.10458454941150966
-0.10548753982367294
-0.10638673997248649
-0.10728233735914923
-0.10817556698970425
-0.10906490334376591
-0.10995092482440742
-0.11083467254631421
-0.11171431946536713
-0.11259103659251136
-0.1134655691797005
-0.11433569624142945
-0.1152033687668676
-0.1160687980331283
-0.11692971354978292
-0.11778858993605658
-0.11864474503041411
-0.11949702438078216
-0.12034734228991648
-0.12119438139754898
-0.12203825592646216
-0.12288024268699488
-0.12371831964877548
-0.12455401062223936
-0.12538766287533476
-0.12621714810283835
-0.12704486714327737
-0.12786978011620395
-0.12869143185529963
-0.12951138135753643
-0.13032769852329942
-0.13114171370858133
-0.13195378553136608
-0.13276194810805284
-0.13356851506161088
-0.13437219889141583
-0.13517303795882454
-0.1359723367608541
-0.13676776635523305
-0.13756145707135956
-0.13835280854189225
-0.13914096531376488
-0.13992767514321047
-0.14071096607352931
-0.14149225428947831
-0.14227156190799578
-0.1430474983580038
-0.14382207367789362
-0.1445935063912027
-0.14536283524723909
-0.14613037550355543
-0.14689452368608547
-0.14765738955980368
-0.14841723277240138
-0.14917501665772523
-0.1499310544499929
-0.15068381830145255
-0.15143537215875713
-0.1521838832651686
-0.15293050954115078
-0.15367529857662993
-0.15441705559684546
-0.1551576688823166
-0.15589509434000984
-0.15663092494850142
-0.15736470812042766
-0.15809581094169112
-0.15882583065298517
-0.15955240634388662
-0.16027777930777917
-0.16100078904936918
-0.1617215669001122
-0.16244103539042076
-0.16315726859263305
-0.16387249941529228
-0.16458495803185394
-0.16529571810138874
-0.16600470737215325
-0.16671104412302956
-0.16741642709270915
-0.16811854707275525
-0.16881957578301818
-0.16951829511611458
-0.1702150141241162
-0.17091035501348797
-0.1716028078351728
-0.17229437202492984
-0.17298302126902554
-0.1736703820657748
-0.17435571743248335
-0.17503891566538987
-0.17572095800611476
-0.17640003352772354
-0.1770782775411443
-0.1777537950656477
-0.17842797333711363
-0.1791002584193206
-0.17977040828701457
-0.18043948047406586
-0.18110563835791815
-0.18177101452972633
-0.18243371829378238
-0.1830951540263667
-0.1837547016319914
-0.1844122309864241
-0.1850686407194373
-0.18572229689107445
-0.1863752144484697
-0.18702540205948154
-0.18767449291333077
-0.18832159566361428
-0.18896689079006576
-0.18961092574262986
-0.19025245529916396
-0.19089328320624566
-0.1915312325537188
-0.19216833662672492
-0.19280326757260835
-0.19343667587452779
-0.19406860429326522
-0.1946983441102794
-0.19532728558403822
-0.19595338343566054
-0.1965788217348019
-0.19720183490503082
-0.19782366730068723
-0.19844373853665495
-0.19906198959121016
-0.19967913332353962
-0.20029382686837463
-0.20090788550472635
-0.20151921638793205
-0.2021297494345546
-0.20273819440912713
-0.2033452238339191
-0.20395079620406525
-0.20455434327491606
-0.20515705606670662
-0.20575714135885106
-0.20635661911752778
-0.20695365072455188
-0.20754969360587766
-0.2081439030563145
-0.20873652987203442
-0.20932792909148334
-0.2099171579860077
-0.2105057586276701
-0.211091607083962
-0.21167686801388258
-0.2122599053747747
-0.2128418080285102
-0.2134220801462357
-0.21400064032361443
-0.21457815777089098
-0.21515339063012395
-0.21572804502101425
-0.21630008377367083
-0.2168714294852518
-0.21744074367943017
-0.21800879423691963
-0.21857539337660647
-0.21914016167917272
-0.21970405500256812
-0.2202655533266705
-0.22082648146464925
-0.22138498980906632
-0.22194266222201475
-0.22249849087414447
-0.2230529182518795
-0.22360607539060395
-0.22415726781045642
-0.22470776135049014
-0.22525572827923554
-0.2258031271359639
-0.22634831616676732
-0.22689249951766383
-0.22743504711009002
-0.22797602286283022
-0.22851593587580013
-0.22905371133235916
-0.2295909148433675
-0.23012557821792218
-0.23065958815499563
-0.2311916359420192
-0.2317224580565201
-0.2322518960576671
-0.23277953549579766
-0.23330636924772272
-0.23383083054987688
-0.2343547116222413
-0.23487635242364394
-0.2353970578802221
-0.23591610944809652
-0.23643364227182131
-0.23695010907824163
-0.2374644716411754
-0.23797824232317996
-0.238489551951793
-0.2390001516085062
-0.2395088882833675
-0.2400163177099428
-0.2405224848281994
-0.24102674419925524
-0.2415303448872259
-0.24203143375344505
-0.24253191203191857
-0.24303038815004308
-0.24352769083020326
-0.24402360826199504
-0.2445177332740376
-0.24501109405213492
-0.24550203868654796
-0.24599235300782393
-0.24648060546974523
-0.24696773085505133
-0.24745343109779772
-0.24793736316718543
-0.24842051210986799
-0.2489012458227871
-0.24938132578108216
-0.24985937375135095
-0.25033624319582065
-0.2508117409248724
-0.25128539307989
-0.2517583403489549
-0.25222876775196235
-0.252698514011416
-0.2531663585470085
-0.25363286412734654
-0.2540981558060514
-0.2545614114293411
-0.2550239630237934
-0.25548414453467283
-0.25594342743113613
-0.25640105103514904
-0.256857054070794
-0.2573121174849249
-0.25776482875028467
-0.25821680124801466
-0.2586667362159637
-0.2591153940425701
-0.2595627601393089
-0.2600080893901281
-0.2604526515818701
-0.260894869083093
-0.26133607665128616
-0.2617757137972601
-0.2622135507488882
-0.26265058987008305
-0.26308505259163445
-0.26351869172958065
-0.26395055973335974
-0.2643807807024287
-0.2648100485470974
-0.2652368322948316
-0.2656627709283777
-0.2660868207982701
-0.2665092878905339
-0.2669307192699575
-0.267349693414803
-0.26776778469622087
-0.26818395837487213
-0.2685985185793732
-0.26901205235114894
-0.2694230575853866
-0.2698331389240647
-0.27024136899864126
-0.2706478531813103
-0.27105338711900456
-0.27145627924393256
-0.27185817123165745
-0.27225838061828883
-0.2726566024073604
-0.2730538271396501
-0.2734486416464962
-0.2738421468692055
-0.2742342484702397
-0.2746240030250803
-0.275012709567571
-0.2753993524782852
-0.27578425420533803
-0.27616807546408095
-0.2765492131919339
-0.2769291723416133
-0.2773075390283925
-0.27768359976949974
-0.27805852170332895
-0.2784313073311851
-0.2788022681327511
-0.2791720530502559
-0.2795392028137277
-0.279904960320771
-0.28026927051411094
-0.2806309585755015
-0.2809914038038962
-0.2813499893553206
-0.2817062927386962
-0.282061310755522
-0.2824141079531989
-0.2827649076955467
-0.2831143772794201
-0.28346131866554813
-0.28380648930984176
-0.28415028259006436
-0.28449129684810676
-0.28483070607001404
-0.2851686881432989
-0.285503699979599
-0.2858372081910574
-0.28616918930470575
-0.28649816673404516
-0.28682562666234185
-0.2871514846831951
-0.28747431599730494
-0.28779557223820823
-0.2881152213727334
-0.28843174582463194
-0.28874663436802905
-0.28905986714484
-0.2893700323358142
-0.2896783800622085
-0.28998500646919334
-0.29028872854425675
-0.29059035269037337
-0.29089018614696277
-0.29118736311613147
-0.29148207070776727
-0.29177491416783335
-0.2920654390554764
-0.29235302630560944
-0.2926386716394455
-0.2929223491298004
-0.2932026839809109
-0.29348091131934734
-0.29375708666143785
-0.29403047902095597
-0.29430105605930174
-0.29456949187644293
-0.29483575631278486
-0.2950984971567056
-0.2953589425635733
-0.29561711987921707
-0.295872592607551
-0.2961247824050655
-0.2963746014808384
-0.2966220145807736
-0.29686631907584643
-0.2971074932357881
-0.29734615000185277
-0.2975822507592124
-0.297815048308871
-0.29804463867026704
-0.2982715519542375
-0.29849574580552773
-0.29871667467660273
-0.2989340649272229
-0.29914860408049637
-0.29936024562330016
-0.29956891972101674
-0.29977344083989566
-0.29997492105239426
-0.3001733092285634
-0.3003685529338188
-0.30056024192937936
-0.30074791910296017
-0.3009322919276443
-0.3011133026891955
-0.30129089216155347
-0.3014647981461862
-0.30163432693928444
-0.30180025582214076
-0.3019625195381752
-0.3021210510832988
-0.302275781648252
-0.3024262283474602
-0.30257221940651424
-0.30271420460679754
-0.30285210804746027
-0.30298585174625225
-0.3031153555716551
-0.3032405371728995
-0.303360826040702
-0.30347634306569155
-0.3035872963214513
-0.30369359487334235
-0.3037951452339211
-0.30389185128061263
-0.30398361417082187
-0.3040703322544047
-0.30415190098341666
-0.30422808578774246
-0.3042985374056542
-0.3043635388236017
-0.3044229744757356
-0.3044767254709995
-0.3045246694870887
-0.3045666806611304
-0.3046026294769873
-0.30463238264908293
-0.3046558030026467
-0.30467274935027333
-0.30468307636468794
-0.30468663444760785
-0.3046832695945876
-0.30467282325573297
-0.30465513219216656
-0.30463002832812536
-0.3045973385985693
-0.30455688479217624
-0.3045084833895987
-0.30445194539685355
-0.30438707617371635
-0.3043136752569886
-0.3042315361785057
-0.3041398706660209
-0.30403876726863843
-0.30392817599967914
-0.30380786044184577
-0.30367757702821413
-0.30353707482099934
-0.3033860952839917
-0.303223823610065
-0.3030495412803303
-0.30286383265390043
-0.3026664011186027
-0.3024569410347071
-0.30223398000583884
-0.30199731657230683
-0.30174749464767026
-0.3014841632373549
-0.3012048068178231
-0.3009105266662331
-0.30060143240853293
-0.30027492136086054
-0.2999315755397548
-0.29957195553557103
-0.2991918527804334
-0.29879425878986277
-0.29837617114424053
-0.29793769498945966
-0.2974778279497036
-0.2969952972987456
-0.2964894529417275
-0.29595940836166423
-0.29540294659107674
-0.29482133019536166
-0.29420941479546214
-0.2935690082554204
-0.29289864010507105
-0.29219391892756025
-0.2914551802432661
-0.29068078404990594
-0.2898684913509307
-0.28901591719561437
-0.288120424554886
-0.2871790896194285
-0.28618992598543314
-0.28514959806218243
-0.28405423765032106
-0.28290083079888506
-0.28168578349031254
-0.2804053086447661
-0.2790532808462058
-0.27762414500390137
-0.27611501877872746
-0.2745152714994345
-0.2728217050671846
-0.27102650964126185
-0.2691184914897597
-0.2670906718667077
-0.2649334364733108
-0.2626361610661249
-0.2601846583068899
-0.25757055850543564
-0.25477997078148545
-0.2518013415728316
-0.2486197491822123
-0.2452272219605447
-0.24161525513883786
-0.23777743402225826
-0.23371544907576772
-0.229437524637258
-0.22495681411417304
-0.22029762284077217
-0.21549161142658826
-0.2105753489722356
-0.20558918366777218
-0.20057460792425305
-0.1955694481160213
-0.1906071945712728
-0.18571518346699317
-0.18091388098762412
-0.17621838158625225
-0.17163827724857675
-0.16717824964567896
-0.1628416548691057
-0.1586265708612975
-0.15453263751992252
-0.15055466163759418
-0.14668912487755134
-0.14293163399937572
-0.13927715947309469
-0.13572024138677555
-0.13225759549271862
-0.12888419228998244
-0.12559371958683355
-0.12238482870544869
-0.11925144342929966
-0.11618902573264758
-0.11319678823647968
-0.11026995701327037
-0.10740482106465069
-0.1045986652140004
-0.10184884196570726
-0.09915277812833069
-0.09650797988479601
-0.09391203651336061
-0.09136262294383952
-0.08885854777170998
-0.08639866233823866
-0.08397927879216409
-0.08159838990442378
-0.07925672768982334
-0.07695186590242885
-0.07468030218204451
-0.07244502784343618
-0.07024074443964073
-0.06806854165015411
-0.06592642525645825
-0.06381364863045269
-0.061728931280695246
-0.05967214805690284
-0.0576403934234714
-0.05563637613579639
-0.053655144191449844
-0.05169918252393522
-0.04976649341820411
-0.047854942270665946
-0.04596698664511446
-0.04410010873649751
-0.04225285168665669
-0.040425864039343284
-0.03861974083918426
-0.03683184327192405
-0.03506179253308405
-0.03330948069485668
-0.031576427980665935
-0.029859970037494587
-0.02815976560006714
-0.02647548101625955
-0.024806790096715832
-0.023153891353824278
-0.021516958346627243
-0.01989454925254331
-0.018286370568794424
-0.01669213541829397
-0.015111563410651908
-0.013544380505116449
-0.011990318875502356
-0.010449116777147598
-0.008920518415940859
-0.007404273819449442
-0.005900138710167769
-0.004407874380911975
-0.002927247572370304
-0.00145803035281727
-7.462691432304184e-17
