0.00012510599942749582
0.0001875856955260289
0.0002500150924565875
0.0003123931283797958
0.00037471874999100323
0.0004369909124786343
0.0004992085794814938
0.0005613707230450525
0.000623476323576742
0.0006855243698002833
0.0007475138587090762
0.0008094437955186772
0.0008713131936183881
0.0009331210745219852
0.0009948664678176107
0.0010565484111168548
0.001118165950003052
0.001179718137978816
0.001241204036412838
0.0013026227144859739
0.001363973249136643
0.0014252547250055622
0.00148646623437984
0.0015476068771364526
0.001608675760685126
0.0016696719999106453
0.0017305947171146173
0.0017914430419567003
0.0018522161113953368
0.0019129130696279946
0.0019735330680309485
0.002034075265098621
0.002094538826382505
0.0021549229244296753
0.0022152267387209328
0.002275449455608579
0.0023355902682538556
0.002395648376564053
0.002455622987129326
0.002515513313159219
0.0025753185744189235
0.002635037997165291
0.0026946708140826127
0.0027542162642181863
0.002813673592917684
0.002873042051760341
0.0029323208984939845
0.0029915093969699086
0.0030506068170776213
0.0031096124346794733
0.0031685255315451856
0.00322734539528629
0.003286067699754412
0.003344695102594099
0.0034032270390435527
0.0034616628186423313
0.003520001756471228
0.003578243173086219
0.003636386394452415
0.0036944307518780336
0.0037523755819484014
0.0038102202264599905
0.0038679640323545225
0.003925606351653123
0.003983146541390566
0.004040583963549591
0.00409791798499533
0.004155147977409834
0.004212273317226725
0.004269293385565966
0.004326207568168771
0.0043830152553326705
0.004439715841846718
0.004496308726926864
0.004552793314151508
0.004609164508531614
0.004665424566212306
0.0047215744167272535
0.004777613480274816
0.004833541181118226
0.0048893569475220305
0.004945060211688758
0.005000650409695808
0.005056126981432597
0.005111489370537926
0.005166737024337607
0.005221869393782347
0.005276885933385885
0.0053317861011633995
0.005386569358570178
0.005441235170440572
0.005495783004927229
0.005550212333440598
0.005604521035129726
0.005658703798968908
0.00571276634078695
0.005766708144611055
0.005820528697445126
0.005874227489210797
0.0059278040126887616
0.005981257763460425
0.006034588239849876
0.006087794942866167
0.006140877376145932
0.00619383504589632
0.006246667460838251
0.006299374132150017
0.006351954573411195
0.006404408300546912
0.006456734831772426
0.00650892450982643
0.0065609854987870656
0.006612917712751516
0.006664720679013826
0.006716393926899042
0.006767936987709616
0.006819349394672142
0.006870630682884448
0.006921780389263043
0.006972798052490884
0.00702368321296552
0.007074435412747572
0.007125054195509545
0.0071755391064850195
0.00722588868372906
0.007276093501019569
0.007326162949144082
0.007376096579735024
0.007425893945747129
0.007475554601408532
0.007525078102172188
0.007574464004667677
0.007623711866653327
0.007672821246968696
0.007721791705487411
0.007770622803070329
0.007819314101519061
0.007867865163529848
0.007916274096116059
0.007964531162659319
0.008012646551570106
0.00806061982948125
0.008108450563702786
0.008156138322177724
0.00820368267343821
0.008251083186561994
0.008298339431129242
0.008345450977179696
0.008392417395170151
0.008439238255932293
0.00848591313063084
0.00853244159072204
0.008578813351785399
0.008625034357078997
0.008671107539375389
0.008717032471832519
0.008762808727704014
0.008808435880299567
0.00885391350294568
0.008899241168946682
0.008944418451546119
0.008989444923888442
0.009034320158981013
0.009079043729656448
0.009123615208535257
0.009168023413890891
0.009212275200967304
0.009256373499443887
0.00930031788177833
0.009344107920040345
0.009387743185876188
0.009431223250473502
0.009474547684526472
0.009517716058201287
0.009560727941101924
0.009603582902236231
0.009646280509982313
0.009688820154824536
0.009731186884063998
0.009773394859449107
0.009815443647655868
0.009857332814573093
0.009899061925270633
0.009940630543967969
0.009982038234003064
0.010023284557801567
0.010064369076846276
0.010105291351646934
0.010146050941710337
0.010186647405510703
0.010227074685320262
0.010267328084909778
0.010307416939749393
0.010347340805136124
0.010387099235197162
0.010426691782862155
0.010466117999835805
0.010505377436570757
0.010544469642240829
0.010583394164714514
0.010622150550528803
0.010660738344863335
0.010699157091514828
0.01073739531079963
0.010775458671788366
0.010813351535995346
0.010851073442775592
0.010888623929984834
0.010926002533955908
0.010963208789475497
0.01100024222976118
0.011037102386438796
0.01107378878952016
0.011110300967381064
0.011146638446739642
0.011182800752635037
0.01121877322664701
0.011254567599717057
0.01129018530907565
0.011325625874277481
0.011360888813104039
0.011395973641544401
0.01143087987377638
0.011465607022147996
0.011500154597159319
0.011534522107444663
0.011568709059755131
0.011602714958941522
0.0116365393079376
0.011670168989185116
0.011703612560029445
0.011736873040942715
0.011769949928570387
0.011802842717570866
0.011835550900601092
0.011868073968302549
0.011900411409287654
0.011932562710126554
0.011964527355334303
0.011996304827358459
0.012027894606567098
0.012059296171237214
0.012090505378753823
0.012121512968255551
0.012152330748032451
0.012182958189532536
0.012213394762069707
0.01224363993281483
0.012273693166787256
0.012303553926846794
0.01233322167368614
0.012362695865823775
0.012391975959597335
0.012421061409157459
0.012449951666462105
0.012478646181271365
0.012507144401142794
0.012535430481450342
0.012563518934544849
0.012591409429004883
0.012619101405300913
0.012646594301693632
0.012673887554232398
0.012700980596754211
0.012727872860883225
0.012754563776030828
0.012781052769396275
0.012807339265967882
0.0128334226885248
0.012859302457639384
0.012884977991680126
0.012910448706815203
0.012935703538845687
0.01296074816261104
0.012985586235438683
0.01301021716660868
0.013034640363235565
0.013058855230275607
0.013082861170534683
0.01310665758467686
0.013130243871233606
0.013153619426613694
0.013176783645113778
0.013199735918929681
0.01322247563816837
0.01324500219086063
0.01326731496297449
0.01328941333842935
0.013311296699110848
0.013332953466796672
0.01335439155302879
0.013375612821476753
0.013396616648011384
0.01341740240656109
0.013437969469131198
0.013458317205824086
0.013478444984860111
0.013498352172599362
0.013518038133564225
0.013537502230462795
0.01355674382421312
0.013575762273968292
0.013594556937142418
0.013613127169437442
0.01363147232487086
0.013649591755804314
0.013667484812973106
0.013685150845516586
0.01370258837898371
0.01371978702174717
0.013736756776814222
0.013753496989253867
0.013770007002706102
0.013786286159417675
0.013802333800278808
0.013818149264860908
0.013833731891455236
0.013849081017112606
0.013864195977684048
0.013879076107862511
0.01389372074122557
0.013908129210279169
0.013922300846502403
0.013936234980393336
0.013949930941515877
0.013963388058547731
0.0139766056593294
0.013989583070914281
0.014002319619619837
0.014014814631079873
0.014027067430297904
0.014039077341701643
0.014050843689198598
0.014062365796232788
0.014073642985842615
0.014084669014205518
0.01409544669699308
0.014105977577881845
0.014116260980731609
0.014126296229292777
0.014136082647270615
0.014145619558390674
0.014154906286465386
0.014163942155461842
0.014172726489570745
0.01418125861327654
0.014189537851428754
0.014197563529314516
0.01420533497273227
0.014212851508066702
0.014220112462364863
0.014227117163413502
0.014233864939817605
0.014240355121080135
0.014246587037683016
0.014252560021169291
0.014258273404226529
0.014263726520771427
0.014268918706035631
0.01427384929665279
0.0142785176307468
0.014282923048021274
0.014287064889850237
0.014290942499370013
0.014294555221572337
0.014297902403398656
0.014300983393835651
0.014303797544011959
0.014306344207296066
0.01430862273939543
0.01431063249845676
0.014312372845167487
0.014313843142858412
0.014315042757607525
0.014315971058344973
0.0143166274169592
0.014317011208404219
0.014317121810808029
0.014316958605582157
0.014316520977532323
0.014315808314970212
0.014314820009826335
0.014313555457763994
0.014312014058294307
0.0143101952148923
0.014308098335114046
0.014305722830714847
0.014303068117768417
0.014300133616787093
0.014296918752843021
0.014293422955690324
0.014289645659888222
0.014285586304925086
0.014281244335343427
0.014276619200865776
0.01427171035652145
0.01426651726277418
0.01426103938565058
0.014255276196869442
0.014249227173971818
0.014242891800451888
0.014236269565888575
0.014229359966077887
0.014222162503165965
0.01421467668578281
0.014206902029176656
0.014198838055348963
0.014190484293190028
0.014181840278615142
0.014172905554701298
0.014163679671824407
0.014154162187797002
0.014144352668006371
0.01413425068555314
0.014123855821390202
0.014113167664462047
0.014102185811844359
0.014090909868883948
0.014079339449338885
0.01406746719900135
0.014055297606989661
0.014042832222854797
0.014030070696591743
0.014017012687370278
0.014003657863676175
0.013990005903452354
0.01397605649423996
0.013961809333319352
0.01394726412785092
0.013932420595015725
0.013917278462155893
0.013901837466914736
0.013886097357376549
0.01387005789220604
0.01385371884078736
0.01383707998336266
0.013820141111170173
0.013802902026581725
0.013785362543239676
0.0137675224861932
0.013749381692033907
0.013730940009030716
0.01371219729726394
0.013693147537534823
0.01367378851216527
0.013654127940175979
0.013634165732878714
0.013613901814115374
0.013593336120386112
0.013572468600976318
0.013551299218082376
0.013529827946936204
0.013508054775928473
0.013485979706730482
0.013463602754414628
0.013440923947573439
0.013417943328437095
0.013394660952989398
0.01337107689108214
0.01334719122654783
0.013323004057310704
0.013298504017380131
0.01327369731827002
0.013248589373456165
0.013223180342014947
0.01319747039769506
0.013171459729016495
0.013145148539367386
0.013118537047098785
0.013091625485617214
0.01306441410347502
0.013036903164458458
0.013009092947673433
0.012980983747628906
0.012952575874317869
0.01292386965329586
0.012894850683413842
0.012865530038177411
0.01283591204935648
0.012805997109910228
0.012775785628752917
0.012745278030815545
0.012714474757104686
0.012683376264758565
0.012651983027100215
0.01262029553368776
0.012588314290361781
0.012556039819289646
0.012523472659006914
0.01249060313533487
0.012457432385190054
0.012423970646547405
0.012390218528600236
0.012356176657091485
0.012321845674334812
0.01228722623923246
0.012252319027289845
0.012217124730626848
0.01218164405798579
0.01214587773473603
0.01210982650287525
0.012073485528119762
0.012036846327654246
0.011999924583250686
0.01196272110836724
0.011925236733047491
0.011887472303899395
0.011849428684070804
0.011811106753221487
0.011772507407491594
0.011733631559466664
0.01169448013813906
0.011655054088865918
0.011615339624229596
0.011575346765717172
0.011535082305492956
0.011494547258820473
0.011453742657046281
0.011412669547534993
0.011371328993600792
0.01132972207443549
0.011287849885033042
0.0112457135361106
0.011203314154026126
0.011160640390185841
0.011117698320809267
0.011074496829850625
0.011031037110005491
0.01098732036910952
0.010943347830033904
0.010899120730577572
0.010854640323356044
0.010809907875687055
0.010764924669472905
0.010719692001079643
0.010674195560088048
0.010628448664778108
0.010582456464949264
0.010536220317749426
0.010489741594084607
0.010443021678478128
0.010396061968926857
0.010348863876754585
0.010301428826462527
0.010253758255577061
0.01020585111395282
0.010157695589650082
0.010109309151201994
0.01006069329027915
0.010011849510707603
0.0099627793282996
0.009913484270681866
0.009863965877121596
0.009814225698350063
0.009764265296383993
0.00971408624434479
0.009663681835330895
0.009613053441004634
0.009562211429314744
0.00951115741879622
0.00945989303807439
0.0094084199256714
0.009356739729810892
0.00930485410822101
0.009252764727935842
0.009200473265095257
0.009147981404743339
0.009095279518995343
0.009042376859647374
0.008989279180574784
0.008935988202363463
0.008882505653389407
0.008828833269609274
0.00877497279434992
0.008720925978097115
0.008666694578283363
0.00861228035907501
0.008557685091158661
0.00850290037086271
0.008447935109317645
0.008392794432685096
0.00833748013662614
0.008281994022157648
0.008226337895436009
0.008170513567540736
0.008114522854257877
0.008058367575863477
0.008002049556907056
0.007945570625995131
0.007888928238167052
0.007832121663850061
0.00777515997383364
0.007718045010907439
0.007660778620753634
0.007603362651732944
0.007545798954671167
0.0074880893826464534
0.00743023579077721
0.007372240036010848
0.007314103976913373
0.007255829473459805
0.007197414568777316
0.0071388595922781
0.007080172039548641
0.0070213537732853005
0.006962406656482485
0.0069033325522306005
0.0068441333235151796
0.006784810833017478
0.006725366942916482
0.006665803514692352
0.006606122408931464
0.00654632548513294
0.006486414601516877
0.006426387763395504
0.0063662476131871384
0.006305999331812841
0.00624564476874532
0.006185185771178726
0.006124624183848641
0.006063961848853925
0.006003200605480653
0.005942342290027948
0.005881388735635985
0.0058203417721159854
0.005759203225782378
0.00569797491928712
0.005636658671456161
0.005575254838652971
0.005513763403116027
0.005452189691035755
0.005390535501821607
0.005328802630223427
0.005266992866182905
0.005205107994687344
0.005143149795625847
0.005081120043647935
0.005019020508024523
0.004956852952511448
0.004894619135215343
0.0048323208084620805
0.004769959718667684
0.004707537606211685
0.004645056205313105
0.004582517243908827
0.004519920437311945
0.004457269016004004
0.004394565363673729
0.00433181117882414
0.004269008153078764
0.004206157971076661
0.00414326231037004
0.004080322841324353
0.004017341227021067
0.003954319123162891
0.0038912581779816215
0.003828160032148555
0.0037650263186873837
0.003701858662889747
0.0036386586822331874
0.003575427986301786
0.0035121681767092
0.0034488808470243063
0.003385567582699351
0.003322229961000493
0.0032588695509410174
0.0031954875319993165
0.0031320855984879313
0.0030686656495627885
0.0030052292171921045
0.0029417778247910926
0.002878312987170804
0.002814836210489371
0.0027513489922056135
0.0026878528210349754
0.002624349176907814
0.0025608395309299472
0.0024973253453455355
0.0024338080735022394
0.00237028915981855
0.0023067700397534532
0.0022432521397781936
0.002179736877350291
0.0021162256608897225
0.0020527198897571527
0.0019892209542344127
0.0019257302355069378
0.001862249105648392
0.0017987789276072306
0.0017353210551953279
0.0016718768330786465
0.0016084475967697487
0.0015450346726223953
0.0014816393778279283
0.001418263020413635
0.0013549068992429437
0.0012915723040174305
0.001228260515280697
0.001164972804423944
0.0011017104336933801
0.0010384746561993255
0.0009752667159269923
0.0009120878477489922
0.0008489392774394198
0.0007858222216896107
0.0007227378881254676
0.0006596874753263307
0.000596672172845413
0.0005336931612316942
0.00047075161205333173
0.000407848687922523
0.00034498554252172505
0.0002821633206313638
0.00021938315815879826
0.0001566461821687135
9.395351091476212e-05
3.130625387249574e-05
-3.129448822640301e-05
-9.384762335876238e-05
-0.00015635206817329287
-0.00021880674795278008
-0.00028121059657520173
-0.00034356255647368256
-0.00040586157859539055
-0.00046810662235933093
-0.0005302966556131731
-0.0005924306545890234
-0.0006545076038582136
-0.0007165264962852006
-0.0007784863329804426
-0.0008403861232524904
-0.0009022248845590936
-0.0009640016424575159
-0.0010257154305540511
-0.0010873652904526574
-0.001148950271702926
-0.0012104694317472038
-0.0012719218358670389
-0.001333306557128946
-0.0013946226763294292
-0.0014558692819394404
-0.0015170454700481246
-0.0015781503443060005
-0.001639183015867578
-0.00170014260333336
-0.0017610282326913566
-0.0018218390372580716
-0.001882574157618941
-0.001943232741568402
-0.0020038139440494073
-0.002064316927092583
-0.002124740859754912
-0.002185084918058093
-0.0022453482849264803
-0.002305530150124678
-0.0023656297101948436
-0.002425646168393604
-0.002485578734628768
-0.002545426625395691
-0.0026051890637133965
-0.0026648652790605075
-0.0027244545073108733
-0.0027839559906690813
-0.002843368977605693
-0.002902692722792371
-0.0029619264870368246
-0.0030210695372176154
-0.0030801211462188577
-0.0031390805928647766
-0.003197947161854191
-0.00325671841573856
-0.003315393291100998
-0.0033739730474020256
-0.0034324569913858293
-0.0034908444353708157
-0.0035491346971836457
-0.0036073271000931083
-0.003665420972744121
-0.0037234156490917117
-0.0037813104683350044
-0.003839104774851346
-0.0038967979181303756
-0.003954389252708264
-0.004011878138101976
-0.004069263938743623
-0.004126546023914988
-0.004183723767682059
-0.00424079654882978
-0.0042977637507968566
-0.00435462476161078
-0.004411378973822931
-0.00446802578444387
-0.004524564594878826
-0.00458099333431931
-0.0046373082768695496
-0.004693513303699122
-0.0047496078329500304
-0.004805591286861048
-0.004861463091703979
-0.004917222677720269
-0.004972869479057765
-0.0050284029337077036
-0.005083822483442018
-0.005139127573750785
-0.005194317653780018
-0.005249392176269664
-0.00530435059749185
-0.0053591923771894685
-0.005413916978514946
-0.005468523867969361
-0.0055230125153418125
-0.0055773823936490505
-0.005631627412435763
-0.005685750129949333
-0.0057397523670795775
-0.005793633609349438
-0.005847393345229042
-0.0059010310660768655
-0.005954546266081227
-0.006007938442202118
-0.00606120709411329
-0.006114351724144747
-0.006167371837225497
-0.006220266940826634
-0.006273036544904808
-0.006325680161845932
-0.006378197306409307
-0.006430587495672041
-0.006482845873011772
-0.00653497107155634
-0.0065869677322361675
-0.006638835381309594
-0.006690573547092892
-0.0067421817599064736
-0.006793659552021513
-0.006845006457606805
-0.006896222012676067
-0.006947305755035544
-0.00699825722423194
-0.00704907596150077
-0.007099761509714964
-0.007150313413333896
-0.0072007312183527405
-0.007251007985444093
-0.00730114517428212
-0.007351146769601996
-0.007401012323703447
-0.007450741390184001
-0.007500333523890243
-0.007549788280869458
-0.007599105218321547
-0.007648283894551384
-0.007697323868921425
-0.007746224701804749
-0.007794985954538383
-0.007843607189376994
-0.007892087969446935
-0.007940420311978632
-0.007988606593920608
-0.00803665098145911
-0.008084553041571102
-0.008132312341888619
-0.008179928450654694
-0.0082274009366797
-0.008274729369297976
-0.008321913318324797
-0.008368952354013741
-0.008415846047014286
-0.008462593968329848
-0.008509195689276087
-0.008555647548938774
-0.008601942305624395
-0.008648089452782181
-0.008694088563507285
-0.008739939211010468
-0.008785640968578312
-0.008831193409533812
-0.008876596107197222
-0.008921848634847301
-0.008966950565682804
-0.009011901472784372
-0.009056700929076686
-0.009101348507290948
-0.009145840095637427
-0.009190168466796864
-0.009234343562993292
-0.00927836495686501
-0.00932223222068016
-0.009365944926301153
-0.009409502645149302
-0.009452904948169864
-0.009496151405797328
-0.009539241587921021
-0.00958217506385109
-0.009624951402284683
-0.009667570171272538
-0.009710023336623188
-0.00975231074305302
-0.00979443917906291
-0.009836408210939245
-0.009878217404165309
-0.00991986632338968
-0.00996135453239495
-0.010002681594066764
-0.010043847070363128
-0.010084850522284078
-0.010125691509841607
-0.010166369592029897
-0.01020688432679589
-0.010247221925459755
-0.010287393108190166
-0.010327399523963676
-0.010367240727495862
-0.010406916272318592
-0.010446425710752449
-0.010485768593879473
-0.010524944471516216
-0.010563952892187142
-0.01060279340309824
-0.010641465550111038
-0.010679968877716875
-0.010718299837559566
-0.010756448274659325
-0.01079442644474502
-0.010832233887912405
-0.01086987014276982
-0.01090733474641446
-0.010944627234408994
-0.010981747140758391
-0.011018693997887172
-0.011055467336616921
-0.011092066686144183
-0.011128491574018599
-0.01116474152612145
-0.011200809940879295
-0.01123669246618687
-0.011272398567346789
-0.011307927764793028
-0.011343279577196117
-0.011378453521443711
-0.011413449112621583
-0.011448265863994955
-0.011482903286990115
-0.011517360891176453
-0.011551638184248845
-0.011585734672010352
-0.011619649858355325
-0.011653378701797381
-0.011686913629466222
-0.011720265718140726
-0.011753434465454357
-0.011786419367060893
-0.01181921991661977
-0.011851835605781923
-0.011884265924175992
-0.011916510359394878
-0.011948568396982754
-0.011980439520422447
-0.01201212321112326
-0.01204361894840915
-0.012074926209507356
-0.012106032866768904
-0.012136945617344198
-0.012167668294184858
-0.012198200367672976
-0.012228541306052044
-0.012258690575418191
-0.012288647639711967
-0.01231841196071055
-0.012347982998020384
-0.012377360209070322
-0.01240654304910525
-0.012435530971180143
-0.01246432342615464
-0.012492919862688115
-0.012521312194664413
-0.012549499417942577
-0.012577488961522998
-0.01260528026698029
-0.012632872773680262
-0.012660265918778085
-0.012687459137217047
-0.012714451861727748
-0.012741243522827916
-0.01276783354882275
-0.012794221365805856
-0.012820406397660715
-0.012846388066062739
-0.01287216579048195
-0.012897738988186205
-0.01292310395436758
-0.012948251632760357
-0.01297319305476124
-0.012997927630735557
-0.013022454768879747
-0.01304677387522827
-0.013070884353661168
-0.013094785605912297
-0.013118477031578236
-0.01314195802812782
-0.013165227990912399
-0.013188286313176756
-0.013211132386070749
-0.013233765598661618
-0.01325618533794705
-0.013278390988868956
-0.01330038193432794
-0.013322153311516215
-0.013343699573204065
-0.013365029328438117
-0.013386141954067407
-0.013407036824989177
-0.013427713314167837
-0.013448170792654665
-0.01346840862960836
-0.013488426192316383
-0.013508222846217091
-0.013527797954922753
-0.013547150880243355
-0.013566280982211272
-0.013585187619106808
-0.013603870147484575
-0.013622327922200783
-0.013640560296441362
-0.01365856662175104
-0.013676346248063291
-0.013693898523731183
-0.013711216270451085
-0.01372830055114203
-0.013745155616851891
-0.01376178081193076
-0.013778175479317475
-0.01379433896057587
-0.01381027059593199
-0.013825969724312265
-0.013841435683382714
-0.013856667809589112
-0.01387166543819817
-0.013886427903339747
-0.013900954538050075
-0.013915244674316006
-0.013929297643120326
-0.0139431127744881
-0.013956689397534071
-0.013970026840511147
-0.013983124430859955
-0.01399598149525946
-0.014008597359678686
-0.014020971349429557
-0.014033102789220809
-0.014044991003213027
-0.014056635315074817
-0.014068035048040087
-0.014079187833348031
-0.014090088663583893
-0.014100743029930267
-0.014111150256325386
-0.014121309666566393
-0.014131220584373015
-0.014140882333452414
-0.014150294237565182
-0.014159455620592534
-0.014168365806604674
-0.014177024119930335
-0.014185429885227514
-0.014193582427555395
-0.014201481072447477
-0.014209125145985884
-0.014216513974876895
-0.014223646886527668
-0.014230523209124176
-0.014237142271710348
-0.014243503404268434
-0.014249605937800567
-0.014255449204411555
-0.014261032537392877
-0.014266355271307901
-0.01427141674207832
-0.014276216287071795
-0.014280753245190823
-0.014285026956962812
-0.014289036764631374
-0.014292782012248826
-0.014296262045769892
-0.014299476213146624
-0.014302423864424513
-0.01430510435183981
-0.014307517029918027
-0.014309661255573631
-0.014311536388210939
-0.014313141789826163
-0.014314476825110646
-0.014315540861555264
-0.014316333269555977
-0.014316853422520528
-0.014317100696976304
-0.014317074472679301
-0.014316774132724246
-0.014316199063655794
-0.014315348655580868
-0.014314222302282065
-0.01431281940133215
-0.014311139354209619
-0.014309181566415308
-0.014306945447590074
-0.01430443041163346
-0.014301635876823404
-0.014298561265936939
-0.014295206006371868
-0.014291569530269414
-0.014287651274637804
-0.014283450681476802
-0.014278967197903138
-0.014274200276276834
-0.014269149374328409
-0.014263813955286926
-0.014258193488008877
-0.014252287447107869
-0.014246095313085115
-0.014239616572460673
-0.014232850717905412
-0.01422579724837374
-0.014218455669236973
-0.014210825492417383
-0.014202906236522907
-0.014194697426982443
-0.014186198596181724
-0.014177409283599776
-0.014168329035945861
-0.01415895740729697
-0.014149293959235709
-0.014139338260988692
-0.014129089889565292
-0.01411854842989676
-0.014107713474975714
-0.0140965846259959
-0.014085161492492216
-0.014073441184811566
-0.014061419354781057
-0.014049101911026318
-0.014036488499007871
-0.014023578773290447
-0.014010372397684179
-0.01399686904538577
-0.01398306839911962
-0.013968970151278872
-0.013954574004066304
-0.013939879669635079
-0.013924886870229252
-0.013909595338324058
-0.013894004816765835
-0.013878115058911686
-0.013861925828768693
-0.013845436901132708
-0.013828648061726703
-0.01381155910733855
-0.013794169845958267
-0.013776480096914625
-0.013758489691011106
-0.013740198470661174
-0.013721606290022724
-0.013702713015131804
-0.013683505712148566
-0.013663995925333272
-0.013644184545995903
-0.013624071491697214
-0.013603656692592283
-0.013582940091558075
-0.01356192164431984
-0.013540601319576247
-0.013518979099123262
-0.013497054977976724
-0.01347482896449352
-0.013452301080491313
-0.013429471361366872
-0.013406339856212788
-0.013382906627932664
-0.013359171753354666
-0.013335135323343395
-0.01331079435407208
-0.013286138332909928
-0.013261180991976495
-0.013235922483049738
-0.013210362972529687
-0.013184502641538445
-0.013158341686018104
-0.013131880316826548
-0.01310511875983112
-0.013078057256000112
-0.013050696061491961
-0.013023035447742162
-0.012995075701547882
-0.012966817125150125
-0.012938260036313503
-0.01290939938373504
-0.012880227552682132
-0.01285075818752827
-0.01282099167327906
-0.012790928410863362
-0.012760568817196276
-0.012729913325239386
-0.012698962384058276
-0.012667716458877107
-0.012636176031130372
-0.012604341598511664
-0.012572213675019605
-0.012539792791000688
-0.012507079203867033
-0.012474054171253449
-0.012440737851743995
-0.012407130846266096
-0.012373233772285054
-0.012339047263826727
-0.012304571971497045
-0.012269808562498204
-0.012234757720641658
-0.012199420146357727
-0.012163796556701863
-0.012127887685357656
-0.012091694282636345
-0.012055201296072026
-0.012018420722992525
-0.011981358010629713
-0.011944013980736868
-0.01190638947164259
-0.011868485338228067
-0.011830302451900846
-0.011791841700565023
-0.011753103988588042
-0.0117140902367639
-0.011674801382272833
-0.011635233889986904
-0.01159537720801138
-0.011555248422742751
-0.01151484854137979
-0.011474178587235437
-0.011433239599673633
-0.011392032634042534
-0.011350558761604363
-0.011308819069461648
-0.01126681466048004
-0.011224546653207603
-0.011182013773228307
-0.01113920185714459
-0.011096129928840277
-0.011052799173402775
-0.011009210791110556
-0.010965365997330324
-0.010921266022410796
-0.010876912111573314
-0.010832305524799017
-0.010787447536712801
-0.010742339436464158
-0.010696976598235678
-0.01065135285977847
-0.01060548314343089
-0.010559368799409913
-0.010513011191759918
-0.01046641169821335
-0.010419571710048463
-0.010372492631944098
-0.010325175881831598
-0.010277622890743987
-0.010229835102662272
-0.010181802308819638
-0.010133531141751652
-0.010085029804843703
-0.010036299795865126
-0.00998734262465636
-0.009938159812958513
-0.009888752894240455
-0.009839123413523589
-0.009789272927204383
-0.009739203002874666
-0.009688915219139645
-0.009638394441097242
-0.009587659036410448
-0.009536710822354211
-0.009485551422532757
-0.009434182470544134
-0.009382605609785771
-0.009330822493258267
-0.009278834783367655
-0.009226644151726035
-0.00917425227895068
-0.00912165718077092
-0.00906885267401354
-0.009015852290225067
-0.008962657746018092
-0.008909270765899695
-0.008855693082062445
-0.008801926434174445
-0.00874797256916849
-0.008693833241030282
-0.00863951021058591
-0.00858500524528858
-0.008530316661351005
-0.008475439778989811
-0.00842038658578655
-0.008365158874643355
-0.008309758443926238
-0.00825418709724885
-0.008198446643256219
-0.00814253889540819
-0.008086465671762903
-0.00803022879476016
-0.007973830091005057
-0.007917271391051526
-0.007860544455526482
-0.0078036600932002275
-0.00774662153619442
-0.0076894306287717176
-0.007632089217980312
-0.007574599153440103
-0.0075169622871296225
-0.00745918047317358
-0.007401255567631265
-0.007343189428285641
-0.007284983914433332
-0.007226640886675626
-0.0071681537689578054
-0.007109532271532998
-0.007050779129176166
-0.006991896204758066
-0.006932885361346289
-0.006873748462003799
-0.00681448736958884
-0.006755103946556214
-0.006695600054759939
-0.00663597755525757
-0.006576238308115926
-0.006516384172218515
-0.0064564167107739375
-0.006396331320363146
-0.00633613687325241
-0.006275835219985573
-0.0062154282089187055
-0.006154917686039075
-0.0060943054947860086
-0.006033593475873879
-0.00597278346711692
-0.005911877303256179
-0.00585087681578843
-0.005789783832797366
-0.0057286001787867635
-0.005667327674515864
-0.005605968136836987
-0.005544519518093404
-0.005482986719073265
-0.005421372543787584
-0.005359678789334745
-0.0052979072480789395
-0.005236059707502774
-0.00517413795006229
-0.005112143753044342
-0.005050078888426336
-0.004987945122738574
-0.004925744216928885
-0.00486347792622985
-0.00480114800002836
-0.004738756181737874
-0.004676304208673028
-0.004613793811926792
-0.0045512260286956424
-0.004488601361958016
-0.004425923612400231
-0.0043631944819248975
-0.004300415665608565
-0.00423758885159551
-0.0041747157209939805
-0.004111797947775142
-0.004048837198674464
-0.003985835133095689
-0.003922793403017449
-0.0038597136529023262
-0.003796597519608563
-0.003733446632304195
-0.0036702626123839032
-0.003607047073388303
-0.0035438016209256747
-0.003480527852596466
-0.0034172273579200513
-0.0033539017182641316
-0.0032905525067766597
-0.0032271812619091714
-0.003163788913251014
-0.003100377780004215
-0.0030369493983936078
-0.0029735052961174613
-0.0029100469922951197
-0.002846575997417135
-0.002783093813297649
-0.0027196019330291356
-0.00265610184093958
-0.0025925950125518325
-0.002529082914545426
-0.0024655670047204507
-0.002402048731963922
-0.0023385295362182623
-0.00227501084845195
-0.0022114940906324924
-0.0021479806757014924
-0.0020844720075518276
-0.0020209694810070797
-0.0019574744818029307
-0.001893988386570757
-0.0018305125628231343
-0.0017670483689415394
-0.0017035971541659507
-0.001640160258586403
-0.0015767390131366447
-0.0015133347395895527
-0.001449948750554531
-0.0013865823494767962
-0.0013232368306384831
-0.001259913479161588
-0.0011966135710126974
-0.0011333383730094827
-0.0010700891428289865
-0.0010068671290174868
-0.0009436735710022505
-0.0008805096991047525
-0.0008173767345556666
-0.0007542758895113272
-0.0006912083670718908
-0.0006281753613010228
-0.0005651780572469426
-0.0005022176309652156
-0.00043929524954285993
-0.000376412071123785
-0.0003135692449359199
-0.0002507679113194223
-0.00018800920175646727
-0.00012529423890214787
-6.262413661691432e-05
-3.5066913687636795e-18
0.0
6.25770745756666e-05
