0.0
0.0023468257058748667
0.004673594475982578
0.006980776147965601
0.009268826797573923
0.011538189196078278
0.013789293250354143
0.01602255642637888
0.018238384156849124
0.020437170233591873
0.02261929718541109
0.024785136641981446
0.02693504968437223
0.029069387182757454
0.031188490121842355
0.03329268991451221
0.03538230870418612
0.037455894940126855
0.039515024158958946
0.0415604124363256
0.04359235158551947
0.045611125356381205
0.047617009684782566
0.04961027293338272
0.051589782079115985
0.053555736625450615
0.05550978352141712
0.0574521661049198
0.059383121107717145
0.06130287885507017
0.06320959354817236
0.06510438617836828
0.06698860473670624
0.06886245819288012
0.07072614991686874
0.07257796964638023
0.074418410239499
0.07624924805163127
0.07807066764377023
0.07988284867555774
0.0816825172957503
0.08347300308830867
0.08525475230341827
0.08702792800721852
0.08879016954698125
0.09054276118564358
0.09228724146004348
0.09402375835929402
0.0957499356953845
0.09746690270926554
0.09917633205772622
0.10087835802078586
0.10256976487575471
0.10425320423527934
0.10592963256017032
0.10759854563800446
0.10925703690470757
0.11090888732914318
0.11255421030911043
0.11419036698014096
0.11581860794089967
0.1174406628892736
0.11905561290691079
0.12066116434913059
0.12226085202849678
0.12385477150991986
0.1254388169073652
0.12701699332265373
0.12858969894241495
0.130153722068288
0.13171120087696764
0.13326348965071827
0.1348079377472184
0.1363454925252954
0.13787812232622212
0.13940342837213462
0.14092179474566457
0.14243548637905273
0.14394206964096568
0.14544194729206225
0.14693738644821727
0.14842565300534932
0.14990770756101163
0.15138554665457124
0.15285588989865542
0.15432075471012324
0.1557816146132065
0.15723441572478417
0.15868269354457032
0.16012686284131916
0.16156279362306347
0.16299505818629517
0.16442223521262264
0.16584251802347713
0.16725931553970316
0.1686698528883897
0.1700750180054481
0.17147686856662978
0.17287110811815204
0.1742616604724737
0.17564787608868998
0.1770273326897629
0.17840375315405102
0.17977416454509462
0.18113980084025375
0.182502429495945
0.18385747135639363
0.18520973201012392
0.18655702799719678
0.18789898483123016
0.18923829345060833
0.19057055947725915
0.19189984250393266
0.19322470425544305
0.19454413251236213
0.1958611335304446
0.19717140268948302
0.19847880860360181
0.19978188732014426
0.20107985841517156
0.20237560438064167
0.20366450874123984
0.20495106230897076
0.20623298073687282
0.20751049236516766
0.20878549103912195
0.2100541077366703
0.21132076342904346
0.2125821172749606
0.21384009870790008
0.21509472559108164
0.21634417082747343
0.21759181784730294
0.21883317710098266
0.22007249406972218
0.2213073108586008
0.22253842748443722
0.22376676153381647
0.22498980457585355
0.22621126377801526
0.2274268080841732
0.2286403814693476
0.22984961708560558
0.2310554237918242
0.23225840707054163
0.23345656353672142
0.23465332561623198
0.23584397004743057
0.23703325295461322
0.2382178092921229
0.23939972250636204
0.2405782439345864
0.24175289446194168
0.2429254334032843
0.24409292583233758
0.24525924227099727
0.2464199705149495
0.2475792807919684
0.24873417935783987
0.24988658184781057
0.25103570022238325
0.2521812910813062
0.25332467804435765
0.25446355125891584
0.2556012548935206
0.2567335023290991
0.25786480298888576
0.25899128147919287
0.2601160878602944
0.26123702319088554
0.2623554217285216
0.26347085929432207
0.26458293447336034
0.2656929190208774
0.2667987534182629
0.2679033290546297
0.26900300338074346
0.270101919099514
0.2711958067215428
0.2722886761090022
0.2733772833925872
0.27446418240237724
0.2755475509837704
0.2766285538501251
0.2777067247685887
0.2787819040429154
0.2798549177486584
0.2809243443351989
0.2819922406971412
0.2830559838877375
0.2841188022011055
0.2851769297090922
0.28623450885197854
0.28728728669609455
0.28833934336076605
0.2893871576733255
0.29043375557746887
0.2914766434316257
0.29251784483488147
0.2935558427656598
0.29459170849961197
0.2956248525105571
0.29665544200796806
0.2976837675776497
0.298709138900958
0.2997326809893296
0.30075289085842843
0.30177168391304415
0.30278678773235734
0.30380086569444975
0.3048109175793221
0.30582031388974296
0.30682536669216043
0.3078300882738333
0.30883021963084234
0.30983001216955774
0.3108255592525699
0.31182047243602645
0.3128114667411223
0.3138015490848504
0.3147880216354622
0.31577332050553963
0.3167553018576179
0.3177358634927983
0.31871338373985847
0.3196892532731264
0.32066234205117494
0.32163356353073885
0.3226022500230824
0.32356886643281835
0.32453317937475684
0.32549523265411384
0.32645520033751935
0.327412731400898
0.3283683816786819
0.3293214304342964
0.33027279072476556
0.3312213960930001
0.3321684933841041
0.3331126933153733
0.3340555541688446
0.3349953856609681
0.33593403621635576
0.33686953533145547
0.3378040013100551
0.33873520319098555
0.3396655098996658
0.3405924487859845
0.34151862112091214
0.3424413303644002
0.3433633928146648
0.34428190489440447
0.3451998815455442
0.34611422808256165
0.3470281426199912
0.3479383543914721
0.3488482301038141
0.3497543370568994
0.3506601968392205
0.3515622281043884
0.35246409446134047
0.3533620783653828
0.3542599734142515
0.35515393749284924
0.3560478367266318
0.35693785397641487
0.3578277651585618
0.35871387515702613
0.3595998238975151
0.3604820472411338
0.36136405840265545
0.362242415314412
0.3631205130231196
0.3639950233550163
0.36486923101090696
0.36573991424638674
0.3666102545333194
0.36747712978960145
0.3683436246849564
0.3692067107152853
0.37006938149926843
0.3709286966950796
0.37178756395967577
0.37264312635267616
0.37349821001025596
0.3743500372744208
0.3752013565660037
0.3760494660194907
0.3768970395226677
0.37774144812964816
0.37858529376616723
0.3794260181385756
0.3802661531815931
0.3811032095807946
0.3819396506617948
0.3827730550001714
0.38360581811555705
0.3844355859580134
0.38526468647536877
0.38609083304075725
0.3869162857047865
0.38773882586725206
0.38856064480539426
0.38937959309563935
0.39019779182336223
0.3910131624298321
0.3918277538556048
0.39263956062559335
0.3934505570555409
0.39425881349621733
0.3950662266384564
0.39587094591781247
0.3966747868864702
0.39747598183418875
0.39827626115310444
0.39907394426134885
0.3998706718674598
0.4006648552915841
0.4014580405379943
0.4022487360971751
0.4030383877559085
0.40382560693369746
0.40461173319813387
0.40539548714293117
0.4061780956299253
0.4069583951553742
0.40773749290705713
0.40851434849235885
0.40928994197762053
0.41006336376777036
0.4108354588834223
0.4116054566893654
0.4123740587609824
0.4131406420596898
0.4139057558421286
0.41466893377659386
0.4154305634541877
0.4161903448333418
0.4169484940197684
0.4177048873183146
0.4184595590561353
0.419212572414303
0.4199637691741706
0.42071341039738674
0.42146113407692015
0.42220741063539896
0.4229516625577206
0.4236945815859712
0.4244353624979045
0.4251749307941543
0.4259122408640783
0.4266484648896137
0.42738230370497043
0.4281151895833927
0.4288455561478437
0.42957510966423945
0.43030200239446786
0.43102822899449517
0.4317516457166477
0.4324745505055342
0.4331944884512998
0.4339140761927546
0.43463053199507395
0.4353468071101111
0.4360597767985116
0.43677256061168857
0.43748222235973666
0.43819150690227043
0.4388978672176705
0.4396036470253343
0.4403067089447645
0.4410089779290341
0.4417087441392434
0.4424074955807676
0.44310396841685135
0.4437991949585115
0.44449237640209194
0.4451840700416439
0.44587396171895466
0.44656211380124555
0.4472487169811187
0.4479333181898703
0.44861663378162414
0.44929767413077465
0.4499777026820022
0.45065517150659784
0.45133191320085325
0.4520057991474804
0.45267925380186247
0.4533495448186116
0.45401951665979307
0.4546863952071937
0.4553527471744592
0.4560163359088113
0.45667905416689
0.4573393514131945
0.45799842138623964
0.45865542508936114
0.4593108314485284
0.45996453917012753
0.46061626582062115
0.46126667473597194
0.4619147048035461
0.4625618116982366
0.4632061275151404
0.46384992878165515
0.4644905118720073
0.4651306569733824
0.4657678345707672
0.4664042123165526
0.46703807106858836
0.46767066087285
0.4683011955629787
0.46892997597120656
0.46955718097082144
0.4701821296423671
0.47080599890663616
0.4714270925964913
0.4720476196600464
0.47266483419994504
0.473281500889764
0.4738953224512611
0.47450806655997096
0.47511852395624704
0.47572731886457414
0.4763344039022186
0.4769392219899418
0.47754292603133713
0.4781437386548815
0.47874391574909264
0.4793408300822669
0.4799369512634195
0.4805304559696973
0.48112248984757017
0.48171257445916477
0.48230048852825397
0.4828871421057015
0.48347090271880594
0.4840539294119322
0.48463368618588143
0.48521250098442864
0.48578879101504824
0.48636335717573215
0.48693616757524516
0.48750644710481505
0.48807576448207424
0.48864171810629314
0.48920682658027975
0.4897691156914786
0.49032983068272756
0.4908885835081669
0.4914448622348962
0.4920000632991239
0.49255186157144787
0.49310271809439626
0.4936507670428256
0.4941970674794434
0.4947415149698174
0.49528321124717256
0.49582389113648195
0.4963610820895704
0.4968970758128535
0.49743061053253634
0.49796186582583285
0.49849172488458676
0.4990181878134205
0.4995435190526099
0.5000659660982143
0.5005864131663668
0.5011051226313101
0.5016206269350589
0.5021349100213972
0.5026460780307631
0.5031553187405228
0.5036626815854122
0.5041668162825238
0.5046696328417815
0.5051693131792568
0.5056669155990888
0.5061627172378932
0.5066550364181107
0.5071459322799031
0.5076338981542186
0.5081193933549967
0.5086033994073981
0.5090834202487807
0.5095619020434269
0.5100379075527645
0.5105107860848747
0.5109820550999659
0.5114499405178287
0.5119154719280659
0.5123792510263793
0.5128389590392437
0.5132969261609952
0.513752396063711
0.5142043936947074
0.514654567595015
0.5151015940387467
0.5155456444827375
0.5159877836714535
0.5164262255453259
0.5168620789591736
0.5172959285447359
0.5177256376244161
0.5181530302510378
0.5185783150502463
0.5189991417061356
0.5194177949390244
0.5198341106519297
0.520246011415352
0.5206556307991818
0.5210628101564513
0.5214654802310257
0.521865754393601
0.5222635957475195
0.5226567389886746
0.5230473384990981
0.5234353809693375
0.5238189332144747
0.5241995093619803
0.5245773963988725
0.5249511602785709
0.525321343766007
0.5256886976445594
0.5260524663541497
0.5264118658995945
0.5267682862781206
0.5271216774657073
0.5274700440071461
0.5278151063835457
0.5281569764758347
0.5284947868081202
0.5288280408658397
0.5291579287560657
0.5294843910723891
0.5298059075010765
0.5301233236872667
0.5304371241974316
0.53074724332588
0.5310518793306446
0.5313524853203857
0.5316492017923933
0.5319419559433967
0.5322290830824399
0.5325118165028833
0.5327903594106573
0.5330646310113554
0.5333335759281072
0.5335972745522632
0.5338564513675957
0.5341110165872933
0.5343608778378078
0.5346044485688067
0.5348429524669964
0.5350764695384351
0.5353048969391494
0.535528128773053
0.5357449179726482
0.5359559141547976
0.5361613946404972
0.5363612413411829
0.5365553325708153
0.536743542910605
0.5369246662277375
0.5370994178756072
0.5372679150523588
0.5374300176306127
0.5375855810852733
0.5377344563274762
0.5378764895319674
0.5380112031667831
0.5381380801214135
0.5382576645225029
0.5383697841351929
0.5384742611424634
0.5385709119322948
0.5386595468761917
0.5387399700986748
0.5388119792373319
0.538875365192993
0.5389299118695776
0.5389753959031373
0.5390115863795905
0.5390382445406235
0.5390551234772032
0.5390619678101166
0.5390585133569266
0.5390444867846943
0.5390196052477909
0.5389835760100812
0.5389360960507253
0.5388768516528042
0.5388055179739306
0.5387217585979648
0.5386252250669012
0.5385155563919475
0.5383923785427581
0.5382553039137319
0.5381039307662168
0.5379375232469236
0.5377544653155993
0.5375556203109005
0.5373405138942248
0.5371086539038067
0.5368595295990464
0.5365906369684397
0.5363022946651399
0.5359947715305132
0.5356674604993759
0.5353167833503227
0.5349438005587049
0.5345487327005602
0.5341278827931938
0.5336812458857265
0.5332098679333259
0.5327071895228067
0.5321773566394153
0.5316151588413884
0.5310213114547685
0.5303922269198034
0.5297281142321071
0.5290237132126566
0.5282812119213864
0.5274929126037586
0.5266595236840714
0.525778615669953
0.5248444542824979
0.5238531238551334
0.5228022392737228
0.5216867985612171
0.5205012931854837
0.5192396502018057
0.5178951669675462
0.5164604373513352
0.5149272681838014
0.5132808082086889
0.5115132239399024
0.5096095323781623
0.5075509816521314
0.5053151802995185
0.5028785559906775
0.5002074740618717
0.4972616364270557
0.49397937162250133
0.49029379564016967
0.48609598385737307
0.48123671085924274
0.4754676524209216
0.4683815997899787
0.4591543156966771
0.4457015636346787
0.41757507785049747
0.3241799895440796
0.2954529011235368
0.2768602983299566
0.26235233254809637
0.2501620855959478
0.23950867287727642
0.22995906191095958
0.22124834707027094
0.213206092446468
0.20570155180467903
0.19865750814616193
0.19199767067414603
0.18566894542914036
0.17963483447646705
0.17385779709249521
0.16830623765352065
0.1629644251075656
0.15780819065069088
0.1528193155926408
0.14798500071900234
0.14329357443841517
0.13873437978051145
0.13429767418005142
0.12997454043821957
0.1257568074742769
0.12163697966963248
0.11760817376737083
0.11366660946312475
0.10981051387434805
0.10602861278686555
0.10232069258711793
0.09868397812882253
0.0951096096032838
0.09160302704667392
0.08815137545078136
0.08476158654994019
0.08142291060613462
0.07813807733191183
0.07490360101145291
0.07171360122661029
0.06857500117544713
0.06547819449648483
0.06242161917938871
0.059410077631689207
0.056437101903767994
0.05350062488020117
0.050599670443510526
0.04773840562941098
0.04491034738727867
0.04211461618136897
0.039350360792315145
0.03661675726909646
0.03391530007897109
0.03124366122317306
0.028600042865734518
0.025983733994391828
0.023394045695596406
0.020830310367779405
0.018291880966650773
0.0157781302810601
0.013288450238016544
0.010822251235550638
0.008378961502146905
0.00595802648156162
0.0035589082418856772
0.0011810849077693929
-0.0011759498852101074
-0.003512687515020406
-0.005829604877407751
-0.008127164870778327
-0.010405816862567346
-0.01266599713789017
-0.0149081293312456
-0.01713262484198375
-0.01933988323424006
-0.021530292621985643
-0.023704230039821427
-0.025862061800117974
-0.028004143837062713
-0.0301308220381648
-0.0322424325637305
-0.03433930215480513
-0.03642108401771676
-0.038487195727542
-0.04053941748502255
-0.04257804523155905
-0.04460336671697304
-0.04661566175348946
-0.04861520246081044
-0.050602253502640665
-0.05257426328085359
-0.05453423316389205
-0.056482417904033536
-0.05841905751071817
-0.06034438548793034
-0.06225816507973239
-0.06415832490625877
-0.06604780402268394
-0.0679268142626719
-0.06979556177492978
-0.07165408925500032
-0.07349940202110876
-0.07533501784153569
-0.07716112378330267
-0.07897790193848102
-0.08078394601871947
-0.08257886262711576
-0.08436495947425329
-0.08614240182186345
-0.08791078463035643
-0.08966748869083711
-0.09141600590179545
-0.09315648623511812
-0.09488858261751293
-0.09660936994274129
-0.09832255111581566
-0.1000282622080563
-0.10172537710436398
-0.10341236867403235
-0.10509228708881783
-0.10676525577397585
-0.10842862858147304
-0.1100837850647679
-0.11173235777845363
-0.11337389388191184
-0.11500526724138023
-0.11663040218015869
-0.11824940282944525
-0.11985912766993456
-0.12146173512745045
-0.12305852691877642
-0.12464764949193044
-0.12622859445992937
-0.12780402452249875
-0.12937301071764037
-0.13093311532978652
-0.13248798894888347
-0.13403728966343045
-0.13557733549261006
-0.13711241834479232
-0.1386424700706432
-0.14016320028963516
-0.14167922054554555
-0.14319044592712982
-0.14469256734179253
-0.14619021764541604
-0.14768302601098013
-0.1491672109744219
-0.15064715030696182
-0.15212193817455838
-0.15358882639013816
-0.15505168182609028
-0.15650883338564728
-0.15795903360607794
-0.15940540196852668
-0.16084528954128707
-0.16227938117059096
-0.1637098305922492
-0.16513281506878805
-0.16655134967336435
-0.16796601447843107
-0.1693728523273665
-0.17077635506198852
-0.1721746375827026
-0.1735667808229063
-0.17495575177705114
-0.176337986113132
-0.17771592024747976
-0.17909025262380524
-0.18045734591766494
-0.18182153335444995
-0.18318029996248367
-0.18453394746196486
-0.18588482867923437
-0.18722833915246342
-0.18856896846858442
-0.18990496410149837
-0.19123551789360027
-0.19256353641604762
-0.19388472322609207
-0.1952029349995222
-0.1965168256461439
-0.1978253961319478
-0.19913164269518177
-0.20043115219791582
-0.20172800835913896
-0.20302043081009502
-0.20430805185545853
-0.20559345491622663
-0.2068719925638445
-0.2081484820773675
-0.20942004538822404
-0.21068767984105866
-0.21195242085592883
-0.21321134270706865
-0.21446838680659527
-0.2157196736656865
-0.2169682184411657
-0.2182128715978756
-0.21945305086379913
-0.22069113136490762
-0.22192307588793636
-0.2231533666593644
-0.22437848146561637
-0.2256007317306782
-0.22681945177069876
-0.22803378441395603
-0.22924616727996527
-0.2304527023977623
-0.23165778182840666
-0.2328576598167115
-0.2340551186633105
-0.23524882732683147
-0.23643877849080183
-0.23762637217902507
-0.238808926007967
-0.23999019895716941
-0.24116572263632596
-0.24233975946882408
-0.2435093265901484
-0.24467623107871223
-0.24583989294305902
-0.24699976651851285
-0.24815757369298075
-0.24931051549665248
-0.2504623781451634
-0.251608624760286
-0.25275369882414894
-0.25389423815574036
-0.2550326169008818
-0.2561674966874587
-0.25729927127707136
-0.25842853857548614
-0.2595537981163354
-0.26067749931153394
-0.2617963308990905
-0.2629142949725734
-0.26402700047608935
-0.26513866050247664
-0.26624593512063977
-0.26735137305595313
-0.2684532605795405
-0.26955255652914645
-0.27064910012276405
-0.2717423323812718
-0.27283357459192065
-0.27392081968207566
-0.2750068024475332
-0.27608813515813085
-0.27716880594566
-0.27824439323799777
-0.2793192560100196
-0.2803897060962794
-0.28145883123528054
-0.28252418369659593
-0.2835876399859607
-0.28464793383350856
-0.28570578849106476
-0.2867610621734128
-0.28781338088413466
-0.2888636722944311
-0.2899105192423216
-0.29095586572532617
-0.29199730362449644
-0.29303774198345756
-0.29407383210842575
-0.2951093986118061
-0.2961402008270334
-0.2971705745125659
-0.2981965040037673
-0.29922167068976074
-0.3002428339870961
-0.30126284998703895
-0.3022792812841505
-0.30329420160633813
-0.30430593459353356
-0.30531581296718796
-0.3063228808373148
-0.30732776973804293
-0.3083302051922267
-0.3093301558668298
-0.3103279911200846
-0.3113230536107341
-0.31231632039744117
-0.3133065435652361
-0.3142952731444981
-0.31528070469241476
-0.3162649278532851
-0.317245614348538
-0.3182253614151259
-0.31920134831094643
-0.3201766491474051
-0.321147980804255
-0.3221188648196468
-0.32308558452587777
-0.32405208067892666
-0.32501423067089424
-0.32597618343002577
-0.32693398895627024
-0.327891425760609
-0.3288449276444428
-0.3297978881222586
-0.3307471135662857
-0.33169563636491284
-0.33264061214346374
-0.33358473494697094
-0.33452548741018834
-0.33546524695656643
-0.33640180203438835
-0.3373372341322643
-0.33826961733830074
-0.33920075688318885
-0.34012899331849816
-0.3410558743085937
-0.34197998866535706
-0.34290264421688565
-0.3438226607819822
-0.344741123144107
-0.3456570658025913
-0.3465713663718905
-0.3474832586103706
-0.3483934279448906
-0.3493012928548124
-0.35020736068770186
-0.3511112209685377
-0.35201321622127457
-0.3529130941836178
-0.3538110449788296
-0.3547069625473977
-0.3556008962212854
-0.3564928749378283
-0.35738281805219946
-0.3582708790783205
-0.3591568574322349
-0.36004102155212026
-0.36092306019315723
-0.3618033478162158
-0.36268147105136433
-0.36355790221478135
-0.36443213362096194
-0.3653047279921625
-0.366175090426383
-0.3670438673054118
-0.3679103829145623
-0.368775361236375
-0.3696380514666673
-0.3704992498033386
-0.3713581354093912
-0.3722155719722377
-0.37307067302581437
-0.3739243656674325
-0.37477570156583456
-0.3756256677820569
-0.37647325725617437
-0.3773195141879416
-0.3781633753099663
-0.3790059397451176
-0.37984608993591945
-0.3806849783109015
-0.38152143434707353
-0.3823566627485664
-0.38318944076913874
-0.38402102493560286
-0.38485014044842886
-0.38567809577156964
-0.3865035636593869
-0.38732790518553945
-0.3881497397117052
-0.38897048214314073
-0.3897886969570468
-0.3906058546531955
-0.39142046279536136
-0.39223404977395976
-0.39304506368080644
-0.39385509361896265
-0.3946625251272687
-0.3954690113624498
-0.39627287171348746
-0.397075827244427
-0.3978761270877848
-0.39867556457531206
-0.3994723139723974
-0.4002682457401875
-0.4010614541674153
-0.4018538922026594
-0.4026435685543239
-0.4034325245083221
-0.40421867709915105
-0.4050041622878249
-0.4057867988552185
-0.4065688242595451
-0.4073479519654963
-0.40812652823186396
-0.4089021536645606
-0.4096772911050429
-0.4104494202801517
-0.4112211288727042
-0.4119897672343319
-0.4127580566229084
-0.41352320904424356
-0.41428808853883164
-0.41504975932246013
-0.41581123789903784
-0.4165694307769347
-0.41732751707734494
-0.41808223521053756
-0.4188368571842299
-0.41958818352018357
-0.42033932771750654
-0.4210872856955464
-0.4218349538947987
-0.42257955081735293
-0.42332374422174596
-0.42406498705526013
-0.424805706290985
-0.4255436016653038
-0.4262808467792562
-0.4270154009869215
-0.42774917144407487
-0.4284803904395399
-0.42921068511996907
-0.4299385745187259
-0.4306653917142729
-0.4313899567918948
-0.43211329420247196
-0.43283453989356885
-0.4335543946230988
-0.4342723255201847
-0.4349886940721661
-0.4357033144244391
-0.4364161926971384
-0.43712750640916953
-0.43783688969042994
-0.43854490032076354
-0.43925078328242495
-0.43995549404208656
-0.44065787073401336
-0.4413592844849262
-0.44205814832863244
-0.44275626758194037
-0.443451611363809
-0.44414643827810396
-0.44483825414219025
-0.445529790521646
-0.44621806996205965
-0.44690609181262075
-0.4475910511073243
-0.4482755168112274
-0.448957188836966
-0.44963808825130525
-0.450316473373948
-0.45099379567338155
-0.45166889389356374
-0.45234262756056587
-0.45301443851121953
-0.4536845713258577
-0.45435309426963955
-0.4550196132988706
-0.4556848471254801
-0.45634773871195294
-0.4570096819353441
-0.45766893168569717
-0.45832758244117916
-0.4589831752138251
-0.45963839245158955
-0.46029045114743194
-0.4609419818472709
-0.4615907401785806
-0.4622385672669777
-0.46288402182322563
-0.4635281274276584
-0.46417027440345765
-0.46481063983754173
-0.46544947502904777
-0.46608608077709235
-0.46672159957827886
-0.4673544252792373
-0.4679866226780461
-0.4686156471088456
-0.46924418082771885
-0.4698697187414456
-0.47049441234261863
-0.4711166113411574
-0.47173744133177
-0.47235629473782503
-0.4729732366943102
-0.4735887374033252
-0.47420176595153524
-0.4748139064270332
-0.47542299522164505
-0.47603149354642055
-0.47663688919360586
-0.4772414009361666
-0.4778434111001046
-0.47844390732256603
-0.4790425226895727
-0.47963897339830575
-0.48023418419725444
-0.4808265583185424
-0.4814182491784806
-0.4820066196701464
-0.4825941796308668
-0.4831791134399105
-0.48376250851353686
-0.4843439939817009
-0.48492318900045694
-0.4855012139825167
-0.48607617257009084
-0.486650343375363
-0.48722140896937005
-0.4877912804912138
-0.4883588461764844
-0.48892437874510003
-0.489488430362458
-0.49004958298215884
-0.4906098572542886
-0.4911668361671073
-0.49172266013021504
-0.4922760793421668
-0.49282740836061467
-0.4933772515836291
-0.49392403956272635
-0.49446984913910835
-0.4950124893049837
-0.4955536790901267
-0.4960926910594897
-0.496629210925266
-0.49716457615297
-0.4976963743612332
-0.49822708311977193
-0.49875509687567243
-0.4992809958274228
-0.4998053036535201
-0.500326336580324
-0.5008461939267905
-0.5013630264342791
-0.5018779221308765
-0.5023909839911673
-0.5029008569734205
-0.5034094612543081
-0.503914912620411
-0.5044183904103792
-0.504920000607501
-0.5054182855935907
-0.5059152009417327
-0.5064090535676724
-0.5069006634400658
-0.5073905982729638
-0.5078768306665549
-0.5083615837580733
-0.5088436014214485
-0.5093228546487661
-0.5098005598457153
-0.510274546655212
-0.5107466231381216
-0.5112165499993796
-0.5116829154403687
-0.5121476071282062
-0.5126093211499474
-0.5130681617098495
-0.513525249374993
-0.5139786212632221
-0.514429710198442
-0.5148788604641475
-0.515323856488338
-0.5157669546691396
-0.5162075562989592
-0.5166444009449047
-0.5170792560231631
-0.5175111625968455
-0.5179395947648298
-0.5183659402854163
-0.5187889980602581
-0.5192087420048106
-0.5196262964564865
-0.5200403440753055
-0.5204511084202325
-0.5208595742215905
-0.5212644424046006
-0.5216659190904622
-0.5220649815060898
-0.5224604927257227
-0.5228523558847237
-0.5232416818663674
-0.5236276500040176
-0.5240095547568571
-0.5243887917039329
-0.5247650216875314
-0.5251366028563101
-0.5255053772896325
-0.5258712989822298
-0.5262325354416614
-0.5265904515837498
-0.5269453636934405
-0.527296332581839
-0.5276429708365955
-0.5279864438801672
-0.5283266972354879
-0.5286618309528872
-0.5289934092597989
-0.529321591882637
-0.5296458636018069
-0.5299650635133815
-0.5302806799683675
-0.5305926481083046
-0.5309001399910376
-0.5312026640408211
-0.5315013342504922
-0.5317960787851667
-0.5320861695775106
-0.5323709686435478
-0.5326516167682455
-0.5329280342617925
-0.5332000583120048
-0.5334659849530615
-0.5337274337382006
-0.5339843161384932
-0.534236541085733
-0.5344833578911554
-0.5347243175596686
-0.53496034071359
-0.5351913259932802
-0.53541716904279
-0.5356373874465497
-0.5358510982821754
-0.5360593511574734
-0.5362620297334683
-0.5364590141394483
-0.5366501808402306
-0.5368349876038796
-0.5370128152699765
-0.5371844569296648
-0.5373497745941305
-0.5375086259574927
-0.5376608642339321
-0.5378063379883887
-0.5379448909605495
-0.5380755426610168
-0.5381987945274344
-0.5383146684076767
-0.5384229893018843
-0.5385235765226727
-0.5386162434780241
-0.5387007974453448
-0.5387770393362898
-0.5388447634519306
-0.5389037572278247
-0.5389538009685221
-0.5389946675710179
-0.5390261222366378
-0.5390479221708161
-0.5390598162701964
-0.5390615447964584
-0.5390528390362394
-0.5390334209464885
-0.5390030027845566
-0.5389612867222853
-0.5389079644433226
-0.5388427167228488
-0.538765212988853
-0.5386751108640533
-0.5385720556875062
-0.5384556800148962
-0.5383256030964405
-0.5381814303312892
-0.5380227526972325
-0.5378479386955264
-0.5376570454344741
-0.5374501301127537
-0.537226709572485
-0.5369862824591277
-0.5367277988010404
-0.5364488263745505
-0.5361509681014712
-0.5358336283544364
-0.5354952118501864
-0.5351330083614468
-0.5347490719223965
-0.5343421758389031
-0.5339076059721811
-0.5334487010481724
-0.5329619646388418
-0.5324456918772575
-0.5319010340006832
-0.531321960708971
-0.5307122195472108
-0.5300642394904603
-0.5293812214953596
-0.5286574567867737
-0.5278917719022155
-0.5270835626662133
-0.526225326195994
-0.5253170220285421
-0.5243555530839693
-0.5233365314878061
-0.5222551304588808
-0.5211050385326739
-0.5198822481488503
-0.5185806612780788
-0.5171908849205088
-0.5157059881736544
-0.5141172759372598
-0.5124150450513197
-0.5105788697916992
-0.5086025430717512
-0.5064563072954054
-0.5041239324144825
-0.5015746686907453
-0.498771717421287
-0.495666723475816
-0.49219424841470694
-0.4882682613384375
-0.48376175033000496
-0.47848606206923533
-0.47213021395107013
-0.4641177830135093
-0.45319999553499773
-0.4353707395215779
-0.35477098384453765
-0.3076712099587977
-0.28545996708233545
-0.2692446201206753
-0.25602835987307104
-0.24467705135654513
-0.23461109271488384
-0.22551135753082288
-0.21715113921641568
-0.20939280450590106
-0.20212731060512185
-0.19528318664663374
-0.1887948126397051
-0.18261637302067057
-0.17671672408279693
-0.17105412592583125
-0.16561252538751395
-0.16036169904680814
-0.1552923002387831
-0.1503850487316999
-0.1456251569588586
-0.1410016207405174
-0.13650438227376435
-0.13212423770044993
-0.1278527548709983
-0.12368220005254378
-0.11961047370754896
-0.11562864949996769
-0.11172897568313919
-0.10790841040865952
-0.10416698958159273
-0.10049261926745441
-0.09688971551001813
-0.09334870574349072
-0.08987065062317001
-0.08644932712164807
-0.0830861752320994
-0.07977240407688592
-0.07651519835213243
-0.07330312209230373
-0.07013885235372465
-0.06702149732313034
-0.06394494889719397
-0.060910571613980814
-0.05791896414695252
-0.05496436380691295
-0.05204576222566354
-0.049164831108268865
-0.046320281334092675
-0.043508494757167795
-0.04072860613380268
-0.03797977800698237
-0.0352618556288643
-0.03257593276508568
-0.029918394447809124
-0.02728851830995654
-0.02468560448902669
-0.022108974823763276
-0.019557972083631744
-0.01703195922957513
-0.01453031870462428
-0.01205245175300238
-0.009597777766423189
-0.0071657336563651286
-0.004755773251144975
-0.002367366716699244
-1.3203223303307403e-16
