-0.3298667992642365
-0.3271225016930773
-0.3243782041219181
-0.3216339065507589
-0.31888960897959967
-0.31614531140844043
-0.31340101383728125
-0.31065671626612207
-0.3079124186949629
-0.30516812112380365
-0.30242382355264447
-0.29967952598148523
-0.29693522841032605
-0.2941909308391668
-0.2914466332680076
-0.2887023356968484
-0.2859580381256892
-0.28321374055453
-0.2804694429833708
-0.2777251454122116
-0.2749808478410524
-0.2722365502698932
-0.26949225269873395
-0.26674795512757477
-0.2640036575564155
-0.26125935998525635
-0.25851506241409716
-0.255770764842938
-0.25302646727177874
-0.2502821697006195
-0.2475378721294603
-0.2447935745583011
-0.2420492769871419
-0.23930497941598272
-0.23656068184482354
-0.2338163842736643
-0.2310720867025051
-0.22832778913134585
-0.22558349156018667
-0.22283919398902746
-0.22009489641786828
-0.21735059884670904
-0.21460630127554986
-0.21186200370439065
-0.2091177061332314
-0.20637340856207223
-0.20362911099091302
-0.20088481341975384
-0.1981405158485946
-0.1953962182774354
-0.1926519207062762
-0.189907623135117
-0.1871633255639578
-0.18441902799279858
-0.18167473042163937
-0.1789304328504802
-0.17618613527932095
-0.17344183770816174
-0.17069754013700256
-0.16795324256584335
-0.16520894499468414
-0.16246464742352493
-0.15972034985236572
-0.15697605228120654
-0.15423175471004733
-0.1514874571388881
-0.1487431595677289
-0.1459988619965697
-0.1432545644254105
-0.14051026685425128
-0.13776596928309207
-0.13502167171193288
-0.13227737414077367
-0.12953307656961444
-0.12678877899845525
-0.12404448142729604
-0.12130018385613683
-0.11855588628497764
-0.11581158871381843
-0.11306729114265923
-0.11032299357150002
-0.10757869600034083
-0.10483439842918159
-0.10209010085802239
-0.0993458032868632
-0.09660150571570396
-0.09385720814454478
-0.09111291057338558
-0.08836861300222634
-0.08562431543106715
-0.08288001785990796
-0.08013572028874877
-0.07739142271758953
-0.07464712514643033
-0.07190282757527115
-0.06915853000411191
-0.06641423243295272
-0.06366993486179352
-0.060925637290634285
-0.058181339719475096
-0.05543704214831591
-0.05269274457715666
-0.04994844700599747
-0.047204149434838284
-0.044459851863679095
-0.04171555429251985
-0.03897125672136066
-0.03622695915020147
-0.033482661579042235
-0.030738364007883042
-0.02799406643672385
-0.02524976886556461
-0.02250547129440542
-0.019761173723246227
-0.01701687615208699
-0.014272578580927798
-0.011528281009768606
-0.008783983438609366
-0.006039685867450176
-0.003295388296290985
-0.0005510907251317456
0.002193206846027445
0.004937496121977319
0.007681772297006903
0.01042601078361342
0.01317020996669919
0.015914366740500806
0.018658467361683733
0.021402478441587852
0.02414641779820764
0.026890280620107756
0.029634026720766746
0.03237765062568876
0.03512116866809773
0.03786457602938039
0.04060779032378157
0.04335086551215131
0.04609380067102261
0.048836561921169405
0.05157909614362132
0.05432146096966465
0.057063651561852495
0.05980558545656615
0.06254728177097095
0.06528877445246535
0.06803005823031426
0.0707709877981639
0.07351168430737773
0.07625214289339557
0.07899230363458491
0.08173210564275489
0.08447164025828398
0.0872109025969187
0.0899497628097219
0.09268827501629569
0.09542648542601047
0.09816437997691535
0.10090177125009536
0.10363883116685467
0.10637555480268233
0.10911185283468233
0.11184766359739433
0.1145831084574968
0.11731818246308975
0.12005270626271958
0.12278677353346831
0.12552044025909784
0.12825368245759833
0.1309862732094835
0.1337184336730895
0.13645015884307782
0.13918133038889682
0.14191188548143194
0.14464197545663152
0.14737159527404586
0.1501005181597337
0.15282887363564202
0.1555567290426533
0.15828405386534988
0.16101057539161326
0.16373656687232996
0.16646202320038128
0.16918680239254144
0.17191083027408982
0.17463429292726532
0.17735718520208288
0.18007924039016354
0.18280060945710766
0.18552137796406748
0.1882415179764733
0.19096069336993698
0.1936792379432213
0.19639714646638098
0.1991142648341647
0.2018304851208999
0.2045460389796877
0.20726092112992056
0.20997483904151104
0.2126879376014156
0.2154003339504235
0.21811201879495135
0.22082256121543883
0.22353237083103839
0.22624144226781895
0.22894962822575168
0.23165674995853802
0.23436310278223402
0.23706868126440367
0.23977318901442018
0.242476721750684
0.2451794492719449
0.24788136608435385
0.2505820160955363
0.2532817908405018
0.2559807238529946
0.2586787021908415
0.2613754220966351
0.26407126913666523
0.2667662377053257
0.26946005859312205
0.2721527172293974
0.27484446609902347
0.27753529952706263
0.2802247828259468
0.28291320918066637
0.28560068862955185
0.2882871800041235
0.29097218075019243
0.2936562030032811
0.2963392409631187
0.29902109396505255
0.30170155551652716
0.3043810010067246
0.30705942455806307
0.309736458369509
0.3124122074559382
0.3150869026475803
0.31776053798657916
0.3204325715168226
0.3231034339700627
0.32577320441979046
0.3284418036840415
0.33110872870044555
0.33377452942132113
0.3364391997447134
0.33910249627661143
0.3417642220979557
0.34442478502284507
0.34708417886097614
0.3497419907937401
0.3523983406608546
0.35505348872819703
0.35770742871411465
0.3603595738718441
0.3630103700041544
0.3656599251208789
0.3683081910626486
0.3709545287338468
0.37359959229575207
0.37624337530362495
0.3788856701302366
0.3815261350784177
0.38416528614558626
0.38680311678747664
0.3894392574507199
0.39207366896899104
0.3947067264945749
0.39733842338063763
0.39996822648726904
0.40259640272256764
0.40522318450333145
0.4078485650771055
0.4104718468791205
0.41309360479829216
0.4157139274406592
0.41833275944445836
0.42094938433001844
0.4235645396858075
0.4261782185718191
0.428790222209652
0.4314001004964293
0.434008467793386
0.43661531704657486
0.4392203075770976
0.44182325287553437
0.44442464533583437
0.44702447778701204
0.44962227007873423
0.4522180946929989
0.4548123242221758
0.45740495137513165
0.459995359896849
0.462583874790515
0.46517075194310736
0.46775598394022244
0.4703388227514871
0.4729198375131257
0.4754991714582357
0.478076817046008
0.4806518997876405
0.4832252225963269
0.48579682108309274
0.48836662936770053
0.4909338274622176
0.4934992650529501
0.49606293437593224
0.4986246750361214
0.5011838374307988
0.5037411950598327
0.506296740024314
0.5088502255382212
0.5114011564341792
0.5139502378442753
0.5164974617314757
0.5190425041240868
0.521585006184703
0.5241256135702916
0.5266643181024991
0.5292007289363707
0.5317346032523959
0.534266537224658
0.5367965225302764
0.5393241128963103
0.5418491589508992
0.5443722185027655
0.5468932830812813
0.5494118635895504
0.551927879223214
0.5544418616942837
0.5569538023811512
0.559463183151781
0.5619699645272584
0.5644746655686403
0.5669772775000914
0.5694772681541983
0.571974609721254
0.5744698232603304
0.5769628998381068
0.5794533094887964
0.5819410039489405
0.5844265221540578
0.5869098550100701
0.5893904922534968
0.5918683305246357
0.5943439437697223
0.5968173227306385
0.5992879956371303
0.6017557668181459
0.6042212636472649
0.6066844766990325
0.6091449928042805
0.6116024841395451
0.6140576512313779
0.6165104844836788
0.6189606507799981
0.621407647623827
0.6238522697560979
0.626294507406746
0.6287341303344083
0.6311704161154513
0.6336042761292932
0.6360357004285724
0.6384645858672116
0.6408899420527921
0.6433128208170587
0.6457332120320101
0.6481511055158528
0.6505653713525108
0.6529770477280389
0.6553861841066982
0.6577927701216844
0.6601958432938608
0.6625960940976903
0.6649937518332849
0.6673888059454595
0.6697804904029548
0.6721690903725066
0.6745550435676121
0.6769383392413268
0.6793184383370016
0.6816951600942237
0.6840691807248899
0.6864404892869064
0.6888088057685378
0.6911734197840232
0.6935352776638736
0.6958943682674477
0.6982506803948655
0.700602978826762
0.7029524415710741
0.7052990811600185
0.7076428861907201
0.7099829393552448
0.7123197723450168
0.7146537256177549
0.7169847875641691
0.7193123961345667
0.7216363624805804
0.7239573918541966
0.7262754724362831
0.7285904364465555
0.7309012969534404
0.7332091625277344
0.7355140211370299
0.7378158606851725
0.7401136531046429
0.7424081126261977
0.7446995062898764
0.7469878217817518
0.7492725005253408
0.7515533093516118
0.7538309926965712
0.7561055380250706
0.7583769009417212
0.7606438120051574
0.7629075372221381
0.7651680638328408
0.7674253790101879
0.7696786718723662
0.7719281886801143
0.7741744455354524
0.7764174293821052
0.7786569321085813
0.7808919877180669
0.7831237212615499
0.7853521194500955
0.7875771689250468
0.789797966703429
0.7920149208239349
0.7942284764611901
0.7964386200193416
0.7986451496096897
0.8008470656058371
0.803045519197233
0.805240496547364
0.8074319837475129
0.8096191684475932
0.8118022578616592
0.8139818060645385
0.8161577989023112
0.8183302221474421
0.8204976939667328
0.8226615473997332
0.8248217794301935
0.8269783755808329
0.8291308202212995
0.831278710543138
0.833422912591639
0.8355634116363155
0.8377001928705687
0.8398322765347177
0.8419601766618178
0.8440843058132471
0.8462046489246652
0.8483211908542005
0.8504325408198259
0.8525400244800261
0.8546436530083563
0.8567434110006736
0.858838965038615
0.8609295247642046
0.8630161593928665
0.8650988532547478
0.8671775905999644
0.8692517544433666
0.8713211129649998
0.8733864596015788
0.8754477783330016
0.8775050530577161
0.8795574491190644
0.881605162499655
0.883648775684866
0.8856882722984362
0.8877236358812353
0.8897538847738716
0.8917795024999744
0.89380093017364
0.8958181510565574
0.8978311483261313
0.8998388688496306
0.9018419337299197
0.9038407171295939
0.9058352019424291
0.9078253709765044
0.9098101801029547
0.9117902281675501
0.9137659017280175
0.9157371833043867
0.9177040553295839
0.9196655681908057
0.9216221285915596
0.9235742198453147
0.9255218240925591
0.9274649233852773
0.9294027532610236
0.931335348172868
0.9332633776516843
0.9351868234526666
0.937105667241112
0.9390194255482887
0.9409275700717652
0.9428310512094716
0.9447298503256055
0.9466239486930829
0.9485132449760334
0.9503964470411224
0.9522748860777102
0.95414854305335
0.9560173988429405
0.95788143422839
0.9597396010362167
0.9615924969234035
0.9634405089917227
0.9652836177124836
0.9671218034626458
0.9689546228317395
0.9707814671401311
0.9726033241306284
0.9744201738654519
0.9762319963111281
0.9780387713381586
0.979839348474581
0.9816345327223581
0.983424604037637
0.9852095419711074
0.9869893259761094
0.9887636606616493
0.9905316469186135
0.9922944127758664
0.9940519373629492
0.995804199710746
0.997551178751161
0.9992921464169284
1.0010270720865464
1.0027566467808129
1.0044808491029642
1.0061996575559748
1.0079130505422387
1.0096200210944741
1.0113211015537966
1.0130166976656663
1.0147067874990692
1.016391349021158
1.0180703600969383
1.0197426997182866
1.0214091355386599
1.023069950803863
1.0247251230408987
1.0263746296734004
1.028018448021326
1.0296555191757442
1.0312864959307435
1.0329117130493783
1.0345311475091683
1.03614477618277
1.037752575837679
1.039353737280163
1.0409484253612216
1.042537211814806
1.0441200730617133
1.0456969854164317
1.04726792508685
1.0488325318782057
1.0503900863186568
1.0519415941957355
1.0534870313665643
1.0550263735805623
1.0565595964791643
1.0580866755955407
1.0596065603143663
1.0611199261454445
1.0626270727861122
1.0641279754141413
1.0656226090979923
1.067110948796545
1.0685928471015054
1.0700671917041225
1.071535165616633
1.0729967434389338
1.0744518996603492
1.075900608659371
1.0773428447034048
1.0787782922870959
1.0802061953876765
1.0816275472702146
1.0830423218391245
1.0844504928868108
1.085852034093425
1.0872469190266256
1.0886349642260655
1.0900151729930228
1.0913886456517747
1.0927553554033678
1.0941152753355108
1.0954683784223473
1.0968146375242338
1.0981540253875186
1.0994855569205655
1.1008098658291108
1.1021272218251739
1.1034375972847572
1.1047409644691089
1.1060372955245172
1.1073265624821111
1.1086086090314635
1.1098824421134599
1.111149127829459
1.1124086378375913
1.1136609436801768
1.1149060167835414
1.1161438284578378
1.1173743498968682
1.1185974370061083
1.1198121081555934
1.1210194039417782
1.1222192951829637
1.1234117525805705
1.1245967467189848
1.1257742480654054
1.1269442269696948
1.1281066536642355
1.1292607296616506
1.1304068250984562
1.1315452810720295
1.1326760674372562
1.1337991539311667
1.1349145101728129
1.136022105663152
1.137121909784933
1.1382138918025884
1.1392972069258394
1.1403723672315818
1.1414396160523508
1.1424989222741768
1.14355025466457
1.144593581872437
1.1456288724280042
1.1466560947427415
1.1476752171092972
1.1486860094143618
1.1496878101889376
1.1506814195122035
1.1516668052987125
1.152643935344183
1.1536127773254605
1.1545732988004818
1.155525467208247
1.1564692498687963
1.157404613983193
1.1583315266335108
1.159249170329494
1.160158130413281
1.1610585449056943
1.1619503805128242
1.1628336038220264
1.163708181301945
1.1645740793025388
1.1654312640551137
1.1662797016723652
1.1671193581484212
1.1679501993588979
1.1687719031211175
1.1695841465881227
1.170387478072455
1.1711818630781812
1.171967266991413
1.1727436550803982
1.1735109924956162
1.1742692442698837
1.1750183753184653
1.1757583504391933
1.1764891343125923
1.177210691502013
1.177922986453775
1.1786258524715338
1.1793187629055863
1.180002311353798
1.1806764618995527
1.1813411785101704
1.1819964250370938
1.1826421652160801
1.183278362667401
1.1839049808960533
1.1845219832919747
1.185129333130271
1.1857269935714496
1.1863149276616645
1.186893098332966
1.1874614684035643
1.1880200005780983
1.1885685916230784
1.1891067363435195
1.1896349397921964
1.1901531643273515
1.1906613721952213
1.1911595255303589
1.1916475863559626
1.192125516584219
1.1925932780166517
1.1930508323444835
1.193498141149006
1.193935165901961
1.1943618679659314
1.1947782085947434
1.195184148933878
1.1955796500208944
1.1959646727858635
1.1963391780518127
1.1967031265351802
1.1970564788462825
1.1973991954897927
1.1977312368652282
1.1980525632674526
1.198363134887187
1.1986627403501775
1.198951349747068
1.1992290959247955
1.199495938767685
1.1997518380585908
1.1999967534794738
1.2002306446119895
1.2004534709380905
1.2006651918406408
1.2008657666040425
1.2010551544148753
1.2012333143625495
1.2014002054399715
1.2015557865442226
1.2017000164772504
1.2018328539465761
1.2019542575660116
1.2020641858563934
1.2021625972463286
1.2022494500729555
1.2023247025827184
1.2023883129321558
1.2024402391887028
1.2024804393315103
1.2025088712522751
1.202525492756087
1.2025302615622917
1.2025231353053647
1.202504071535805
1.2024730277210411
1.2024299612463527
1.2023748294158083
1.2023075894532196
1.2022281985031085
1.2021366136316936
1.20203279182789
1.2019166900043268
1.2017882649983809
1.2016474735732248
1.2014942724188953
1.2013286181533747
1.201150467323691
1.2009597764070359
1.2007565018118966
1.200540599879208
1.2003120268835217
1.2000707390341907
1.1998166924765743
1.1995498432932585
1.1992701475052965
1.1989775610734643
1.1986720398995387
1.1983533437747351
1.198021414293193
1.197676400642746
1.19731825841242
1.1969469431394606
1.1965624103107322
1.1961646153641374
1.1957535136900566
1.1953290606328055
1.1948912114921129
1.1944399215246193
1.1939751459453947
1.1934968399294756
1.1930049586134241
1.1924994570969054
1.191980290444288
1.191447413686262
1.1909007818214814
1.190340349818223
1.189766072616071
1.1891779051276197
1.1885758022401975
1.1879590327174971
1.187328135982456
1.1866831496263748
1.1860240283786394
1.1853507269531893
1.1846632000503872
1.183961402358912
1.183245288557675
1.182514813317757
1.181769931304369
1.1810105971788365
1.1802367656006054
1.1794483912292724
1.1786454287266368
1.1778269787484605
1.1769936532429695
1.1761455837826442
1.1752827249980935
1.1744050315338452
1.173512458050555
1.1726049592272438
1.1716824897635574
1.1707450043820502
1.1697924578304955
1.1688248048842174
1.1678411641371467
1.1668418948032293
1.1658273630042728
1.1647975236017298
1.1637523314979406
1.1626917416386338
1.161615709015453
1.1605241886685096
1.1594171356889604
1.1582942478671776
1.1571545428912813
1.155999149786182
1.1548280238380986
1.1536411203990429
1.1524383948895711
1.151219802801564
1.1499852997010316
1.1487348412309462
1.1474670732802967
1.1461829292933563
1.144882675856448
1.143566268928015
1.1422336645596725
1.140884818899219
1.1395196881936773
1.138137780810522
1.1367381563428494
1.135322094452617
1.1338895518057959
1.1324404851849839
1.1309748514926279
1.1294926077542726
1.1279930825853235
1.1264755440960406
1.1249412455109975
1.1233901443858056
1.1218221984177894
1.1202373654494233
1.118635603471795
1.117014992313536
1.1153771452892167
1.1137222222049492
1.1120501817007535
1.110360982585103
1.1086545838385728
1.106928961626155
1.105185805001438
1.103425304830212
1.101647420851435
1.0998521129970744
1.0980387881998512
1.0962061634564646
1.0943559739689699
1.0924881805251105
1.090602744127456
1.0886996259973907
1.0867766238830232
1.0848355414944375
1.0828766407188268
1.0808998837537442
1.0789052330384268
1.0768906421203714
1.0748574930618648
1.0728063176042202
1.0707370792694793
1.0686497418451222
1.0665418243583262
1.0644154685968115
1.0622708855721934
1.0601080402655483
1.05792622710446
1.0557239489178887
1.0535032842420469
1.0512641993455931
1.049006660808105
1.0467284502368914
1.0444309889771415
1.0421149552467766
1.0397803170310709
1.037425752343793
1.035050803576839
1.0326571362252737
1.0302447197799207
1.027812732074064
1.0253596309263813
1.0228876716757993
1.0203968254210487
1.0178863725143208
1.0153544822603726
1.0128036014524482
1.0102337029019333
1.0076437724803444
1.0050324866964326
1.0024020854574425
0.9997525433944141
0.9970821562574435
0.9943909010286534
0.9916804134870468
0.9889506701924224
0.9861988835914378
0.9834271197687334
0.9806360153221414
0.9778248142802243
0.9749914599167029
0.9721386854208299
0.9692664710490826
0.966372282590675
0.9634575468058039
0.9605232989742515
0.9575684904554331
0.9545915206816702
0.951594972623306
0.9485788305961338
0.9455395862224929
0.9424804908585607
0.939401743364284
0.9363007836974341
0.9331789145437424
0.9300373416148756
0.9268742176359119
0.9236893697179224
0.9204847731560724
0.9172590600279786
0.914011050803375
0.9107432551032701
0.9074545535553199
0.9041432238426546
0.9008120771218522
0.8974600148479425
0.8940852297598763
0.8906906046926256
0.8872748377612725
0.8838364876408435
0.8803782823945104
0.8768984966680846
0.873396498026329
0.8698746371986991
0.8663305497593168
0.8627648462125029
0.8591792817681778
0.8555706423475297
0.8519412055521469
0.8482918382704143
0.844618510166403
0.84092534074999
0.8372110380660521
0.8334739826593714
0.8297171111451629
0.8259377169304957
0.8221369862501711
0.8183164384555673
0.8144718700449085
0.8106075475877468
0.8067216904580253
0.8028135951297434
0.7988857967576934
0.7949345787429417
0.7909630956289815
0.786970484303942
0.7829553817375051
0.7789206838467566
0.7748626771620021
0.7707844889565232
0.7666850291200523
0.762563445193675
0.7584224040388222
0.7542576379082869
0.7500733729759718
0.7458671789512108
0.7416398154111652
0.7373922072279471
0.7331218831840001
0.7288323498961093
0.7245197559404372
0.7201874974594719
0.7158336416601271
0.7114588283578214
0.7070637771713874
0.7026465930326762
0.6982104286528584
0.6937510714633339
0.6892729232881519
0.6847725736473822
0.6802525742518033
0.6757114400655074
0.6711498214470629
0.6665680421295919
0.6619650506652691
0.6573427826130926
0.6526986792136734
0.6480360960626955
0.6433511563185372
0.6386480977164565
0.6339229635080957
0.6291795025192229
0.624414614974397
0.6196310632987181
0.6148266579130234
0.610003342350744
0.6051596728396925
0.6002969353946279
0.5954142738827909
0.590512471855117
0.5855911090508468
0.5806506151188536
0.5756908604740216
0.5707120627645014
0.5657142446186813
0.5606975467656066
0.5556620124741474
0.550607833665291
0.5455349497107401
0.5404437247219118
0.5353338768082678
0.5302060560248565
0.5250596491541338
0.5198956985796317
0.514713157110266
0.509513558361501
0.5042953260481126
0.4990605763369086
0.4938071163509927
0.4885377284519926
0.4832495233831012
0.477945841709764
0.47262357742455513
0.4672858684189544
0.4619303435718769
0.4565591389346818
0.4511709216033636
0.44576677231036577
0.4403464458088719
0.4349099220183485
0.42945808478355557
0.42398977572228447
0.4185070411851851
0.413007555012893
0.40749412910074245
0.4019645151067758
0.3964208213784901
0.39086194450806616
0.38528863846620215
0.3797011646327346
0.37409892006714507
0.36848352939546725
0.3628530381471537
0.35720990620956244
0.3515523964618981
0.3458820539048694
0.3401984300467303
0.33450161340433243
0.3287926046692533
0.32307006751915274
0.31733602382942044
0.31158892887130973
0.3058302936389648
0.30005973925065865
0.29427730785814804
0.288484068935826
0.28267865252225055
0.27686297406404325
0.2710359410271661
0.2651984925408901
0.2593508133588044
0.2534924441914539
0.24762475061319378
0.24174650898817945
0.2358591663500602
0.229962391365275
0.22405628422628232
0.21814181932889254
0.2122178451771565
0.2062859580657352
0.20034561225560643
0.19439720050186385
0.18844136966344083
0.18247736124966737
0.17650648484285703
0.17052825562148638
0.16454316914352934
0.1585517174637525
0.15255337565277943
0.14654924737534464
0.14053896510233216
0.13452300634121744
0.12850181397246832
0.12247500222241037
0.11644351667583967
0.1104071339057793
0.10436625213744977
0.09832131309414668
0.09227203113122073
0.08621921343348739
0.08016278307396117
0.07410304719924539
0.06804044714483731
0.06197480324331101
0.05590678103259664
0.04983643359548178
0.04376400369903941
0.0376898777666579
0.03161407904049109
0.0255370534196381
0.019458973564945213
0.013380071527481458
0.007300648836110737
0.0012209033755538842
-0.004858880907751936
-0.010938478325011897
-0.01701759886055159
-0.02309606182137301
-0.029173532621595444
-0.035249817450701416
-0.04132471161200471
-0.04739779560834533
-0.053469047425857834
-0.05953803111062174
-0.0656045754156519
-0.0716685638257135
-0.0777293852354683
-0.08378720991774027
-0.089841527180742
-0.09589213717555953
-0.10193905978034166
-0.10798145162845557
-0.1140196985757661
-0.12005322716315259
-0.12608178608804613
-0.13210554065559216
-0.13812343285433282
-0.1441360461470546
-0.15014274423768792
-0.15614324130090085
-0.16213782478331493
-0.16812525444441412
-0.1741063011484366
-0.18008023000149126
-0.1860467882265916
-0.19200632958888603
-0.19795745785557678
-0.203901155063289
-0.20983650073560103
-0.21576340344046446
-0.22168212746127514
-0.22759132289717432
-0.2334920632435697
-0.23938315719388176
-0.24526487285030546
-0.25113717250522366
-0.25699898301178065
-0.26285135843089397
-0.26869269684550934
-0.27452390209544436
-0.2803443422016601
-0.2861535324145384
-0.2919522725103429
-0.29773861762436943
-0.3035142182589729
-0.3092775527945388
-0.3150291242261726
-0.3207687605876352
-0.3264955123735209
-0.3322106621138172
-0.33791184994573253
-0.3436010588756177
-0.3492766335583907
-0.3549391533169555
-0.3605883898292477
-0.36622348919710923
-0.3718456759728245
-0.3774526411803669
-0.3830465660409461
-0.38862521537161554
-0.3941900057807594
-0.3997398498146124
-0.40527483758370914
-0.4107952149528224
-0.41629975024659505
-0.4217900140527528
-0.4272634655963058
-0.43272263582446824
-0.438164738853638
-0.44359195372426036
-0.44900235895983764
-0.45439703508613405
-0.4597751488660292
-0.46513672196418687
-0.47048196578581586
-0.47580989078223446
-0.4811217014113305
-0.4864154525285954
-0.49169328209312957
-0.49695235291499257
-0.5021956689843436
-0.5074195725000009
-0.5126275528749049
-0.5178161267775683
-0.5229882906843547
-0.5281410662311625
-0.5332769758464179
-0.5383934763541501
-0.5434927132365668
-0.5485724776370557
-0.55363464268178
-0.5586772255224037
-0.5637019388968983
-0.5687069103278664
-0.573693811389756
-0.5786607571384853
-0.5836095043358872
-0.5885380256687829
-0.5934482964236318
-0.5983380100955817
-0.6032095006704724
-0.608060038862404
-0.6128924642115083
-0.6177034744563442
-0.6224965680609483
-0.6272677131583096
-0.6320209852325138
-0.6367521847675864
-0.6414651217932588
-0.6461563523016596
-0.6508286536485075
-0.6554797116722644
-0.6601110916130248
-0.6647217913386456
-0.669311978918603
-0.6738821519390167
-0.6784308908362934
-0.6829603859012067
-0.6874674342782279
-0.6919557668547534
-0.6964212473800377
-0.7008675537844133
-0.7052919990648625
-0.7096960719418943
-0.7140793885899667
-0.7184410345077925
-0.7227831450769705
-0.7271021843442331
-0.7314020718683127
-0.7356792935030203
-0.739936325994345
-0.7441721627197786
-0.7483861930748386
-0.7525806208950993
-0.7567515150856486
-0.7609029965330314
-0.7650321614271595
-0.7691403223526938
-0.7732280283773164
-0.7772927656786032
-0.7813379433252526
-0.785360261456306
-0.7893618744230352
-0.7933427701615069
-0.7973007450173089
-0.8012390440175176
-0.8051545523400745
-0.809049113700264
-0.812923317758783
-0.8167740964087564
-0.8206051125178079
-0.8244140482937122
-0.8282012218425794
-0.8319685937442476
-0.835712361135598
-0.8394358531062094
-0.8431386420182524
-0.8468182512891999
-0.8504780164610288
-0.8541159314877979
-0.8577318132373752
-0.8613278367348293
-0.8649010776495223
-0.8684532376906731
-0.8719855340620755
-0.875494335412328
-0.8789828083130796
-0.8824513513125465
-0.8858960502796188
-0.8893208984313488
-0.8927255084748678
-0.8961066550530862
-0.8994679677350852
-0.9028089648758238
-0.9061266665321915
-0.9094245589744172
-0.9127022927382478
-0.9159566822159112
-0.9191912946617653
-0.9224061382558086
-0.9255973770130196
-0.928768873783879
-0.9319206432117421
-0.9350494999668744
-0.9381580685300033
-0.9412469581625079
-0.9443138710002767
-0.9473597210416975
-0.9503859472081854
-0.9533913776857044
-0.9563747401894714
-0.9593385402587464
-0.9622827945241254
-0.9652040983811124
-0.9681057298505447
-0.9709878848657542
-0.9738488284062399
-0.9766885680002758
-0.979508906293316
-0.9823098638932469
-0.985088163100548
-0.9878469852849363
-0.9905865091037672
-0.9933056768608499
-0.9960033007595132
-0.9986817138567096
-1.001340940376942
-1.0039790810795548
-1.0065967226175834
-1.0091952716021273
-1.0117747541425806
-1.014332825505748
-1.016871056061578
-1.0193903202650398
-1.0218906460021346
-1.0243696408472305
-1.0268290644000901
-1.0292696552634455
-1.0316914429937893
-1.0340923859469093
-1.0364736368691436
-1.0388361957458436
-1.041180093700187
-1.0435040379853886
-1.045807778887727
-1.048092974900325
-1.0503596586116777
-1.052607682942664
-1.0548346025749973
-1.0570431305278198
-1.0592333007561199
-1.0614051475173936
-1.0635573175392081
-1.0656898958891858
-1.067804276604574
-1.069900495192541
-1.071978587437728
-1.074036590834188
-1.0760759272605807
-1.0780972678898901
-1.0801006496436119
-1.0820861096965289
-1.084051669939225
-1.0859989017698712
-1.0879283466796732
-1.0898400428715602
-1.091734028778442
-1.0936088990594253
-1.0954651975021568
-1.0973039242139404
-1.09912511855132
-1.1009288200784013
-1.1027147775276716
-1.1044813437473142
-1.106230559043746
-1.107962463804446
-1.1096770986029403
-1.1113745041950442
-1.113054000155627
-1.114714936355108
-1.1163587886916073
-1.117985598631484
-1.119595407802939
-1.1211882579924448
-1.1227638482546312
-1.1243209066674185
-1.1258611543404742
-1.1273846336639106
-1.1288913871667312
-1.1303814575134465
-1.1318548875007204
-1.1333106813883203
-1.134749114238852
-1.1361710577151996
-1.137576555101707
-1.1389656497967116
-1.1403383853093711
-1.1416948052565208
-1.1430342761043186
-1.1443565029357297
-1.1456625672760767
-1.1469525131216336
-1.1482263845593959
-1.1494842257641231
-1.150726080995402
-1.1519519945947398
-1.153161178982062
-1.154353819742677
-1.1555306736242716
-1.1566917852342662
-1.157837199246382
-1.1589669603979111
-1.1600811134870155
-1.1611797033700473
-1.1622627749588985
-1.1633293360722246
-1.1643801698519018
-1.1654156411591188
-1.1664357950559134
-1.167440676645689
-1.168430331070735
-1.1694048035097717
-1.1703641391755235
-1.171308383312314
-1.172237581193687
-1.1731509779215457
-1.1740490837160134
-1.1749322993541622
-1.1758006701448012
-1.1766542414133128
-1.177493058499439
-1.1783171667550891
-1.1791266115421746
-1.1799214382304664
-1.1807016921954756
-1.1814674188163572
-1.1822186634738412
-1.182954929347136
-1.1836764414181122
-1.1843836268788779
-1.1850765310255262
-1.1857551991447868
-1.1864196765121076
-1.18707000838976
-1.1877062400249645
-1.1883284166480388
-1.1889365834705705
-1.1895307856836084
-1.190111068455878
-1.190677476932017
-1.191230056230834
-1.1917688514435882
-1.1922939076322894
-1.192804925875971
-1.1933020238231293
-1.1937855355978717
-1.19425550604513
-1.1947119799717172
-1.1951550021447659
-1.1955846172901883
-1.1960008700911564
-1.1964038051865995
-1.196793467169725
-1.1971699005865557
-1.1975331499344908
-1.1978832596608813
-1.1982202741616288
-1.1985442377798006
-1.198855194804266
-1.1991531894683511
-1.1994382659485097
-1.1997104683630166
-1.199969840770677
-1.2002164271695552
-1.2004502714957208
-1.2006714176220128
-1.2008799093568232
-1.2010757904428968
-1.2012591045561483
-1.2014298953044986
-1.201588206226728
-1.2017340807913441
-1.201867562395471
-1.2019886943637526
-1.2020975199472725
-1.202194082322493
-1.202278424590208
-1.2023505897745144
-1.2024106208217973
-1.2024585605997344
-1.2024944518963139
-1.20251833741887
-1.2025302597931318
-1.2025302615622917
-1.2025183851860848
-1.2024946730398864
-1.2024591674138247
-1.202411910511907
-1.2023529444511625
-1.2022823112607983
-1.2022000528813717
-1.202106211163976
-1.2020008278694403
-1.2018839446675464
-1.2017556031362546
-1.2016158447609497
-1.2014647109336958
-1.2013022429525078
-1.2011284820206354
-1.2009434692458614
-1.2007472456398118
-1.2005398521172823
-1.2003213294955732
-1.2000917184938424
-1.1998510597324674
-1.199599393732423
-1.1993367609146681
-1.19906320159955
-1.198778756006216
-1.1984834642520403
-1.1981773663520632
-1.19786050221844
-1.1975329116599047
-1.1971946343812432
-1.1968457099827792
-1.196486177959872
-1.1961160777024258
-1.1957354484944087
-1.1953443295133852
-1.1949427598300573
-1.1945307784078205
-1.1941084241023256
-1.193675735661056
-1.1932327517229122
-1.1927795108178085
-1.19231581382512
-1.1918416429650982
-1.1913573203532029
-1.1908628841846869
-1.1903583725438958
-1.1898438234039195
-1.1893192746262526
-1.1887847639604687
-1.1882403290439003
-1.18768600740133
-1.1871218364446912
-1.1865478534727776
-1.1859640956709623
-1.185370600110926
-1.184767403750395
-1.1841545434328857
-1.1835320558874596
-1.1828999777284892
-1.18225805597282
-1.1816061955143273
-1.1809448456654488
-1.1802740426833869
-1.1795938227094582
-1.1789042217689016
-1.1782052757706978
-1.1774970205073938
-1.1767794916549392
-1.1760527247725265
-1.1753167553024413
-1.174571618569919
-1.1738173497830107
-1.173053984032455
-1.1722813027382943
-1.1714990142130086
-1.1707077267144967
-1.1699074749650427
-1.169098293568894
-1.168280217012176
-1.1674532796628094
-1.1666175157704375
-1.1657729594663575
-1.1649196447634613
-1.1640576055561798
-1.1631868756204358
-1.1623072718690732
-1.1614183329365815
-1.1605207984440062
-1.1596147017927683
-1.1587000762654067
-1.157776955025568
-1.1568453711179982
-1.1559053574685418
-1.1549569468841479
-1.154000172052879
-1.153035065543929
-1.152061198984197
-1.1510785201716434
-1.1500876022373054
-1.1490884773728665
-1.1480811776510476
-1.1470657350256568
-1.146042181331639
-1.145010548285135
-1.1439708674835418
-1.1429231704055793
-1.1418668442296143
-1.1408021383500593
-1.139729506373035
-1.138648979398841
-1.1375605884092355
-1.1364643642675283
-1.1353603377186785
-1.1342485393893993
-1.1331289997882643
-1.1320012533990713
-1.1308651989991512
-1.1297214913800342
-1.1285701606723362
-1.1274112368888485
-1.1262447499246673
-1.1250707295573301
-1.1238892054469538
-1.1227002071363814
-1.1215027949449583
-1.120297766371108
-1.1190853495228419
-1.117865573566644
-1.1166384675521943
-1.1154040604125364
-1.1141623809642442
-1.1129134579075939
-1.1116565174177604
-1.1103919836486669
-1.109120290334094
-1.1078414658001483
-1.1065555382572403
-1.105262535800274
-1.1039624864088424
-1.1026554179474224
-1.1013402739345783
-1.1000180069807906
-1.098688803165114
-1.0973526899807642
-1.0960096948065556
-1.0946598449071197
-1.0933031674331173
-1.091939182199712
-1.0905676575492202
-1.0891893859438577
-1.0878043941659938
-1.0864127088848343
-1.0850143566566524
-1.0836093639250257
-1.0821974981939244
-1.0807780041900352
-1.0793519487245273
-1.0779193578761008
-1.0764802576116463
-1.0750346737864924
-1.0735826321446555
-1.0721238406256222
-1.07065763822623
-1.0691850554866698
-1.0677061177899043
-1.0662208504085449
-1.0647292785051141
-1.0632314271323113
-1.0617266584175078
-1.0602149814421526
-1.0586971009230397
-1.0571730415560068
-1.0556428279280936
-1.0541064845178165
-1.0525640356954464
-1.0510142321713203
-1.049458287578601
-1.0478963119646112
-1.046328329347288
-1.044754363637407
-1.043174438638872
-1.0415878214578769
-1.0399946758237133
-1.0383956440163382
-1.0367907494913053
-1.0351800155984265
-1.0335634655820665
-1.03194068115576
-1.0303111819513473
-1.0286759384764879
-1.0270349736313822
-1.0253883102119552
-1.023735970910159
-1.0220776619632848
-1.0204126412645758
-1.0187420152878923
-1.0170658063853901
-1.0153840368064622
-1.0136967286980485
-1.0120035342516782
-1.0103038089144016
-1.0085986144178887
-1.0068879725738158
-1.0051719050926478
-1.0034504335839556
-1.0017229889437729
-0.9999893607869793
-0.9982503967539329
-0.9965061181236236
-0.9947565460754165
-0.9930017016893754
-0.9912406384388686
-0.9894738944362762
-0.9877019450439228
-0.9859248110161116
-0.9841425130091396
-0.982355007107696
-0.9805610175799577
-0.9787619300584045
-0.9769577648775216
-0.9751485422751053
-0.9733342823925925
-0.971514285347237
-0.969688584659746
-0.9678579115041092
-0.9660222857049837
-0.9641817269920033
-0.9623361844478223
-0.9604843879749918
-0.9586277224620734
-0.956766207326031
-0.9548998618901582
-0.9530287053844155
-0.9511517871220101
-0.9492696373978418
-0.9473827393355425
-0.9454911118576057
-0.9435947737945576
-0.9416931975751525
-0.9397860644056119
-0.9378742824702423
-0.9359578702963415
-0.9340368463206201
-0.9321110035394521
-0.9301793804032826
-0.9282432063839071
-0.9263024996190966
-0.9243572781574251
-0.9224075583327225
-0.9204519315161382
-0.9184918500326122
-0.9165273316361109
-0.9145583939927991
-0.9125850546813833
-0.9106060334676955
-0.9086225220669973
-0.9066346679487876
-0.9046424884026
-0.9026460006319144
-0.9006439719771357
-0.8986375012309955
-0.8966267803496912
-0.8946118262519432
-0.8925926557718262
-0.8905680031627763
-0.8885390367664745
-0.8865059112283372
-0.8844686431021196
-0.8824272488583458
-0.8803803539510697
-0.8783293488233015
-0.8762742739822864
-0.8742151456226941
-0.8721518183597864
-0.8700832224906416
-0.8680106288743232
-0.8659340534330535
-0.8638535120083191
-0.8617686059810586
-0.8596787785708887
-0.8575850401348161
-0.85548740624638
-0.8533858923998049
-0.8512797843018918
-0.8491691640447114
-0.847054717985964
-0.8449364613564418
-0.8428144093090398
-0.8406874740585736
-0.8385564932549484
-0.836421770401953
-0.8342833203935761
-0.8321410097599715
-0.8299937688035329
-0.8278428534641257
-0.8256882783802865
-0.8235300581151546
-0.8213675722138666
-0.8192007353375192
-0.8170303052871432
-0.8148562963749624
-0.8126787228392222
-0.8104964317939889
-0.8083104141444437
-0.806120883126539
-0.8039278527321472
-0.8017309496938696
-0.7995296091061452
-0.797324819828538
-0.7951165956100097
-0.7929049501280331
-0.7906888855617925
-0.7884690992105396
-0.7862459415535261
-0.7840194260298574
-0.7817892302489776
-0.7795547053856334
-0.7773168720624029
-0.7750757434834885
-0.7728313327840792
-0.770582613963485
-0.7683303601685016
-0.7660748729541176
-0.7638161652251534
-0.761553792163835
-0.759287370549427
-0.7570177765883592
-0.7547450229585427
-0.7524691222713374
-0.750188859642495
-0.7479054083282913
-0.7456188574422377
-0.7433292193733045
-0.7410357757590443
-0.7387387140258285
-0.7364386120798808
-0.7341354820912326
-0.7318290591990512
-0.7295186315573846
-0.72720522233548
-0.7248888434878731
-0.7225695069060487
-0.7202460909387951
-0.7179196158483642
-0.7155902288371948
-0.7132579415857672
-0.7109220144404574
-0.7085827125483557
-0.7062405557395842
-0.7038955554870479
-0.7015473167026681
-0.6991954247711202
-0.6968407342372104
-0.6944832563696895
-0.6921229048511094
-0.6897586573736696
-0.6873916669295356
-0.6850219445867176
-0.6826495013546717
-0.6802733078499837
-0.6778942490889366
-0.6755125132000065
-0.6731281109963492
-0.6707402664467312
-0.668349368776415
-0.6659558480959775
-0.6635597150256654
-0.6611604162790502
-0.6587579069573671
-0.6563528281013521
-0.6539451901417254
-0.6515346334463827
-0.6491207376173912
-0.6467043250989359
-0.6442854061355812
-0.6418637871483199
-0.6394387278781103
-0.6370112041434096
-0.6345812260059898
-0.6321487398004547
-0.6297127381129849
-0.6272743235771087
-0.6248335060751566
-0.6223902954373475
-0.6199436220631006
-0.617494535145766
-0.6150430961044354
-0.6125893145942292
-0.6101322269529084
-0.607672684114212
-0.6052108394099784
-0.6027467023235562
-0.6002793936059018
-0.5978096093819928
-0.5953375729783068
-0.5928632937097321
-0.5903859565602096
-0.5879061435989139
-0.5854241275817939
-0.5829399176585801
-0.5804527441840994
-0.577963113280481
-0.5754713278940491
-0.5729773970126619
-0.5704805787913607
-0.5679813389232216
-0.5654799926051716
-0.5629765486664718
-0.5604702767565715
-0.5579616351198834
-0.555450934536884
-0.5529381836814993
-0.5504226486302238
-0.5479048106744929
-0.5453849607575205
-0.5428631074011486
-0.5403384992537033
-0.5378116687172593
-0.5352828726968565
-0.5327521195654897
-0.5302186278741078
-0.5276830068193215
-0.5251454662607811
-0.5226060144258602
-0.5200638282588995
-0.5175196171073183
-0.51497353194579
-0.5124255808592777
-0.5098748888103772
-0.5073222863777872
-0.5047678549533033
-0.5022115968604253
-0.4996525926799658
-0.49709179621136834
-0.49452921530379057
-0.4919647646218088
-0.4893977178823137
-0.486828923086824
-0.48425838795070353
-0.48168593205250065
-0.4791110374091894
-0.47653443849484506
-0.4739561428942025
-0.4713758687119558
-0.46879331934317436
-0.46620910905166496
-0.46362324529468457
-0.46103533932925184
-0.45844532697114854
-0.4558536966124564
-0.4532604555860944
-0.4506651039164492
-0.4480678188975628
-0.44546895838451883
-0.4428685295890251
-0.4402659178817287
-0.4376615491574912
-0.43505564704024363
-0.432448218623596
-0.42983853214231454
-0.42722726732946736
-0.42461451082986384
-0.4220002105622163
-0.4193836932371803
-0.41676571864809975
-0.41414629369398154
-0.4115252265557754
-0.4089021434395181
-0.4062776441164598
-0.4036517353758716
-0.40102408560320174
-0.39839462086899907
-0.39576378061824957
-0.39313157153356054
-0.39049752299484153
-0.38786185960379793
-0.3852248610297463
-0.38258653385168484
-0.379946270057334
-0.377304589792398
-0.37466161433151574
-0.37201730881125317
-0.3693710542652779
-0.3667235377651705
-0.36407476571990943
-0.3614245500255696
-0.3587725993526696
-0.35611942614572945
-0.3534650367183359
-0.35080909345326766
-0.3481516254241217
-0.3454929739620659
-0.3428331452883101
-0.34017165673364064
-0.33750884906585865
-0.33484489675746226
-0.3321798059402888
-0.3295129540647449
-0.32684498345649393
