0.0
0.002096362050726711
0.004186433529657572
0.006270264980525547
0.008347906449915099
0.010419407492547775
0.012484817176507514
0.014544184088406315
0.016597556338491127
0.01864498156569247
0.020686506942615642
0.022722179180475147
0.024752044533972922
0.026776148806121232
0.028794537353010713
0.030807255088524294
0.03281434648899764
0.03481585559782678
0.03681182603002348
0.038802300976719044
0.04078732320961715
0.042766935085396335
0.044741178550062675
0.046710095143253354
0.048673726002491584
0.05063211186739363
0.052585293083828304
0.05453320543880104
0.056475655191948346
0.05841300671812584
0.06034529903191835
0.06227257077168982
0.0641948602035021
0.06611220522498962
0.0680246433691908
0.06993221180833636
0.0718349473575952
0.07373288647877835
0.07562606528400155
0.07751419400271436
0.0793973679472696
0.08127587781256586
0.0831497585228899
0.08501904466830405
0.0868837705080979
0.08874396997420174
0.09059967667456201
0.09245092389647912
0.0942975025559957
0.09613923891469899
0.09797660521911596
0.09980963366346086
0.1016383561354285
0.10346280421934094
0.10528300919925954
0.10709900206206249
0.1089104847648801
0.1107173753095331
0.11252013759772131
0.11431880159987694
0.1161133970022966
0.11790395321004331
0.11969049934981685
0.12147279534011375
0.12325057384310402
0.12502442163182712
0.12679436687807738
0.1285604374874734
0.13032266110216514
0.1320810651035118
0.13383496871574038
0.1355849233207914
0.13733113342223802
0.13907362550409694
0.14081242580098174
0.14254756030062918
0.14427838926769285
0.14600533110361433
0.147728678861794
0.1494484576782265
0.15116469245278866
0.15287740785162332
0.1545856772609415
0.15629044623163493
0.15799176432096637
0.1596896553864751
0.16138414306213344
0.16307472516105936
0.16476146006267725
0.16644485755402744
0.1681249404938356
0.16980173152697325
0.17147493820773835
0.17314416375968295
0.17481016096836965
0.1764729517353299
0.17813255775752085
0.17978869339007256
0.18144091509677818
0.18309001330040028
0.18473600898507989
0.18637892293925154
0.18801828458669312
0.18965398948852502
0.1912866716702721
0.19291635123675854
0.1945430481055772
0.1961659257323364
0.19778558312486355
0.19940231468555022
0.20101613967632775
0.20262684042007553
0.20423375385299142
0.20583781597607645
0.20743904541632757
0.20903746062763498
0.2106321683085154
0.21222383197555728
0.21381273467363848
0.21539889424758432
0.21698178562894252
0.21856131445478313
0.22013815191766078
0.2217123152725351
0.22328354034671619
0.2248511907925214
0.22641621743673226
0.22797863696301726
0.2295383430786291
0.2310943646582817
0.2326478280143175
0.23419874927708548
0.23574708119409585
0.23729171667416651
0.23883385758450507
0.2403735195195315
0.24191061946299203
0.24344410505650574
0.24497515786750523
0.24650379297131034
0.24802980068374456
0.24955236623795277
0.25107255898581515
0.25259039349983875
0.2541054462923311
0.2556173154706918
0.2571268700616965
0.25863412415080406
0.26013835695282467
0.2616397474113858
0.26313887979658657
0.2646357677220973
0.2661293131300969
0.2676204366884715
0.269109357033042
0.2705958500457722
0.2720790756452714
0.2735601384523856
0.27503905129979395
0.27651507285630883
0.27798838621449823
0.2794595889092877
0.2809286933404726
0.2823943700444159
0.28385796797159996
0.28531950583882326
0.2867783552388974
0.288234451916722
0.2896885259751201
0.29114058909645246
0.29258929986070636
0.2940360110486255
0.2954807477002887
0.2969227666828316
0.2983622141557002
0.29979972276612715
0.30123510310124285
0.30266738426476114
0.3040977615269898
0.30552624561340347
0.3069517662897606
0.30837510719365985
0.3097965889133958
0.3112156011622204
0.31263199902606853
0.3140465710183365
0.31545912590185193
0.3168686724032834
0.3182764256799914
0.3196823955698505
0.32108535889212597
0.3224863828679344
0.32388565519954843
0.32528228631444894
0.3266766688362263
0.3280693308220018
0.3294596788131028
0.330847506188795
0.3322336435146418
0.3336177569166184
0.3349991139435454
0.3363788107969201
0.33775673760263364
0.33913170759522543
0.34050504669261983
0.34187676344722545
0.34324549917707564
0.3446125617909628
0.3459780305304936
0.34734069732128803
0.3487015633065364
0.3500608633158589
0.3514175073182986
0.35277225513806737
0.3541254643214537
0.3554761311749401
0.3568248379260657
0.3581720328323563
0.3595167676714771
0.3608595091093625
0.3622007649566365
0.3635396124175491
0.3648764629805665
0.36621185368032994
0.3675448579070431
0.36887589074046
0.3702054889213631
0.37153269357191904
0.37285798055135905
0.3741818575824513
0.3755033058350101
0.37682291758945713
0.3781411436029917
0.3794568781618191
0.38077088409617554
0.38208352800997136
0.3833935911113324
0.38470205942854063
0.3860091889679122
0.3873136223858716
0.38861662010860804
0.38991825420726683
0.391217146880003
0.392514739871954
0.39381080609414654
0.39510433672852546
0.3963965897152538
0.39768712870432493
0.39897536135355444
0.40026233794296473
0.40154738989965094
0.4028303875107217
0.404112150213134
0.4053917549009648
0.4066695793345095
0.4079461895823489
0.40922038633296287
0.41049309838273595
0.4117646057805735
0.41303344426822464
0.41430110368021056
0.41556726133991967
0.41683108627041787
0.4180937517615755
0.41935459795778524
0.4206134674366999
0.42187119671335094
0.42312676930676096
0.42438074043933044
0.42563359021519936
0.42688392665753283
0.42813305556651327
0.4293807878512346
0.43062621891930475
0.431870560762482
0.43311311231752475
0.43435379267947466
0.43559340166684496
0.4368308089426555
0.4380667922425774
0.43930164092493257
0.44053402070798864
0.44176535966851105
0.4429951180132957
0.4442228883714053
0.4454496348100602
0.4466743382957479
0.44789755050444724
0.4491197397458281
0.45033943907395746
0.4515581435287784
0.4527753304160919
0.45399055551991335
0.45520480175197775
0.45641702081990404
0.45762782071135527
0.458837568704341
0.4600449428160286
0.4612513656665581
0.4624561969500066
0.46365922622305283
0.46486131937848313
0.4660612675703814
0.46725999885319375
0.46845751799361257
0.46965290720732056
0.47084738654548913
0.47204007234889406
0.4732312405479227
0.4744215131983888
0.4756093983921384
0.4767963903567925
0.4779818874092007
0.47916561776403
0.48034847750771986
0.4815292223880384
0.48270885023203763
0.4838872309957894
0.4850636455848153
0.4862392137212096
0.4874128899780488
0.4885852738450345
0.4897566096271507
0.49092582744843916
0.4920942222188349
0.4932609003997971
0.4944261574036042
0.4955905183751658
0.4967526554250778
0.4979139920905835
0.49907374162000173
0.5002319859218818
0.5013894411369629
0.5025446104866119
0.5036990014039944
0.504851890601574
0.5060032334852927
0.5071538097078925
0.5083021627690663
0.5094497174645145
0.5105958135635449
0.511740363508418
0.512884167637951
0.5140257718280077
0.5151665970688749
0.5163059662340223
0.5174438289859514
0.5185809661062353
0.5197158868871079
0.5208500867516915
0.5219827940963823
0.5231140727369489
0.5242445737652287
0.5253729470800645
0.5265006230254823
0.5276267326288854
0.5287515276425607
0.52987545206232
0.5309973816860716
0.5321186326142882
0.5332382075379075
0.5343566168774329
0.5354740274145745
0.5365896103590225
0.5377045326810826
0.5388176349849668
0.5399297541349579
0.5410407125192489
0.5421500433506236
0.5432587310491426
0.5443654218077203
0.5454713438465473
0.5465759108273327
0.54767908172759
0.5487815315731568
0.5498819657351036
0.5509817813950971
0.5520800167566505
0.5531771175830905
0.5542732555256581
0.5553676555967756
0.5564614533228055
0.5575534158993253
0.5586445342426016
0.5597344188029494
0.560822871527027
0.5619106844699928
0.562996485223763
0.5640817064643283
0.5651653952326181
0.5662479851633094
0.5673296213065981
0.568409593271306
0.5694890006343384
0.5705665502843148
0.5716433598395316
0.5727188755545132
0.5737931003477084
0.5748665882912924
0.5759382412594221
0.5770093507742661
0.5780788015343147
0.5791473587095687
0.5802147999921226
0.5812808174757339
0.5823462553136749
0.5834097456479463
0.5844727127458668
0.5855341616642926
0.5865946204472808
0.5876540838267343
0.5887120465568509
0.5897694991547292
0.5908250091388134
0.5918799840594344
0.5929335261239903
0.5939860353554278
0.5950376153107283
0.5960876707406944
0.5971372347394176
0.5981849077824459
0.5992320357399393
0.6002777639180372
0.6013224674562618
0.6023662564558718
0.6034085470993231
0.6044503641729898
0.6054902917527545
0.6065297130960915
0.6075677183737641
0.6086047552534612
0.6096408437940132
0.6106755073820893
0.611709684720484
0.6127419860950059
0.613773836462489
0.6148042078821346
0.6158337124673968
0.6168621891111387
0.6178893587440842
0.6189159460282592
0.6199407914475118
0.6209652019157916
0.6219880266127362
0.6230101287446603
0.6240310801557271
0.6250508844490814
0.626069967874176
0.6270874847380449
0.6281045819658206
0.6291199452037284
0.630134770342745
0.6311482813222862
0.6321608445478566
0.6331725084546319
0.6341828198558539
0.6351926418472116
0.6362007114276087
0.6372083807907325
0.6382145343109279
0.6392199765327276
0.6402243034413078
0.6412275283001122
0.6422300336426824
0.6432310508336236
0.6442316815267999
0.6452305587637897
0.6462289959691208
0.6472260666116574
0.6482223198055939
0.6492175887895152
0.6502116673676048
0.6512051396016079
0.6521970528790861
0.6531885971049337
0.6541784904572208
0.6551678829463427
0.6561559941131392
0.6571432439699936
0.6581295777526095
0.6591146940035346
0.6600992551767219
0.6610822467705001
0.6620648857180609
0.6630459158909834
0.6640264431527678
0.6650057148823032
0.6659841392038675
0.6669616571596637
0.6679379872111024
0.6689137560368091
0.6698880004132949
0.6708619075559644
0.6718341919489887
0.6728060258181116
0.673776574857087
0.6747463438518214
0.6757151620774828
0.6766828745240658
0.6776499664516854
0.678615630603947
0.6795809719872905
0.6805446247633129
0.6815079297053053
0.682469869577365
0.6834311461427088
0.6843913775252625
0.6853506337081645
0.6863091609907188
0.6872664047153816
0.6882232322625942
0.6891784713837036
0.6901334047670891
0.6910868458386892
0.6920397858305658
0.6929915401126887
0.6939424943865251
0.6948925661454147
0.6958415423069695
0.6967899357845074
0.697736941372293
0.6986836537283319
0.6996287032718385
0.7005734557618721
0.7015168396044464
0.7024596395919831
0.7034013618790006
0.7043422166620267
0.7052822815149673
0.7062211983263909
0.7071596098429298
0.7080965958510201
0.7090333033719487
0.7099684204139404
0.7109032072490955
0.7118366831057791
0.7127695562555559
0.71370139493028
0.7146323613320628
0.7155625668048129
0.7164916333333936
0.7174202095608788
0.7183473830288722
0.7192742915884638
0.720199621102864
0.7211246461548175
0.722048358155267
0.7229715063510535
0.7238936047019987
0.7248148826324479
0.725735371175476
0.7266547853711717
0.7275736679250934
0.7284912248567644
0.729408505217693
0.7303242112966015
0.7312396675434627
0.7321537548163576
0.7330673691276077
0.7339798654604645
0.73489164409363
0.7358025531925659
0.7367125023471393
0.7376218278959663
0.7385299537137748
0.739437699374076
0.7403440079396467
0.7412500779123151
0.7421546746917715
0.7430589358154519
0.7439619635585051
0.744864421769908
0.7457658840499694
0.7466665452298548
0.7475664455984761
0.7484653155720004
0.7493636575589451
0.7502607420960048
0.7511575292093189
0.75205283402489
0.7529479127017752
0.7538416005054468
0.7547349072840632
0.7556270506086363
0.7565185910626425
0.7574091933299889
0.7582989729793788
0.7591880375899968
0.7600760619014221
0.7609635922345032
0.7618498666215936
0.7627358660350888
0.7636203958587662
0.7645047106947036
0.7653876582582433
0.7662702358011186
0.7671516623921312
0.7680325078675889
0.768912416759709
0.7697915353418522
0.7706699297877936
0.7715473265994838
0.7724242098311008
0.7732998899442534
0.774175265172603
0.7750492336084803
0.7759229969812869
0.7767953657533818
0.7776674241916078
0.7785382944694201
0.7794086528646502
0.7802780277766435
0.7811466909708892
0.7820145736250254
0.7828815464110007
0.7837479398947969
0.7846132270161933
0.7854781343967784
0.7863417405485343
0.7872051504069978
0.7880670947012738
0.7889288298284848
0.789789297099163
0.7906493620655616
0.7915083552987708
0.7923667546270409
0.7932242767887943
0.7940810149541196
0.7949370689903678
0.7957921504206834
0.7966467392573666
0.7975001683336082
0.7983532948767068
0.7992050759330568
0.8000566697984859
0.8009068803927736
0.80175683192098
0.8026055888203735
0.8034539022264856
0.804301208257629
0.8051478877109266
0.8059937456807525
0.8068387953048993
0.807683208000675
0.8085266318739462
0.8093696020633221
0.8102114042188306
0.8110529346498853
0.8118931190758036
0.8127331240362794
0.8135717831168703
0.8144101755005192
0.8152474029500509
0.8160841866309229
0.8169199851196396
0.8177551639276616
0.8185895361064582
0.8194231138276428
0.8202560623281077
0.8210880427047587
0.8219195701392157
0.8227499568701304
0.8235800658316802
0.82440886257235
0.8252374862793695
0.8260647659977172
0.8268918043606667
0.8277176732704742
0.8285431298351592
0.8293675904530359
0.8301914687226885
0.8310145235462181
0.8318368269816819
0.8326584784894604
0.8334792105093751
0.8342994611610477
0.8351186251420284
0.8359374773783264
0.8367550766551421
0.8375725081114026
0.8383885707636672
0.8392044416762579
0.8400191131222127
0.8408334267201764
0.8416467093252492
0.8424594687964332
0.8432713649073116
0.8440825733985307
0.8448930853431945
0.8457027459603935
0.8465118760481475
0.8473199918565605
0.848127742378066
0.8489343164023717
0.8497406896296777
0.8505457248541543
0.8513505970286455
0.8521542224094034
0.8529575594156253
0.8537598142069609
0.8545616189273759
0.8553625053271893
0.856162780604418
0.8569623007921443
0.8577610494291058
0.8585592055657428
0.8593564303257935
0.8601532245539282
0.8609489281609956
0.8617443626048314
0.8625385477435488
0.8633325726503243
0.8641252938247657
0.8649178034458833
0.8657091710985888
0.8665001680198486
0.8672901842017391
0.8680796709701268
0.8688683377138632
0.8696563168376694
0.870443636157675
0.871230110106613
0.8720160839990971
0.8728010552044176
0.8735856856473964
0.874369156501999
0.8751524454553167
0.8759344183138605
0.8767162331172741
0.8774968448982203
0.8782771643951417
0.8790564404571352
0.8798352669062225
0.8806132091366228
0.8813905447586858
0.8821671550267783
0.8829430020048759
0.8837182821618901
0.884492642641424
0.8852665945205509
0.8860394706093581
0.8868120960257659
0.8875834897942074
0.8883547261616389
0.8891247040261062
0.8898944603406127
0.8906631170798922
0.8914313953178761
0.892198732675203
0.8929655347759078
0.8937315544765699
0.8944968823421556
0.8952615860935069
0.8960254415891256
0.8967888310805979
0.8975512160344636
0.8983132929375796
0.8990742091410382
0.8998349676476277
0.9005944243170177
0.9013537159276881
0.902111864915945
0.9028696913296905
0.9036265342368079
0.9043828971159952
0.9051384355241092
0.9058933364945322
0.9066475719679299
0.9074010126188653
0.9081539467039923
0.9089059285882494
0.9096575628137181
0.910408087447688
0.9111584233242837
0.9119074921879854
0.9126564021058665
0.9134041457457966
0.9141516012871607
0.9148980510036736
0.9156440535574776
0.9163892107901089
0.9171337617090912
0.9178776278795759
0.9186207284802899
0.9193633049925646
0.9201049565554095
0.9208462447956168
0.921586448564866
0.9223264499013557
0.9230652070851826
0.9238038030760725
0.9245412346390134
0.9252783850376354
0.9260145336951666
0.9267502396193095
0.9274851066686214
0.9282193692000503
0.9289529559205436
0.9296857761050129
0.9304180837582966
0.9311494626055605
0.931880492435451
0.9326104309192705
0.9333401841517885
0.9340686832099374
0.934797017942934
0.9355242215875709
0.9362511174898732
0.9369770481083932
0.9377025060276254
0.938427164774831
0.9391511855226283
0.9398745735355054
0.9405971578875053
0.9413192762852174
0.94204042498105
0.9427612748649314
0.9434809886082054
0.9442005344311706
0.9449188505200414
0.9456369616417335
0.9463540124137281
0.9470706894474469
0.9477864759325056
0.9485017194554589
0.9492162426656513
0.9499300532189283
0.9506433141484432
0.9513556922369857
0.9520676918621197
0.9527786379546901
0.9534893772338368
0.954198891762983
0.9549082336079601
0.9556164549986392
0.9563243651318836
0.9570313289442139
0.9577378077073502
0.9584435148279866
0.9591485625262725
0.9598530138239003
0.960556630726179
0.9612598270514994
0.9619620133901489
0.9626639555758634
0.9633647115467416
0.9640652898374003
0.9647647261699247
0.96546387359614
0.9661620581789966
0.9668597748447861
0.9675567084385073
0.9682529944111439
0.9689486777581744
0.9696435330681187
0.9703379668927965
0.9710313915336266
0.9717245765421626
0.9724165704705005
0.97310838106412
0.9737990704863922
0.974489449517883
0.9751788921336738
0.9758678394665324
0.9765560359093313
0.977243551369798
0.9779305022548578
0.9786165856318287
0.9793022915561417
0.9799869426010785
0.980671404143352
0.9813546225701876
0.9820376513348116
0.9827196257758605
0.9834012207135754
0.9840819523987405
0.9847621131286908
0.9854416025632813
0.9861203286667048
0.9867985763376115
0.9874758673577321
0.9881528737334005
0.9888287291753151
0.9895043889196821
0.990178914036281
0.9908531366848653
0.9915264218005928
0.9921992067619785
0.9928712522711992
0.9935425989153978
0.9942134051938781
0.9948833128522022
0.9955528802570781
0.9962213482220114
0.9968896139624318
0.9975567046168191
0.9982235288307489
0.9988893815708229
0.9995547634522133
1.0002193785602498
1.000883317263706
1.0015466950031784
1.0022091896438141
1.0028713302593564
1.0035323799126443
1.0041932203055954
1.0048528873316342
1.0055122805807601
1.0061707111033573
1.0068286561832738
1.0074858503713255
1.0081423462164183
1.0087983042197886
1.009453349724047
1.0101080716735251
1.010761665690374
1.0114150428822
1.0120672930397614
1.012719216255323
1.0133702306365018
1.0140206986257245
1.014670477284594
1.0153194887561734
1.0159680317275182
1.0166155853487324
1.017262892648004
1.0179089870445255
1.0185548564995832
1.0191996924234972
1.01984409982244
1.02048770000417
1.0211306438662007
1.0217730082433976
1.0224144870453666
1.0230556155361108
1.0236956277123106
1.0243354077634665
1.0249740641570153
1.0256123744633951
1.0262497946068094
1.0268866334935225
1.0275228172260964
1.0281581829748805
1.0287931301160826
1.0294270209650773
1.0300606721207244
1.0306931454580144
1.0313253182987723
1.0319565543835991
1.0325872470354682
1.0332172456074524
1.0338464561519514
1.034475216930612
1.0351029434045333
1.0357304222145158
1.0363567064843922
1.036982697503339
1.037607743017261
1.0382322441666147
1.038856050563113
1.0394790597186334
1.0401016266158416
1.0407231416073395
1.0413444005428698
1.0419644872140028
1.0425842479496406
1.043203093852884
1.0438213540996175
1.0444389587708944
1.0450557161927294
1.0456720791472498
1.046287331360926
1.0469023186843647
1.0475161966678228
1.0481296744209467
1.0487423091083414
1.0493542747853188
1.049965665608344
1.0505761166549632
1.051186263024263
1.051795196837626
1.0524038564617066
1.0530115120709371
1.0536186497615894
1.0542250590220232
1.0548306720497447
1.055435834287117
1.0560399198725225
1.0566437236219064
1.0572463897046542
1.0578486610407007
1.0584500779488433
1.0590508139621662
1.0596509809353531
1.0602501786654188
1.06084908662107
1.0614467513563703
1.0620441157785871
1.0626405281672957
1.063236345961954
1.0638315051564
1.0644257731768938
1.0650196783073755
1.065612393354251
1.0662048080446245
1.0667962023495396
1.0673870584436462
1.0679771959424855
1.0685664901024485
1.0691553698365595
1.0697430986702274
1.0703305184802518
1.0709168797190638
1.0715027282803604
1.072087828743441
1.0726721025213817
1.0732559411597555
1.0738386365639334
1.0744210139389088
1.0750023256896395
1.0755831184587088
1.0761631651006245
1.0767423695266338
1.0773211499189985
1.0778987622074312
1.0784760471066097
1.0790522914848824
1.0796279776941675
1.0802029522612688
1.0807770358349007
1.081350739356833
1.0819232162900239
1.0824953561024424
1.083066513737711
1.0836370400261774
1.0842069227725368
1.0847758313762894
1.0853443956443167
1.0859117246024081
1.0864786640582407
1.0870447140689472
1.087610024392219
1.088174794054516
1.0887384708627383
1.0893017929341962
1.0898639975993918
1.0904256786766402
1.0909865986442724
1.0915466341800593
1.0921062679513565
1.0926646533343995
1.0932226731569847
1.0937797299403493
1.0943360917666884
1.0948918577087008
1.095446556757328
1.0960008822438267
1.096554061683123
1.097106716279063
1.097658600006555
1.0982095787561317
1.0987601650976988
1.0993094629775395
1.09985837570697
1.1004063621521485
1.100953585511158
1.101500269394482
1.102045798179462
1.1025909332587234
1.1031350066616266
1.1036784383788518
1.1042212038110604
1.1047629267778838
1.105304247242172
1.1058443911407574
1.1063839937712387
1.1069228240540072
1.107460703272877
1.1079981709414026
1.1085343681613287
1.1090701030310663
1.1096049807502943
1.110138977049149
1.110672533252156
1.1112047851331044
1.111736612302459
1.1122675193176308
1.1127975922450684
1.113327171533869
1.1138554841712016
1.1143833623969566
1.1149102798301744
1.1154363876170204
1.1159619708654294
1.116486301958747
1.1170101886547825
1.1175330968794697
1.118055196398943
1.1185767637282538
1.1190970696046612
1.119616920801202
1.1201357994304617
1.1206538461568953
1.121171376924125
1.1216876124964192
1.1222033827978015
1.1227182106724294
1.1232321586384957
1.1237456314242777
1.1242577501476243
1.1247693926885385
1.1252801478646743
1.1257899496170674
1.1262992685806856
1.1268072960402313
1.1273147624403874
1.1278214221768006
1.128327028730322
1.128832141051675
1.1293360574612448
1.1298392977784075
1.130341838523405
1.1308431993134016
1.1313440540735833
1.1318438353337126
1.1323427980150516
1.1328411953930013
1.1333382582260976
1.1338348028637513
1.1343304240418322
1.1348250558735309
1.135319162153275
1.1358119956740547
1.136304175933833
1.1367956112499682
1.137285857305032
1.1377755650294124
1.1382641950237609
1.1387519549029455
1.1392391687265397
1.1397249812995918
1.1402102333678057
1.140694632611119
1.1411779143043357
1.1416606365099828
1.1421421996904142
1.1426229371627705
1.1431030775433861
1.1435818213853512
1.1440599918753371
1.1445372769514102
1.1450134389907747
1.1454890192953895
1.1459634359004862
1.1464369926412612
1.1469099591059244
1.1473814937988935
1.1478524212875534
1.1483225098972722
1.1487913888574364
1.1492596626724567
1.1497268486859513
1.1501930580650321
1.1506586533061836
1.1511229225808557
1.151586437163745
1.1520492426761033
1.1525106665477758
1.1529714606232448
1.153431327644385
1.1538900142653497
1.1543480616146866
1.1548049752788179
1.1552608980986074
1.1557161719839877
1.1561701171297205
1.1566232490719135
1.1570757041795365
1.1575266833911255
1.1579769968412874
1.1584264601260281
1.1588746028727515
1.1593220696660917
1.159768525211146
1.1602138029713325
1.1606583943800726
1.1611018259597157
1.161544209641291
1.1619858963617349
1.1624262874373508
1.162865747364738
1.163304499504038
1.1637418332200755
1.1641783391207867
1.1646141261833998
1.1650483853632465
1.1654819063541613
1.1659146217232061
1.1663458643697673
1.166776368943085
1.1672059833998236
1.1676341891575674
1.1680616451664299
1.1684881407130463
1.1689132770263368
1.1693376516701113
1.1697610099726732
1.170183043623496
1.1706043034327112
1.1710245058166817
1.17144340290938
1.1718615137303054
1.1722785411759713
1.1726942671216238
1.1731091941004856
1.1735230272382957
1.173935546738724
1.1743472543055453
1.1747578734113633
1.1751671504427597
1.1755756022948198
1.1759829872850853
1.1763889850812543
1.1767941441661558
1.1771982745929523
1.1776009556281541
1.178002784126486
1.1784036391725166
1.1788029651439023
1.179201424451493
1.1795989829249602
1.1799949147345907
1.1803899654443384
1.1807841304622477
1.181176703510162
1.1815683053934327
1.1819590067187171
1.1823482285416413
1.1827363405292235
1.1831235367637452
1.1835093848173763
1.18389396497998
1.1842776138569993
1.1846600651982537
1.1850410707265455
1.1854211290905448
1.1858001603718782
1.1861775475560374
1.1865539713420619
1.1869294264986947
1.1873032830144634
1.187676027226967
1.1880477860790393
1.1884181623582324
1.1887871810494162
1.1891551972714036
1.1895220685045285
1.1898873147521576
1.1902515410343661
1.1906147416644124
1.1909763078652125
1.191336695890819
1.191696040223579
1.1920540374533464
1.1924105378748877
1.1927659761508462
1.1931203462471414
1.1934729404776037
1.1938244218719325
1.194174816053428
1.1945237745912913
1.194871247188926
1.1952176131023788
1.1955628659238613
1.195906319222759
1.1962486033879092
1.196589754371059
1.1969295023543198
1.197267650137463
1.197604644182637
1.197940477680241
1.198274613751088
1.1986073945661744
1.1989389936183668
1.1992693517390647
1.1995978618114538
1.1999251684101835
1.2002512642938823
1.2005758992259237
1.200898854101228
1.2012205758481178
1.201541056963999
1.2018598996588923
1.2021771861805626
1.2024932089285478
1.2028079601276898
1.2031209397764764
1.2034324411863948
1.2037426471478272
1.2040515496012671
1.2043585935935575
1.2046641893997367
1.2049684570126016
1.2052713880760502
1.2055724219578536
1.205871987797222
1.2061701915863796
1.206467024659901
1.206761972090214
1.207055379586292
1.2073473900195493
1.2076379944020093
1.2079267771081195
1.2082138937233846
1.2084995770621914
1.2087838178002612
1.2090663555317283
1.2093470444144583
1.209626262559011
1.2099040002905128
1.2101802107717834
1.2104543305971547
1.210726940925686
1.2109980317170506
1.2112675928321328
1.2115352354038755
1.2118010906058965
1.2120653857834984
1.212328110412024
1.212589225605022
1.2128481735082715
1.2131055194833964
1.2133612526039432
1.213615361833773
1.2138676344224573
1.2141178725096404
1.2143664539480041
1.214613367277621
1.2148586009222762
1.2151018666419424
1.2153431308804046
1.2155826812273527
1.2158205056596294
1.2160565920308308
1.2162906810907654
1.2165226957698876
1.216752936659978
1.2169813911433092
1.2172080464715653
1.2174327833708902
1.2176552605140023
1.2178759011759754
1.218094692111494
1.2183116199369086
1.2185266711284362
1.2187394620190077
1.218950198650124
1.2191590192586106
1.2193659097902687
1.2195708560424923
1.2197738436623395
1.2199743931205376
1.2201729227765947
1.22036945221879
1.220563966528123
1.2207564506264181
1.2209468892742599
1.2211348893971685
1.2213207192406346
1.2215044597208933
1.2216860949944413
1.2218656090470865
1.222042985691739
1.2222181155588034
1.2223907246865133
1.2225611500146314
1.2227293747113932
1.222895381762035
1.2230591539664282
1.223220673936681
1.223379916713932
1.2235364704806726
1.223690722485323
1.2238426546435874
1.2239922486724677
1.2241394860876968
1.2242843482011363
1.224426816118141
1.2245668707348902
1.2247041386616833
1.2248389474637498
1.2249712889635003
1.225101143286219
1.225228490335857
1.2253533097921714
1.2254755811078262
1.2255952835054555
1.2257123959746883
1.225826726751946
1.225938289979931
1.2260472043436
1.2261534479790128
1.2262569987757053
1.2263578343734978
1.2264559321592645
1.2265512692636589
1.2266438225577945
1.226733568649883
1.2268204838818275
1.226904544325771
1.226985642250281
1.2270636996918585
1.2271388358937998
1.2272110259473523
1.2272802446583624
1.2273464665435712
1.2274096658268638
1.227469816435467
1.227526891996096
1.22758086583105
1.227631710954256
1.2276794000672586
1.2277239055551563
1.2277651994824839
1.2278032535890389
1.2278380392856518
1.2278695276499005
1.2278976894217648
1.2279224949992251
1.2279439144337998
1.227961917426022
1.2279764733208571
1.227987551103059
1.227995119392458
1.2279991464391922
1.227999600118869
1.2279964479276642
1.2279896569773516
1.2279791939902673
1.227965025294206
1.227947116817245
1.227925434082501
1.227899942202812
1.2278706058753515
1.2278373893761632
1.227800256554627
1.227759170827845
1.2277140951749517
1.2276649921313487
1.2276118237828577
1.2275545517597948
1.2274931372309619
1.227427540897558
1.2273577229870054
1.2272836432466918
1.227205260937625
1.2271225348280006
1.2270354231866847
1.2269438444934857
1.2268475211529115
1.2267466672859135
1.226641238801603
1.2265311910710157
1.226416478919959
1.2262970566217615
1.2261728778899217
1.2260438958706559
1.22591006313534
1.2257713316728485
1.2256271919594357
1.225478011584791
1.2253237645261306
1.225164400008479
1.2249998666287367
1.2248301123472694
1.22465508447938
1.2244743956997681
1.224288013854457
1.2240961733424724
1.2238988184109316
1.2236958926110415
1.2234873387887322
1.2232727310937554
1.2230519647185287
1.2228253688302
1.222592882913265
1.222354445691039
1.222109736184219
1.2218583021893956
1.2216007002408544
1.2213368654279926
1.2210667320183983
1.2207895163606495
1.2205055396250253
1.2202150312237692
1.2199179214947307
1.2196134917945771
1.2193018014723542
1.2189832622652235
1.2186578003184891
1.2183243409683924
1.2179835126108092
1.2176354984712192
1.2172798026412144
1.2169157818012066
1.2165442992971174
1.2161651856926163
1.2157770229368747
1.2153811090984816
1.214977326642209
1.2145640238527744
1.214142666289178
1.2137128898406797
1.2132733974817445
1.212825531605856
1.2123683574192434
1.211901571645331
1.2114260777377632
1.2109400186418662
1.2104447782381988
1.2099395544149463
1.209423958625078
1.2088988056058707
1.2083622220977763
1.2078160463883998
1.2072581132334705
1.2066900119563382
1.2061101153769487
1.2055193959582828
1.2049166479137357
1.2043025908285696
1.2036760634215111
1.2030379210563908
1.2023866446946296
1.2017236401614766
1.2010466016363894
1.2003574582532845
1.1996540680135166
1.1989375063807524
1.1982070980671888
1.1974619825663075
1.1967031991943948
1.19592880668047
1.1951396074523906
1.1943356967574914
1.1935149209923628
1.1926785933707909
1.1918264265851908
1.1909567088176183
1.1900699742382612
1.1891661819489125
1.188244792335895
1.187304120077366
1.186345073453578
1.185367167221388
1.184369901485741
1.183352477059751
1.1823139443999529
1.1812545462219244
1.1801737239290544
1.1790709020598493
1.1779454877744229
1.1767968703265106
1.1756244205207238
1.1744274901547584
1.1732054114462653
1.1719574964441262
1.17068303642386
1.1693813012669132
1.168051538823596
1.166692974259446
1.1653048093848097
1.163886221967458
1.1624363650280876
1.1609543661185553
1.159438489606005
1.157887864815568
1.1563021121409307
1.15468024074971
1.1530198057545937
1.1513201267059956
1.1495809273243875
1.14779881426489
1.1459739358160521
1.1441042475799512
1.142187785445791
1.1402234135749105
1.1382090197214108
1.1361422728559876
1.1340226481775983
1.1318456875420173
1.1296106439212352
1.1273153320003557
1.124956962773281
1.1225320441644557
1.1200379324187717
1.1174720012582613
1.1148309359069275
1.112111270975425
1.1093091540840654
1.1064196051634785
1.1034395244940793
1.1003647562570718
1.0971893948565117
1.0939078961743944
1.090515865564521
1.0870057931171362
1.0833713446624966
1.0796062274247356
1.0757021591241556
1.0716504157279605
1.0674418280253462
1.063066782310244
1.058515226002179
1.0537754776440422
1.0488334914327675
1.0436772481334282
1.0382919303565552
1.0326608497658496
1.0267667553479651
1.0205919755509003
1.0141168016183175
1.0073197831317173
1.0001787536772229
0.9926723755317509
0.9847762823705258
0.9764696019076108
0.9677303541559591
0.9585414859010097
0.9488897338251759
0.9387655350452357
0.928173766790068
0.9171262682431096
0.9056494243911893
0.8937846318959484
0.8815870902887939
0.869124481036539
0.8564752225634573
0.8437210993827066
0.8309446808136869
0.8182228112151474
0.8056239226298264
0.7932053019960493
0.7810115287904659
0.769075928166214
0.7574211328292202
0.74606119004282
0.7350017020661939
0.7242444449244427
0.713784675575744
0.7036164560832363
0.6937306700228075
0.6841166924491056
0.6747652036419414
0.6656638449306369
0.6568011444815895
0.648165992736818
0.6397470402540586
0.6315365683708578
0.6235202196396933
0.6156930631605263
0.6080429361326576
0.6005620027594596
0.5932425337308319
0.5860769425167792
0.5790578149874536
0.572177933121707
0.5654340040154368
0.5588163396476044
0.5523219048251137
0.5459431834621309
0.5396786211523262
0.5335207037124876
0.5274655902655566
0.5215095449433781
0.5156493163161424
0.5098808565844655
0.5042003715991177
0.4986050402900706
0.49309200956847093
0.48765785487126223
0.482299575609141
0.4770142718871159
0.47180057802684194
0.4666562489877521
0.461577121984727
0.4565636122047056
0.4516117284842625
0.4467205313502233
0.4418876353376562
0.4371120562632238
0.4323903760267682
0.42772408299774317
0.42310856485002946
0.41854331836449776
0.41402850957138926
0.4095607714793779
0.40513901764264315
0.40076269606092185
0.39643140658591713
0.3921427577699606
0.38789576712744783
0.38368947494421
0.3795229438205975
0.3753952582175356
0.3713055240061076
0.3672528680211213
0.3632364376191003
0.3592554002410836
0.35530894298055515
0.35139627215683067
0.34751661289414437
0.34366920870666584
0.33985332108965743
0.336068229116933
0.3323132290447527
0.3285876339222919
0.32489171728552596
0.32122455362604274
0.31758494800055725
0.3139722723575752
0.31038591372109453
0.30682701441667753
0.3032937121094823
0.2997850710745785
0.296300817089959
0.2928423581282915
0.28940700568225236
0.2859942356199267
0.28260619815998866
0.27923996518781546
0.27589521597261085
0.2725739016718152
0.26927286405008466
0.2659933076918366
0.2627347814287213
0.2594955383828503
0.2562780502608716
0.25307875698355736
0.24990016744316362
0.24673972593880278
0.2435987143496764
0.24047578354733193
0.2373713539381168
0.23428464045909184
0.23121582794831014
0.22816408441642436
0.22512995419118456
0.222111977599443
0.2191116239263378
0.21612625405868047
0.21315879932617082
0.21020581536927327
0.20726951102452204
0.20434823237692093
0.2014418557476743
0.19855146833361256
0.19567474536086238
0.1928137088802916
0.18996676836856724
0.1871332004220758
0.18431528698952213
0.1815102862086979
0.17871862947061107
0.17594162545022665
0.1731771191137522
0.1704254714932377
0.16768797448468314
0.1649625764798717
0.16224916625228017
0.15954978945277007
0.1568621702498056
0.1541861599386083
0.15152272158318159
0.1488716057594989
0.14623173469549736
0.14360300647016508
0.14098677300343113
0.13838183163221376
0.13578768690861567
0.13320424174843357
0.1306325659524746
0.1280718574276171
0.12552151925797556
0.12298145894380524
0.12045184566465077
0.11793352602133035
0.11542517110306658
0.11292669275601198
0.11043800373562754
0.1079591077063891
0.1054910040030934
0.10303239493019185
0.10058319731716792
0.09814332884694459
0.09571270804648094
0.09329141117576017
0.09088009571191598
0.08847775345675767
0.0860843067144729
0.08369967858165966
0.08132379293863959
0.07895657444086973
0.07659794851044914
0.07424861797648317
0.07190775046288625
0.069575225217548
0.06725097108805696
0.06493491764205298
0.0626269951593722
0.06032713462429314
0.05803526771786022
0.05575132681030617
0.053475389934717094
0.05120764129804563
0.04894759266197702
0.04669517947063441
0.04445033781576513
0.042213004429728945
0.039983116678571254
0.037760612555167064
0.035545430672455115
0.03333751025673771
0.03113679114106687
0.02894321375870422
0.02675671913665235
0.024577248889263104
0.022404745211923028
0.020239150874802242
0.01808040921668411
0.015928464138860197
0.013783260099098719
0.011644742105675872
0.009512855711487835
0.007387547008213085
0.00526876262055913
0.0031564497005624123
0.0010505559219571225
-0.0010489705253863629
-0.0031421809409684634
-0.005229126119098286
-0.007309856354268092
-0.00938442144647534
-0.011452870706474135
-0.013515252960968198
-0.015571616557754811
-0.01762200937079262
-0.019666478805231268
-0.021705071802366752
-0.023737834844550547
-0.025764813960040444
-0.02778605472779636
-0.02980160228221753
-0.03181150131783491
-0.03381579609394206
-0.035814530439175915
-0.037807747756049
-0.03979549102542439
-0.0417778028109465
-0.043754725263416935
-0.045726300125121896
-0.047692568734113115
-0.04965357202843753
-0.05160935055032035
-0.05355994445030163
-0.055505070046961334
-0.05744496578613249
-0.05937978285290114
-0.06130956007324768
-0.06323433589889867
-0.06515414841122108
-0.06706903532507422
-0.06897903399262216
-0.07088418140709955
-0.0727845142065353
-0.074680068677438
-0.07657084699462692
-0.07845636618081789
-0.08033720369918271
-0.08221339464242779
-0.08408497376729257
-0.08595197549802519
-0.08781443392981034
-0.08967238283216704
-0.09152585565230445
-0.09337488551843898
-0.0952189190163313
-0.09705846630433361
-0.09889365967366935
-0.10072453116489773
-0.10255111251363652
-0.10437343515368987
-0.10619153022014592
-0.10800542855243354
-0.10981444795359534
-0.11161927060583958
-0.11341998002253434
-0.11521660603167948
-0.11700917817859452
-0.11879772572880336
-0.12058227767089136
-0.1223621777021015
-0.12413798730974107
-0.12590988032245365
-0.12767788477860426
-0.12944202845174094
-0.13120233885328608
-0.13295857887928358
-0.13471041574627898
-0.13645849477333905
-0.13820284257013693
-0.1399434854956705
-0.14168044966080143
-0.1434135626504241
-0.14514231102566022
-0.14686745266586015
-0.14858901282598022
-0.15030701652365708
-0.15202148854160322
-0.15373199117791167
-0.15543849460634968
-0.15714153514010812
-0.15884113674936162
-0.16053732317958355
-0.16223009897903828
-0.1639185112252345
-0.16560357455092778
-0.1672853119225827
-0.16896374609172873
-0.170638899597116
-0.17230995590351084
-0.17397756453326882
-0.1756419557962349
-0.17730315149139628
-0.1789611732141936
-0.1806151960005182
-0.18226585332035555
-0.1839133976537667
-0.18555784988679286
-0.1871992307107513
-0.18883651614153635
-0.1904707071584472
-0.19210188553120713
-0.19373007127078906
-0.19535499378035456
-0.1969761213684971
-0.19859431342609654
-0.20020958930532473
-0.20182196817832432
-0.20343065472125896
-0.205036140159998
-0.20663878362415106
-0.2082386036539457
-0.20983529548942956
-0.21142834638497288
-0.21301862732651486
-0.21460615624231555
-0.21619095089418114
-0.2177718875469638
-0.21935006852438724
-0.220925566786434
-0.22249839950783715
-0.22406769459363138
-0.2256340310434533
-0.2271977520529463
-0.22875887422824834
-0.23031667466043365
-0.2318714151025841
-0.23342360540506896
-0.23497326162331622
-0.2365197117356804
-0.23806309797249856
-0.23960399745494015
-0.24114242570502406
-0.24267766730526077
-0.24420993461432466
-0.24573977669606797
-0.24726720855584838
-0.24879138097772893
-0.2503127582987185
-0.2518317701165592
-0.2533484309361527
-0.2548616710903985
-0.25637238120620237
-0.2578807837937523
-0.25938681065701835
-0.2608893352970832
-0.26238959500933556
-0.2638876034708825
-0.26538292100070826
-0.2668751511380866
-0.268365171437325
-0.26985299511637245
-0.2713377340012826
-0.272819876593037
-0.2742998628236623
-0.27577762077185297
-0.2772519941478282
-0.2787242506171287
-0.28019440263733786
-0.28166179478387016
-0.2831264272686407
-0.28458899366131757
-0.2860495059981832
-0.2875066571396389
-0.28896174104065453
-0.29041480817700854
-0.2918652002602193
-0.29331290298112916
-0.29475862548370635
-0.296202312406651
-0.2976427334687225
-0.29908121012867556
-0.3005177534401312
-0.3019514823449159
-0.3033828102108526
-0.3048122395507262
-0.30623939538050243
-0.3076636697908585
-0.3090860798019355
-0.31050663581971955
-0.3119240289627092
-0.3133395126230109
-0.3147531754709632
-0.3161641239241186
-0.31757277257770883
-0.3189796329369889
-0.3203841870454252
-0.3217860904326013
-0.32318623739361063
-0.324584446937171
-0.32597969322405235
-0.3273732143157572
-0.32876501950891157
-0.33015380432389035
-0.33154078554256167
-0.3329260812292148
-0.3343086435038052
-0.33568916934118803
-0.337068039405788
-0.33844442699849214
-0.33981858046941776
-0.3411911073313706
-0.3425613675675756
-0.34392923023702826
-0.3452954948775229
-0.34665967455633645
-0.3480213265659848
-0.34938140855429095
-0.3507395539552642
-0.35209507404947266
-0.3534490515687207
-0.3548012084584683
-0.35615067400979633
-0.3574986238822514
-0.3588448375209623
-0.3601883245551634
-0.36153032226700504
-0.3628706374148511
-0.36420822063538505
-0.3655443403610028
-0.3668788012844462
-0.368210554096509
-0.3695408687223235
-0.3708695192003241
-0.3721955137344123
-0.3735200948822333
-0.37484297821235624
-0.3761632853473723
-0.377482203397302
-0.378799362401731
-0.38011405178764024
-0.3814273759005334
-0.3827388529319859
-0.38404799301203485
-0.38535579115152496
-0.3866616280990771
-0.38796528613158127
-0.38926762508567986
-0.3905678633804976
-0.39186610546021056
-0.3931630508624908
-0.39445773148347174
-0.3957506225625412
-0.3970422389129159
-0.39833140239224163
-0.3996190063007638
-0.4009053569858614
-0.40218904341446376
-0.4034714228806438
-0.40475238568156663
-0.4060308192267374
-0.4073080358966623
-0.4085835809676608
-0.4098568919192772
-0.41112900637631417
-0.41239917272854776
-0.41366742103975696
-0.41493449282357875
-0.41619931904542085
-0.4174625636363305
-0.4187246512615806
-0.4199841755237097
-0.4212424742998549
-0.42249936176697395
-0.42375389533486774
-0.42500730520532837
-0.42625894719651364
-0.4275086292573884
-0.4287572061525618
-0.4300036398160076
-0.4312485257170569
-0.43249232460609577
-0.4337335866895028
-0.4349737308264611
-0.43621242077638045
-0.43744893258969997
-0.4386843884237724
-0.43991796117463217
-0.4411498200363413
-0.4423806401108128
-0.4436091314296694
-0.444836389333889
-0.44606235322914717
-0.4472860705601213
-0.4485087786085129
-0.4497297140033608
-0.45094891542681004
-0.45216712384440144
-0.4533830655537633
-0.45459780076869005
-0.4558112585741377
-0.45702254138509185
-0.45823285923813645
-0.45944137488224485
-0.46064827293506183
-0.4618542214355837
-0.4630578288085651
-0.4642603896086598
-0.4654615554414802
-0.4666607485731614
-0.46785901881180886
-0.46905532653053833
-0.47025026041571527
-0.47144415147145674
-0.4726357685809363
-0.4738264886282507
-0.475015570925388
-0.4762030047468648
-0.47738955558726465
-0.4785738615909002
-0.47975715628483284
-0.48093908620778736
-0.48211914361430463
-0.4832983425849016
-0.48447554426408607
-0.4856515352928213
-0.4868263847238226
-0.48799918624364547
-0.4891711531049426
-0.4903413215760396
-0.4915101275585276
-0.49267796723423274
-0.49384363035488305
-0.4950084818484695
-0.4961716870950891
-0.4973334236593549
-0.4984943231900022
-0.49965296243579266
-0.5008108123612571
-0.5019671232531155
-0.5031219031124106
-0.5042759056333803
-0.5054276580079672
-0.5065786172976944
-0.5077281016090393
-0.5088760346359009
-0.510023211508492
-0.5111681818857096
-0.5123123586776269
-0.5134550831052379
-0.5145962764035181
-0.5157367340598764
-0.5168749884279883
-0.5180124881363192
-0.5191485183170945
-0.5202830762920176
-0.5214168894624516
-0.5225485217836557
-0.5236794471677398
-0.5248088476958788
-0.5259368721221854
-0.5270640769425847
-0.5281892161301192
-0.5293136673613582
-0.5304365018051478
-0.5315580918933838
-0.5326787515937272
-0.5337974959056573
-0.5349155706326367
-0.5360319015508503
-0.5371471540118522
-0.5382613308179881
-0.5393737760355543
-0.5404855694473993
-0.5415954584053194
-0.5427044675129513
-0.5438122226624942
-0.5449184621522347
-0.5460240670402494
-0.547127574625319
-0.5482304322775083
-0.5493318260353705
-0.5504319508095632
-0.5515312373298055
-0.5526286434643148
-0.5537254392424396
-0.5548205309160046
-0.5559146296914738
-0.557007633686334
-0.5580990493791335
-0.559189870605805
-0.5602787185597492
-0.5613668778150879
-0.5624536573382416
-0.5635391682311607
-0.5646238856712079
-0.565706761697224
-0.5667890657284751
-0.5678696779101209
-0.5689493674822356
-0.5700279364213927
-0.5711050247283612
-0.5721815557032003
-0.573256056764095
-0.5743300063853849
-0.575402482744324
-0.5764738639113418
-0.5775443216825984
-0.5786131471869744
-0.5796814361705406
-0.5807478749786987
-0.5818136275465651
-0.5828780659144388
-0.5839412945724909
-0.5850037384846111
-0.5860644556342383
-0.5871246561557806
-0.5881831289820064
-0.5892408365987473
-0.5902973327312341
-0.5913525595674686
-0.5924070848635498
-0.5934598429421184
-0.5945121034010097
-0.5955627044707841
-0.5966125141528876
-0.597661161770396
-0.5987085324298044
-0.5997552323276447
-0.6008001756199295
-0.6018446394496405
-0.6028874609828586
-0.6039295148234184
-0.6049704056505097
-0.6060100608967927
-0.6070490266280087
-0.6080862945792002
-0.609123100405422
-0.6101582326548947
-0.6111926679802215
-0.6122258917838103
-0.6132579676544986
-0.6142892885024196
-0.615319015871769
-0.6163482976648875
-0.6173758289536388
-0.6184027784742876
-0.6194284231006403
-0.6204530510566818
-0.6214768143930577
-0.6224991314020352
-0.6235210186241709
-0.6245410353815646
-0.6255606273379674
-0.626578778748544
-0.6275960858185492
-0.628612377139104
-0.6296274096142721
-0.6306418460730258
-0.6316546141577954
-0.6326669724607016
-0.6336777147668602
-0.6346878236862021
-0.6356967266450627
-0.6367045961558448
-0.6377116648826163
-0.6387173048751552
-0.6397225444571111
-0.6407259647376603
-0.6417289940826044
-0.6427305905256344
-0.6437314145171671
-0.6447311969108366
-0.6457298251341609
-0.6467277984552433
-0.6477242404138239
-0.6487203047308677
-0.6497146747279343
-0.6507085666491654
-0.651701142340522
-0.6526928711547213
-0.6536836574085757
-0.6546732323250283
-0.6556622339827419
-0.6566496641318142
-0.6576367335590181
-0.658622180441731
-0.6596071183662985
-0.6605907950170353
-0.661573610362374
-0.6625555215162631
-0.6635362231290058
-0.6645163734948994
-0.6654949701454553
-0.6664732219772258
-0.6674498647891419
-0.6684260243423595
-0.669400920336295
-0.6703749961817896
-0.6713481499625998
-0.6723201505970243
-0.6732915667438369
-0.6742615005901944
-0.6752311045508615
-0.6761990590646806
-0.6771666083618403
-0.6781328388257377
-0.6790983416898617
-0.6800628525811105
-0.6810263171709763
-0.6819891129416474
-0.6829505473448404
-0.6839116324219014
-0.6848710446553152
-0.6858301445802136
-0.6867878214510639
-0.6877449106775906
-0.6887008899861407
-0.6896559763467538
-0.690610262420573
-0.6915633536788879
-0.6925159508209424
-0.6934670546722068
-0.694417859143023
-0.6953670912325203
-0.6963159192538193
-0.6972634751737998
-0.6982103342627554
-0.6991562182187362
-0.7001011158259167
-0.7010453319992881
-0.7019882755091142
-0.7029308280572336
-0.703871824788427
-0.7048125373767231
-0.7057517750507375
-0.7066905512167149
-0.7076281375942669
-0.7085649844858745
-0.7095009236291003
-0.7104358483302528
-0.7113701442777084
-0.7123031538087187
-0.7132358105754659
-0.7141669118934689
-0.7150977431135549
-0.7160271334705355
-0.716956066258922
-0.7178838293402897
-0.718810870490232
-0.7197370102179405
-0.7206621664610877
-0.7215866867340252
-0.722509964740828
-0.7234328694349003
-0.7243542758150099
-0.7252754250133441
-0.726195110085888
-0.7271143968885647
-0.7280324778728908
-0.7289499087321865
-0.7298663894130903
-0.7307819707219644
-0.7316968548616635
-0.732610592954144
-0.733523884292358
-0.7344357854439179
-0.735347441261079
-0.7362575581258752
-0.7371673857061992
-0.7380759208544516
-0.7389839263221664
-0.7398908834043721
-0.7407970728265475
-0.741702455471086
-0.7426068348579962
-0.7435106466712054
-0.7444132219766832
-0.7453154665429319
-0.7462162436647203
-0.7471167885886619
-0.7480159093265835
-0.7489146641765508
-0.7498122282895292
-0.7507091988187568
-0.751605209804005
-0.7525004017109413
-0.7533948630440613
-0.7542882819727035
-0.7551811971077534
-0.7560728486479756
-0.7569642210175389
-0.757854110705424
-0.7587437799880586
-0.7596320770388382
-0.760519992012649
-0.761406756467518
-0.7622929225303461
-0.76317815773666
-0.7640625802337633
-0.7649462895177344
-0.7658289737420974
-0.7667111604088591
-0.7675921116015031
-0.7684727789351746
-0.7693520022854593
-0.7702310157590331
-0.7711086541951316
-0.7719859468298362
-0.7728620756597347
-0.7737376525125066
-0.7746122749368858
-0.7754861410141218
-0.7763592602129548
-0.7772314204708032
-0.7781030396034156
-0.7789734989480581
-0.7798436211531855
-0.7807123844411201
-0.781580947190985
-0.7824480848752869
-0.7833149580561803
-0.7841806081062519
-0.7850457964476346
-0.7859099619204313
-0.7867734701031186
-0.7876361540352921
-0.788497986691719
-0.7893591920996706
-0.7902193538141533
-0.7910790836940893
-0.7919375790030873
-0.7927958363310725
-0.7936526697234431
-0.7945093123007333
-0.795364633372705
-0.7962196199533358
-0.7970734772812245
-0.7979268122326918
-0.7987792087125175
-0.7996308963556592
-0.8004818348635588
-0.8013318794727993
-0.8021813628650757
-0.8030297686686623
-0.8038777997818333
-0.8047245709620731
-0.8055711526129213
-0.8064162933064131
-0.8072612514920536
-0.8081049425898976
-0.8089482756679209
-0.8097905256358475
-0.8106322376266428
-0.811473049202963
-0.812313144082067
-0.8131525199855876
-0.8139910016839025
-0.8148289446139723
-0.8156658170179809
-0.8165023296545352
-0.817337596606515
-0.8181726816101175
-0.8190063469083481
-0.8198398366770837
-0.820672074319207
-0.82150396729688
-0.8223347851719457
-0.823165085045277
-0.8239944857367896
-0.824823196149272
-0.8256511822215744
-0.8264783067736693
-0.82730488077198
-0.8281304230213091
-0.8289555874717648
-0.8297795509333021
-0.830603308342995
-0.8314256964892507
-0.8322479148340216
-0.8330688656074744
-0.8338895130051537
-0.8347090641452287
-0.8355281439609346
-0.8363462978989187
-0.8371638134559931
-0.8379805726043135
-0.8387965271844967
-0.8396118939367552
-0.8404262907803549
-0.8412402675113623
-0.8420531098174248
-0.8428656988832346
-0.8436769898097085
-0.8444881154828372
-0.8452979362115489
-0.8461075143983641
-0.8469159544178252
-0.8477239881725783
-0.84853104976414
-0.8493375421005879
-0.8501432275270046
-0.850948181418565
-0.8517524929240248
-0.8525559113039254
-0.8533588511140796
-0.8541607368755024
-0.854962307197494
-0.8557626631937236
-0.8565628573675726
-0.8573616952607808
-0.8581603631050827
-0.8589578380207947
-0.8597549822883738
-0.8605510963599816
-0.8613467197642877
-0.8621414751068124
-0.8629355803220511
-0.8637289790321686
-0.8645215686934336
-0.8653136128494997
-0.8661046895528968
-0.8668953812149714
-0.8676849475177414
-0.8684742887276122
-0.8692623471482546
-0.8700502465899949
-0.8708368929478512
-0.8716232874415938
-0.8724085893632094
-0.8731934813301075
-0.8739774407844102
-0.8747608326073105
-0.8755434515450664
-0.8763253455686169
-0.8771066259224524
-0.8778870244532103
-0.8786669681376303
-0.8794458734441639
-0.8802244823555707
-0.8810018966685601
-0.8817791532153321
-0.8825550981976095
-0.8833308662567146
-0.8841054820467632
-0.8848797637538243
-0.8856530521758212
-0.8864258496289332
-0.8871978124890427
-0.8879691277488602
-0.8887397668352467
-0.8895096019250696
-0.8902789190079163
-0.8910472759137725
-0.8918152727452937
-0.892582153416019
-0.8933488317304737
-0.8941142380777901
-0.8948794870787363
-0.895643533490089
-0.8964073101995501
-0.8971700431890227
-0.897932349425722
-0.8986937706558871
-0.8994546082017075
-0.9002147193172455
-0.9009740899172947
-0.9017328925450022
-0.9024907979076746
-0.9032482936564785
-0.9040047354535167
-0.904760925914481
-0.9055159057810309
-0.9062707274749628
-0.907024312062034
-0.9077776734486741
-0.9085299574140101
-0.9092818600368678
-0.9100328449001658
-0.9107832902663523
-0.9115329775294869
-0.9122819671097606
-0.9130303582567889
-0.9137778934855961
-0.9145249899827628
-0.9152710722582796
-0.9160168755540223
-0.9167615062381912
-0.9175059770147074
-0.918249198181707
-0.9189922185871522
-0.9197341507912377
-0.9204757220968421
-0.9212163667152586
-0.9219564901561376
-0.9226958485483396
-0.9234345253235204
-0.9241725988311721
-0.9249098301036145
-0.9256466200505898
-0.9263824069472049
-0.9271179146395894
-0.9278522582512579
-0.9285864393286335
-0.9293193863589327
-0.9300521249723682
-0.9307837935595906
-0.9315150907097406
-0.9322454820888044
-0.9329753387403346
-0.933704454128362
-0.9344328712099524
-0.9351607118062647
-0.935887690210613
-0.9366142571967281
-0.9373397977805471
-0.9380650923201729
-0.938789195904186
-0.9395131334456395
-0.9402358865121526
-0.9409583874770007
-0.9416798714812453
-0.942400936600025
-0.943121152634418
-0.943840782601642
-0.9445597317407607
-0.9452779272148997
-0.9459956105154733
-0.946712372118935
-0.9474287906198356
-0.9481441189389442
-0.9488592736611787
-0.9495731692461481
-0.9502868944013465
-0.9509995245577525
-0.9517118170034488
-0.9524231863369091
-0.9531340465327179
-0.9538441559926705
-0.954553584361979
-0.9552624348799397
-0.9559704318098713
-0.9566780242994222
-0.957384590140793
-0.9580909254975672
-0.9587960605648436
-0.9595010205315028
-0.9602048442377636
-0.9609083731083147
-0.9616109422608701
-0.9623130402584414
-0.9630143556809865
-0.9637150229921683
-0.9644150854903737
-0.9651143222651588
-0.9658131326266529
-0.9665109389783773
-0.9672084979727297
-0.9679048739780071
-0.9686010695589221
-0.9692961280553665
-0.9699908926173545
-0.9706847019468189
-0.9713780354740581
-0.9720705963336821
-0.9727624987733668
-0.9734538118421312
-0.974144283104395
-0.9748343490431013
-0.975523389000936
-0.9762122084521844
-0.9768998169413565
-0.9775872390172802
-0.9782735673484847
-0.9789595569274023
-0.9796446405895012
-0.9803291974132705
-0.9810130369758181
-0.9816961607487333
-0.9823787567629625
-0.983060447151656
-0.9837418001504495
-0.9844220567837914
-0.9851021212576094
-0.9857809897506487
-0.9864596191354746
-0.9871372461013609
-0.9878144399305995
-0.9884908258285435
-0.9891665835974307
-0.9898417288681548
-0.9905160500336427
-0.9911899550993497
-0.9918628390799863
-0.9925355043443264
-0.9932069505201342
-0.9938781972823258
-0.9945483840805279
-0.9952181913340447
-0.9958871394302136
-0.9965555064574146
-0.9972232161806782
-0.9978901422249101
-0.9985566138856826
-0.9992220981511409
-0.9998873320410858
-1.0005513736926743
-1.00121520909975
-1.0018779682478571
-1.002540359017213
-1.0032018811566306
-1.0038628263533103
-1.0045231117003424
-1.0051826103495387
-1.0058416591015569
-1.0064997101884532
-1.007157522523854
-1.0078141249934653
-1.0084705138673735
-1.0091258538286427
-1.0097807917328918
-1.0104348956984985
-1.0110883814757337
-1.011741249547779
-1.0123932819998431
-1.0130449142612505
-1.0136954921490056
-1.0143458498946554
-1.0149950107066217
-1.0156439112608941
-1.0162918363954812
-1.0169392784145543
-1.0175859678775288
-1.0182319499759
-1.018877403753627
-1.0195219245039218
-1.0201661425633162
-1.0208092004960874
-1.0214520299426575
-1.022093776388093
-1.0227351400429425
-1.0233756505536113
-1.024015546839497
-1.0246548213040299
-1.0252932486008566
-1.0259312868881891
-1.026568243532796
-1.0272049643173597
-1.0278405297780553
-1.0284757766444554
-1.029110105416062
-1.0297438765905078
-1.0303769684626536
-1.0310092621274385
-1.0316411168697903
-1.0322719311630562
-1.0329025018291234
-1.0335318815407644
-1.034160969268741
-1.0347891110392617
-1.0354167138535775
-1.0360436173722372
-1.0366697332522516
-1.037295398188062
-1.0379200250678096
-1.038544400141544
-1.0391675868374077
-1.0397904690340183
-1.0404124160319907
-1.041033803168459
-1.0416545100559627
-1.0422743999029487
-1.0428938662468545
-1.043512256528425
-1.0441303863935398
-1.0447473702683345
-1.0453639963704326
-1.045979738278288
-1.046594858220773
-1.047209357645707
-1.0478229689843144
-1.0484362253894661
-1.0490483256319674
-1.0496601563942836
-1.0502709250654338
-1.0508812402020018
-1.0514907641168334
-1.0520995610108732
-1.052707839548323
-1.053315115533937
-1.0539221145790507
-1.0545279004135735
-1.055133373754799
-1.0557379122211046
-1.0563418570647156
-1.0569451474563987
-1.0575475609583296
-1.058149602547465
-1.0587504818129758
-1.0593510742195804
-1.059950615933377
-1.060549668953643
-1.061147959551225
-1.0617454701581626
-1.0623425088247522
-1.0629384739393877
-1.063534144056761
-1.0641286763293174
-1.0647227955198026
-1.065316073285257
-1.065908638333914
-1.0665006606893646
-1.067091668327891
-1.0676823725168445
-1.0682718812545522
-1.0688610223050279
-1.0694492727902678
-1.070036847294077
-1.0706238385344902
-1.0712098430286259
-1.0717955352922366
-1.072380004975509
-1.0729641211977414
-1.0735473285232733
-1.074129865097101
-1.0747118089816792
-1.0752927622437236
-1.0758733941501282
-1.0764528078113065
-1.077031850060745
-1.0776099968933213
-1.078187445674044
-1.078764324502488
-1.0793401759447803
-1.079915696545753
-1.0804900357459897
-1.081063952339205
-1.081637019868445
-1.082209328431234
-1.0827811230201057
-1.0833518194701395
-1.0839221752152997
-1.0844914200203886
-1.0850601566480897
-1.085628124562046
-1.086195237832187
-1.086761927490201
-1.0873274131012354
-1.0878925477477048
-1.0884566767028307
-1.0890201763382945
-1.0895830227979242
-1.0901448829579976
-1.0907063845588454
-1.0912666616171982
-1.091826516134535
-1.0923855062379084
-1.092943709040626
-1.0935014106531429
-1.0940579570453768
-1.0946141339033353
-1.0951692538268851
-1.0957237662970958
-1.0962775929724404
-1.0968304361867964
-1.0973829017560817
-1.097934137001468
-1.0984849250646156
-1.0990348620774566
-1.0995839675898877
-1.1001326046577462
-1.100680022506524
-1.101227050956847
-1.101773082894527
-1.1023184150378433
-1.1028631417385713
-1.1034067722794683
-1.103950004747011
-1.104492115499786
-1.1050336374302319
-1.1055744374195013
-1.1061142433303608
-1.106653642246761
-1.1071918149977362
-1.1077294886603248
-1.1082663448832337
-1.1088022876176775
-1.1093378141806889
-1.109872031395442
-1.1104058174880114
-1.110938712168601
-1.1114707519196163
-1.1120023220097104
-1.1125326094722126
-1.1130624674081626
-1.1135913820386183
-1.1141194777008072
-1.1146470614069464
-1.1151733886446398
-1.1156992765143061
-1.1162241918438238
-1.1167483009742765
-1.1172718787954623
-1.117794202826834
-1.1183160773574548
-1.1188369733807741
-1.1193570521585192
-1.1198766038353984
-1.1203948802857182
-1.1209126967999468
-1.1214295527455387
-1.1219455559295208
-1.122461060432454
-1.1229752434912157
-1.1234889558641323
-1.12400175018203
-1.124513631067571
-1.1250250347573438
-1.1255351089611683
-1.1260446695757413
-1.1265533799250123
-1.1270610902987006
-1.1275683122053604
-1.128074287100821
-1.1285796468017617
-1.1290842500376042
-1.1295877401305652
-1.1300907301376621
-1.1305925820366893
-1.1310936900826538
-1.1315941622431152
-1.1320933806826008
-1.132592087056333
-1.1330897914446336
-1.1335865954587085
-1.1340828801624723
-1.1345778055102589
-1.1350721748488308
-1.1355657063719453
-1.1360581522903637
-1.1365500663173274
-1.137040801423128
-1.1375307786042965
-1.1380201110532508
-1.138508143072277
-1.1389956302197566
-1.139482148296741
-1.1399676764234925
-1.1404526518317015
-1.1409363432409472
-1.1414193454958876
-1.1419016188778597
-1.142382639222147
-1.1428630932017394
-1.1433425209756718
-1.143820978457108
-1.1442988613241347
-1.1447754305274922
-1.145251302020453
-1.1457264369926146
-1.146200287892084
-1.1466735498215037
-1.1471458062677604
-1.147617032249503
-1.1480876605806003
-1.148557024851589
-1.149025601577109
-1.1494935145544094
-1.1499600299706672
-1.1504259326250377
-1.150890932425898
-1.1513547576101448
-1.1518179608911046
-1.1522800331582983
-1.1527411424883447
-1.1532016205951385
-1.153660750682178
-1.1541191180307684
-1.1545767714439223
-1.1550330176202679
-1.1554886163435116
-1.1559433050565289
-1.1563967652605385
-1.1568495681860662
-1.157301276813422
-1.1577519235286602
-1.1582019029435047
-1.1586506157975243
-1.1590984209598345
-1.159545548598024
-1.159991249685041
-1.160436184669978
-1.160880373779178
-1.1613231047162822
-1.1617651403262463
-1.162206293095627
-1.1626461056658126
-1.1630852121168853
-1.1635233117705122
-1.1639601758119202
-1.1643963227203873
-1.1648313521623044
-1.1652652369053835
-1.1656983932739409
-1.166130335083989
-1.1665612091375193
-1.1669913433411554
-1.1674201797707122
-1.1678480111075027
-1.1682750908790465
-1.1687008038466826
-1.1691255597889285
-1.1695495522042576
-1.169972123291314
-1.17039377049561
-1.1708146419585068
-1.1712340524045846
-1.1716525568465834
-1.1720702730732384
-1.1724865037716048
-1.1729018307303145
-1.1733163567334566
-1.1737293882263629
-1.1741415022680701
-1.174552802340727
-1.1749626148146384
-1.175371479776453
-1.1757795174753218
-1.1761860907560542
-1.176591669729063
-1.1769964078574906
-1.1773997214052578
-1.1778019767172783
-1.1782033773078344
-1.178603410212198
-1.1790023034101236
-1.1794003277067613
-1.179797058681487
-1.1801925505132105
-1.1805871589530015
-1.1809805663308155
-1.1813726167267251
-1.1817637689211604
-1.1821538306484065
-1.1825423987024384
-1.1829300534182827
-1.1833167470494774
-1.1837017909997178
-1.184085906139408
-1.184469087509483
-1.1848506860405152
-1.1852312186220888
-1.185610801492952
-1.1859889740633038
-1.1863658801998476
-1.1867418203275477
-1.1871165430759416
-1.18748977795455
-1.1878620301599214
-1.1882332788074335
-1.1886027966676587
-1.1889713148145453
-1.1893388277256443
-1.189704818770351
-1.1900695557433068
-1.190433269913093
-1.1907957242924634
-1.1911566319739157
-1.191516498885246
-1.1918753191692348
-1.1922324200571037
-1.1925883901570402
-1.1929432951005117
-1.1932967940125772
-1.193648816688182
-1.1939997552532797
-1.1943496034903383
-1.194697648827242
-1.1950445688803997
-1.1953903790522125
-1.195734754254434
-1.19607760254071
-1.1964193209404872
-1.1967599028486975
-1.1970987200398262
-1.1974362918015193
-1.1977727064277865
-1.1981077823695392
-1.1984411514406241
-1.198773342251959
-1.1991043477819245
-1.1994337567593736
-1.1997616659961121
-1.200088368146504
-1.2004138559370714
-1.2007375303383336
-1.2010598695830619
-1.2013809719564792
-1.201700784893475
-1.2020187004082392
-1.2023353560105594
-1.202650743960435
-1.202964705776796
-1.2032768519116614
-1.2035877066001557
-1.2038972618196655
-1.2042053002081352
-1.2045115570015807
-1.2048164897507696
-1.2051200901383012
-1.2054221309551372
-1.2057223745953978
-1.2060212604877576
-1.2063187800073736
-1.206614747229143
-1.2069088499126825
-1.2072015599955208
-1.2074928685322206
-1.2077826842113222
-1.2080705139960268
-1.208356915133016
-1.2086418783425892
-1.2089253942555922
-1.2092068832143366
-1.2094868379314903
-1.209765317084743
-1.2100423109522125
-1.2103174587478769
-1.2105908250737456
-1.2108626768948783
-1.2111330041217163
-1.211401726054345
-1.2116683573542033
-1.2119334338531007
-1.2121969450782644
-1.2124588804528107
-1.2127188991190043
-1.2129770474171988
-1.213233588337663
-1.2134885108992806
-1.2137418040105277
-1.213992959835407
-1.2142423710234624
-1.214490119847176
-1.2147361947886663
-1.214980584213004
-1.215222712250936
-1.2154631210388953
-1.2157018099390677
-1.2159387668668729
-1.2161739796136801
-1.2164069093704024
-1.216638038724129
-1.2168673879961778
-1.2170949445037391
-1.2173206954325648
-1.2175442506801113
-1.2177658112297425
-1.2179855286927566
-1.218203389754895
-1.2184193809626682
-1.2186333795467887
-1.2188450689647523
-1.2190548493321276
-1.2192627066682051
-1.2194686268448223
-1.2196725955844472
-1.2198743828314755
-1.2200739070490232
-1.2202714384531557
-1.2204669622036952
-1.2206604633023104
-1.2208519265904647
-1.2210411958691927
-1.2212280645056912
-1.221412851637409
-1.2215955415053668
-1.2217761181809916
-1.22195456556392
-1.2221308673797753
-1.2223046920527065
-1.2224762113732452
-1.222645538501038
-1.2228126565131148
-1.222977548302327
-1.2231401965749662
-1.2233005838483504
-1.223458480194987
-1.2236138853289003
-1.223766979683254
-1.2239177450747198
-1.2240661631199883
-1.2242122152331842
-1.2243558826232475
-1.224497146291281
-1.2246358151733054
-1.2247718502419047
-1.2249054278634302
-1.2250365282727709
-1.2251651314849
-1.2252912172920314
-1.2254147652607406
-1.225535754729046
-1.2256541648034538
-1.2257699585796833
-1.225882838117025
-1.2259930796305603
-1.2261006613784273
-1.2262055613738199
-1.2263077573818175
-1.2264072269161743
-1.2265039472360664
-1.2265978953427943
-1.2266890479764436
-1.226777381612501
-1.2268628724584232
-1.2269454964501638
-1.2270250345802753
-1.2271016344979346
-1.227175300757027
-1.2272460083065593
-1.227313731808291
-1.2273784456330075
-1.2274401238567432
-1.2274987402569537
-1.2275542683086378
-1.2276066811804063
-1.2276559517304995
-1.2277020525027502
-1.2277449557224938
-1.227784633292421
-1.227821056788378
-1.2278541974551092
-1.2278840262019393
-1.2279105135984028
-1.2279336298698105
-1.2279533448927566
-1.2279696281905683
-1.2279824489286895
-1.227991775910004
-1.2279975775700973
-1.227999821972451
-1.227998476803573
-1.2279935093680634
-1.2279848865836114
-1.2279725749759245
-1.2279565406735902
-1.2279367494028648
-1.2279131664823952
-1.2278857568178656
-1.2278544848965716
-1.227819314781922
-1.2277802101078639
-1.2277371340732313
-1.227690049436019
-1.2276389185075736
-1.22758370314671
-1.227524364753743
-1.2274608642644402
-1.2273931621438887
-1.2273212183802815
-1.227244992478614
-1.227164443454298
-1.2270795298266854
-1.2269902096125018
-1.226896246404146
-1.226797663278368
-1.226694527647538
-1.2265867951526177
-1.2264744208929286
-1.2263573594189512
-1.2262355647250247
-1.2261089902419442
-1.2259775888294566
-1.225841312768652
-1.2256998978377223
-1.2255532319584879
-1.2254015245497747
-1.2252447251475527
-1.2250827826638282
-1.2249156453782928
-1.224743260929854
-1.224565556857185
-1.224381883652822
-1.2241927794001526
-1.2239981886907767
-1.223798055425019
-1.223592322802627
-1.2233809333133407
-1.223163072842516
-1.2229393992280004
-1.2227098659371411
-1.2224744120751203
-1.2222329759808128
-1.2219847861559097
-1.221730276247121
-1.2214695660313484
-1.2212025901884687
-1.2209290768835144
-1.2206483401315007
-1.220361106215824
-1.220067305913637
-1.2197667914479104
-1.2194584981647638
-1.2191433925732997
-1.2188214012870273
-1.2184920846842224
-1.2181548201558334
-1.217810408635828
-1.217458772294711
-1.2170987198425736
-1.2167309783601694
-1.2163557343238582
-1.2159720678711057
-1.215580040249181
-1.2151802187059604
-1.214771676510089
-1.2143543575200164
-1.2139289388647345
-1.2134941844978584
-1.2130505171054358
-1.2125984291432288
-1.2121360469128626
-1.2116649193644282
-1.2111842736009253
-1.210693524442292
-1.2101937671817764
-1.2096829149923898
-1.2091626720134865
-1.2086317059811331
-1.2080903401868432
-1.2075384542479328
-1.2069753039200417
-1.2064016559163844
-1.2058160336782566
-1.2052197436896648
-1.2046109354243302
-1.2039910840251484
-1.2033583477468217
-1.2027139741830821
-1.2020565388601994
-1.2013866391439885
-1.2007037034717905
-1.2000072283893062
-1.1992979595099278
-1.1985738125396026
-1.197836489934166
-1.1970843798445467
-1.1963175891224471
-1.1955366188415635
-1.1947393443067413
-1.1939269756712647
-1.1930993426430994
-1.1922544261377541
-1.191393320174151
-1.1905157775710093
-1.18962057627086
-1.188707330701806
-1.187776381833508
-1.186827263800403
-1.1858590265859716
-1.1848709054411113
-1.1838632069996644
-1.1828354106114223
-1.181786979903614
-1.1807173622996159
-1.1796257763786187
-1.1785114196674513
-1.177374218663379
-1.1762135560343272
-1.1750287958185583
-1.1738192828622842
-1.1725843422418782
-1.1713232786704137
-1.1700353758882764
-1.1687198960375957
-1.1673760790202743
-1.166003141839387
-1.1646001688786116
-1.1631655709457012
-1.161699181038399
-1.160200109735626
-1.1586674408947393
-1.1571002308825826
-1.1554957828545487
-1.1538544048163903
-1.1521752496719713
-1.1504556537957868
-1.1486948572288886
-1.146892571480011
-1.1450445296549832
-1.1431524498645496
-1.1412115281078505
-1.1392231711598
-1.1371821075785662
-1.135089220445264
-1.132941445610375
-1.1307355299516233
-1.1284706927903878
-1.1261442089371407
-1.1237531637081573
-1.1212937642875545
-1.1187641479691466
-1.116161073353066
-1.1134811509991844
-1.1107208382888498
-1.1078754431223283
-1.104941136953385
-1.1019142428998123
-1.09879051748907
-1.0955619670868415
-1.0922265838719256
-1.0887754855556282
-1.085204996523327
-1.0815061649156106
-1.0776718407943786
-1.0736946999438457
-1.0695658352713178
-1.0652758951468246
-1.0608148047035737
-1.0561692901441329
-1.0513307444754683
-1.0462829861916154
-1.0410142519757954
-1.0355081768947347
-1.0297477758295963
-1.0237155673315605
-1.0173937352480986
-1.0107592124994729
-1.0037932438960537
-0.9964723325968683
-0.9887737959478794
-0.980676490546822
-0.9721550914631983
-0.9631931157315485
-0.95377401223728
-0.9438864212738038
-0.9335281490122255
-0.9227056596595519
-0.9114394662149065
-0.8997628945974058
-0.887723302511472
-0.8753842459926542
-0.8628180881047589
-0.850105988622446
-0.8373307071887244
-0.8245725212881797
-0.8119044217070137
-0.7993892271636307
-0.7870776648603421
-0.775009866629478
-0.763212340212943
-0.7517037709217889
-0.7404938352619813
-0.7295850910509469
-0.7189773136338742
-0.7086644122942638
-0.6986379761339961
-0.6888905819193515
-0.6794086997323716
-0.6701840174630085
-0.6612033459620251
-0.6524558356822113
-0.6439301729773714
-0.6356168082284233
-0.6275048575045027
-0.6195843890497714
-0.611845456633102
-0.60428097472425
-0.5968819288981883
-0.5896400351864923
-0.5825487567196375
-0.5756013700914606
-0.5687901275007377
-0.5621090181015351
-0.5555544452366487
-0.5491182001215806
-0.5427973275792162
-0.5365865743247954
-0.5304805324564611
-0.5244754134495481
-0.5185675924627734
-0.5127538801066805
-0.5070298251031199
-0.501392099786681
-0.49583847390963715
-0.4903652626339383
-0.48496941439364544
-0.47964797916463564
-0.47439810672252436
-0.4692201010672496
-0.46410869595980536
-0.45906209825215183
-0.4540802555485614
-0.44915788467078427
-0.44429720839158676
-0.43949226389369916
-0.4347448476431454
-0.4300508958871842
-0.4254093023804386
-0.42082026190957833
-0.41628010811114136
-0.411787712165775
-0.40734414931927154
-0.40294599504167494
-0.3985921200464418
-0.3942815029369961
-0.3900131458698951
-0.38578684651996714
-0.38160099921277024
-0.37745435023283563
-0.3733459982274905
-0.3692750629437887
-0.3652406847854889
-0.3612420243747076
-0.3572782621185963
-0.35334859778136907
-0.34945225006192676
-0.3455884561773458
-0.34175647145242566
-0.3379561979053211
-0.3341868191709012
-0.33044725358758725
-0.32673681996913273
-0.323054853420176
-0.3194007049619386
-0.31577469323388185
-0.312176218464446
-0.3086038129642292
-0.3050568836016752
-0.30153573290509816
-0.2980404015427278
-0.2945689418270291
-0.2911208119423325
-0.2876981025689732
-0.2842978153467335
-0.2809193862885389
-0.2775652495732542
-0.2742320900414742
-0.27092030066547906
-0.2676308383542535
-0.26436099952989267
-0.2611129682914916
-0.257884489516343
-0.25467590687558317
-0.2514873568918146
-0.2483171680208186
-0.24516716646621026
-0.24203434956277187
-0.2389215651753266
-0.23582513038141942
-0.23274827926264266
-0.2296872676162997
-0.22664511155190262
-0.22361859397182177
-0.22060993880862947
-0.21761701511083884
-0.21464070918854442
-0.21168050713443576
-0.2087354397708432
-0.2058071141458494
-0.20289284904957294
-0.19999494589640598
-0.19711140685951428
-0.1942421755112845
-0.1913885783867162
-0.18854826324729979
-0.1857226220625007
-0.18291118005936038
-0.18011259045423736
-0.17732855797615713
-0.1745578173259832
-0.17179951640058463
-0.16905520361574264
-0.16632377008606167
-0.16360437979969594
-0.1608979857896709
-0.15820452207723848
-0.15552272062777187
-0.15285252842435668
-0.15019575166439209
-0.14755027102770119
-0.14491598405632256
-0.14229332304971487
-0.13968294662933892
-0.13708341578103284
-0.1344946329112701
-0.13191683826896158
-0.12935090957668183
-0.126795397852215
-0.12425021011263097
-0.12171525433868711
-0.11919143470694733
-0.11667810850261257
-0.11417470283211581
-0.11168112999752516
-0.10919730320518277
-0.10672386379418965
-0.10426051785611382
-0.10180662485590448
-0.09936210205094488
-0.09692686754734287
-0.09450084029058824
-0.09208462690557193
-0.089677807807914
-0.08727992297143908
-0.08489089509762962
-0.08251064767602735
-0.08013910497558789
-0.07777619203614228
-0.07542220251784804
-0.07307713696078384
-0.0707404495206795
-0.06841206868212849
-0.06609192365373134
-0.06377994436020003
-0.06147606143455896
-0.05918020621042102
-0.056892310714367865
-0.05461230765841106
-0.05234054905607317
-0.05007665852993991
-0.047820435645076584
-0.045571816170300525
-0.043330736518536604
-0.04109713373984789
-0.038870945514544834
-0.03665211014637863
-0.03444056655579997
-0.03223625427330912
-0.03003911343287576
-0.027849084765434514
-0.025666109592457558
-0.02349012981960074
-0.021321087930416285
-0.019158926980149826
-0.017003590589598175
-0.014855022939036823
-0.012713168762234514
-0.010577973340507297
-0.008449382496867504
-0.006327342590224541
-0.00421180050965787
-0.0021027036687506478
-3.0077326484898343e-16
