0.0
0.0007193612528166788
0.0014379274939386746
0.0021556916627444283
0.002872646792764057
0.003588786010811927
0.004304102536116338
0.0050185896794465645
0.005732240842237548
0.006445049515712447
0.007157009280003344
0.007868113803270304
0.008578356840819082
0.00928773223421767
0.009996233910411928
0.010703855880840536
0.011410592240549473
0.012116437167306267
0.01282138492071418
0.0135254298413266
0.014228566349761792
0.014930788945818223
0.015632092207590677
0.016332470790587302
0.01703191942684784
0.01773043292406317
0.01842800616469633
0.019124634105105266
0.019820311774667393
0.020515034274906183
0.02120879677861989
0.021901594529012653
0.022593422838828037
0.023284277089485196
0.023974152730217815
0.024663045277215957
0.02535095031277092
0.02603786348442333
0.026723780504114412
0.027408697147340823
0.028092609252312918
0.028775512719116665
0.029457403508879414
0.030138277642939457
0.030818127984506498
0.03149690655032949
0.032174655248104145
0.03285137032500253
0.03352704808465046
0.034201684886317266
0.03487527714411015
0.0355478213261731
0.0362193139538905
0.03688975160109543
0.03755913089328283
0.038227448506827515
0.038894701168207146
0.03956088565323022
0.04022599878626908
0.040890037439498095
0.04155299853213703
0.04221487902969954
0.04287567594324704
0.043535384711979895
0.0441939296038573
0.04485138046461567
0.045507734479071374
0.046162988874180466
0.04681714091832004
0.04747018792057496
0.048122127230030384
0.04877295623506967
0.04942267236267804
0.050071273077751846
0.050718755882413404
0.05136511831533164
0.0520103579510483
0.05265447239930994
0.053297459304405534
0.05393922061391187
0.05457984726187465
0.055219337726596304
0.05585768978653269
0.05649490125162532
0.05713096996266868
0.057765893790683365
0.05839967063629485
0.05903229842911816
0.0596637751271481
0.06029409871615524
0.060923267209087646
0.06155127810637405
0.062178016643236904
0.06280359251310573
0.06342800383634382
0.06405124875770535
0.06467332544576673
0.06529423209236376
0.06591396691203412
0.0665325281414657
0.06714991403895021
0.06776612288384255
0.06838115297602546
0.06899496450520465
0.06960750237331977
0.07021885477104838
0.07082902008124972
0.07143799670479144
0.07204578306004313
0.07265237758237483
0.07325777872366124
0.07386198495179072
0.0744649947501798
0.07506680661729268
0.07566735112864946
0.07626661907037806
0.07686468297034044
0.07746154138961615
0.07805719290204673
0.07865163609378224
0.07924486956283273
0.07983689191862461
0.0804277017815618
0.0810172977825917
0.08160562995923801
0.08219263857264626
0.08277842763326297
0.08336299581774917
0.08394634181122251
0.08452846430684838
0.0851093620054354
0.0856890336150355
0.08626747785054834
0.08684469343333003
0.08742057007987585
0.08799515729222272
0.08856851046530054
0.08914062835066437
0.08971150970442374
0.09028115328687415
0.09084955786213313
0.09141672219777974
0.09198264506449855
0.09254725514092596
0.0931105144370518
0.09367252706100837
0.09423329180085045
0.09479280744598785
0.0953510727868501
0.0959080866145546
0.0964638477205787
0.0970183548964347
0.09757152144469579
0.09812333085041144
0.0986738812264464
0.0992231713698064
0.09977120007592054
0.10031796613833523
0.10086346834841169
0.10140770549502633
0.10195067636427436
0.10249222716951877
0.1030324666474686
0.10357143477816842
0.10410913034220116
0.10464555211588153
0.10518069887097609
0.10571456937442641
0.10624716238807463
0.10677841077966042
0.10730824281977273
0.10783679227000402
0.10836405787758373
0.10889003838325387
0.10941473252100949
0.10993813901784151
0.11046025659348202
0.1109810746182543
0.11150040153043393
0.1120184343402707
0.11253517174434292
0.1130506124306707
0.11356475507847395
0.11407759835793284
0.11458914092994998
0.11509938144591463
0.11560812308160004
0.1161155389327928
0.11662164739606642
0.11712644709063555
0.11762993662498986
0.11813211459666938
0.11863297959204125
0.11913253018607832
0.11963056827227286
0.12012726348478281
0.12062263878404214
0.12111669270532088
0.12160942377135087
0.12210083049211339
0.12259091136462853
0.12307966487274569
0.1235668708345386
0.12405273741975065
0.12453727090600683
0.1250204697303222
0.12550233231545577
0.12598285706970888
0.12646204238672448
0.1269398601205282
0.1274161302823124
0.12789105504714066
0.12836463275588167
0.12883686173370545
0.12930774028988898
0.12977726671762332
0.130245439293821
0.13071218132846674
0.1311774051328421
0.13164126882929647
0.13210377063546033
0.13256490875168878
0.13302468136087484
0.1334830866282627
0.13394012270126185
0.13439565416438234
0.13484970646396705
0.13530238297917743
0.13575368179190905
0.13620360096526307
0.13665213854336455
0.13709929255118097
0.13754506099434108
0.1379892436676533
0.13843199177339657
0.13887334735558227
0.13931330834833647
0.13975187266551806
0.14018903820054082
0.1406248028261958
0.1410591450238276
0.1414918561745547
0.14192315911001158
0.14235305162644002
0.14278153149855433
0.14320859647936607
0.143634244300009
0.14405847266956395
0.14448119869396395
0.14490233366669092
0.14532204145138358
0.14574031967497245
0.14615716594145317
0.1465725778317134
0.14698655290335969
0.14739908869054372
0.14781004790434024
0.14821944834722048
0.14862740130631355
0.14903390422819876
0.14943895453513908
0.14984254962490914
0.15024468687062315
0.15064536362056252
0.15104440014217974
0.15144189742798483
0.15183792552621736
0.15223248169233336
0.1526255631561131
0.15301716712148986
0.15340729076637877
0.15379593124250543
0.15418288353553264
0.1545682981160277
0.1549522203146164
0.15533464718511208
0.15571557575431372
0.15609500302183552
0.15647292595993664
0.1568493415133505
0.15722404201091178
0.15759718279377627
0.15796880642983033
0.1583389097609795
0.15870748960079833
0.159074542734361
0.1594400659180722
0.15980405587949767
0.1601663306447578
0.1605269943933514
0.16088611458222302
0.16124368783137905
0.16159971073120352
0.16195417984229074
0.162307091695278
0.16265844279067795
0.16300811121488124
0.16335608197208795
0.16370248103402474
0.16404730478911878
0.16439054959491564
0.16473221177791464
0.16507228763340417
0.16541077342529742
0.16574764796501126
0.16608269650338794
0.16641614341685318
0.16674798485294506
0.16707821692710162
0.1674068357225002
0.16773383728989708
0.16805921764746784
0.16838297278064765
0.1687049869044978
0.1690252367895872
0.16934384915604708
0.16966081986839976
0.16997614475774717
0.17028981962161688
0.17060184022380853
0.17091220229424134
0.17122090152880176
0.1715277899672065
0.17183291211023444
0.17213635836515145
0.1724381243028121
0.17273820545941582
0.17303659733636223
0.17333329540010778
0.17362829508202324
0.1739215917782524
0.17421307808597544
0.17450272189155644
0.17479064887948786
0.175076854317274
0.17536133343664254
0.17564408143341326
0.17592509346736804
0.1762043646621226
0.17648189010499998
0.17675766484690533
0.1770314792570773
0.1773035115887968
0.17757377849488945
0.1778422748943039
0.178108995669124
0.17837393566445736
0.1786370896883256
0.17889845251155692
0.1791580188676813
0.17941578345282755
0.1796715457080121
0.17992547321911662
0.18017758332598535
0.18042787059042636
0.1806763295365303
0.18092295465058475
0.1811677403809916
0.18141068113818745
0.181651771294567
0.18189100518440993
0.1821283191203639
0.18236361609315477
0.18259704024950177
0.18282858578816993
0.18305824686965522
0.18328601761613283
0.1835118921114094
0.18373586440087883
0.18395792849148226
0.18417807835167224
0.18439630791138087
0.1846126110619924
0.18482681648503427
0.1850390548674707
0.18524934918217137
0.18545769318540445
0.18566408059498138
0.18586850509025749
0.1860709603121374
0.1862714398630857
0.1864699373071429
0.18666644616994654
0.18686095993875798
0.18705347206249467
0.18724392710298007
0.18743223916082033
0.18761853082735835
0.18780279541936137
0.18798502621565097
0.18816521645717044
0.18834335934705854
0.1885194480507298
0.1886934756959615
0.18886543537298742
0.1890353201345983
0.18920312299624978
0.18936883693617698
0.18953245489551693
0.18969396977843794
0.18985322992129888
0.19001036385633743
0.19016537466168004
0.19031825511751257
0.19046899796793576
0.19061759592113983
0.19076404164958768
0.19090832779020642
0.19105044694458748
0.19119039167919577
0.1913281545255872
0.19146372798063588
0.19159710450676995
0.19172827653221705
0.1918572364512594
0.191983976624498
0.19210848937912722
0.19223072029721977
0.1923506336683706
0.192468298239907
0.19258370623193893
0.192696849832753
0.192807721199144
0.19291631245675742
0.19302261570044302
0.19312662299461902
0.19322832637364765
0.193327717842222
0.19342478937576427
0.1935195329208355
0.19361194039555724
0.1937020036900449
0.19378971466685332
0.19387506516143435
0.19395804698260677
0.19403865191303876
0.19411687170974287
0.19419269810458384
0.19426612280479919
0.19433713749353287
0.19440573383038212
0.1944719034519577
0.19453563797245726
0.1945969289842528
0.19465574366754682
0.19471206243963887
0.1947659148068286
0.19481729230323308
0.1948661864441909
0.19491258872692627
0.19495649063122714
0.19499788362013834
0.1950367591406687
0.19507310862451338
0.19510692348879066
0.19513819513679415
0.19516691495875932
0.1951930743326461
0.19521666462493595
0.19523767719144472
0.1952561033781508
0.19527193452203911
0.19528516195196036
0.19529577698950626
0.19530377094990053
0.1953091351429059
0.1953118608737469
0.1953119394440488
0.19530936215279288
0.19530412029728753
0.19529620517415588
0.19528560808033973
0.19527232031411956
0.19525633317615143
0.19523763797052
0.19521622600580799
0.19519208859618267
0.19516521706249818
0.1951356027334151
0.1951032369465363
0.1950681110495594
0.19503021640144594
0.19498954437360724
0.1949460863511067
0.1948998337338788
0.19485077793796504
0.1947989103967657
0.19474422256230875
0.19468670590653528
0.19462634477131796
0.19456307449852994
0.19449694668666886
0.1944279528906924
0.1943560846926645
0.19428133370314932
0.19420369156262138
0.19412314994289154
0.19403970054854877
0.19395333511841809
0.1938640454270335
0.19377182328612721
0.19367666054613356
0.1935785490977086
0.19347748087326463
0.19337344784851968
0.19326644204406163
0.19315645552692723
0.19304348041219518
0.1929275088645935
0.19280853310012108
0.1926865453876827
0.19256153805073803
0.19243350346896337
0.19230243407992717
0.19216830436781124
0.19203098983329545
0.19189061478470146
0.19174717191434856
0.1916006539817955
0.1914510538155976
0.19129836431507521
0.19114257845209245
0.1909836892728467
0.19082168989966777
0.1906565735328267
0.19048833345235427
0.1903169630198679
0.19014245568040725
0.1899648049642781
0.18978400448890392
0.18959993259984545
0.18941260745091085
0.18922211069418737
0.1890284363338876
0.18883157847161666
0.1886315313082669
0.18842828914591728
0.18822184638973632
0.18801219754988888
0.18779933724344536
0.18758326019629357
0.18736396124505256
0.18714138062800922
0.18691537790539334
0.1866861354701735
0.18645364865206138
0.18621791290205195
0.18597892379433903
0.1857366770282286
0.18549116843004881
0.18524239395505662
0.1849903496893404
0.184735031851717
0.18447625757264996
0.18421410376804112
0.18394866319880682
0.18367993267543953
0.1834079091515382
0.18313258972566138
0.18285397164317016
0.18257205229806123
0.18228682923478823
0.18199823356563286
0.18170609328367116
0.18141064052852882
0.18111187351527583
0.180809790619311
0.1805043903780966
0.1801956714928755
0.17988363283037173
0.17956827342447262
0.17924939691725855
0.17892706860745894
0.17860141580144015
0.17827243827754868
0.1779401359902994
0.17760450907192432
0.17726555783389858
0.1769232827684421
0.17657748126115566
0.17622821835804445
0.17587563277366053
0.1755197258040877
0.1751604989340663
0.17479795383832014
0.17443209238285404
0.17406289563896563
0.1736900523881938
0.1733138985337148
0.17293443679087148
0.17255167007298797
0.17216560149245705
0.17177623436179282
0.17138357219464748
0.17098729020840817
0.1705876828354938
0.1701847917227515
0.1697786212748782
0.1693691761027677
0.1689564610242809
0.16854046635454742
0.1681208531120587
0.1676979856247087
0.16727186962525775
0.16684251105706227
0.1664099160745719
0.16597409104378413
0.16553488008640585
0.16509223659949898
0.16464638391473266
0.164197329330565
0.1637450803588184
0.16328964472483756
0.16283102173012098
0.1623688560744063
0.16190352914572678
0.16143504960789498
0.16096342633837837
0.1604886684281445
0.16001078518145723
0.15952948763587596
0.15904500299552263
0.15855742368151599
0.15806675993202068
0.15757302219659652
0.15707622113567102
0.1565761092629658
0.15607283750809897
0.15556653759788228
0.15505722111253803
0.15454489983944886
0.1540295857723027
0.15351103205185757
0.152989397254242
0.15246480925069936
0.15193728093097028
0.15140682538558398
0.15087345590467988
0.15033689530890296
0.149797373848455
0.14925498232102294
0.14870973487949654
0.14816164586908476
0.14761072982582185
0.14705665796391446
0.14649977678626677
0.14594011653977743
0.1453776925806487
0.14481252044691462
0.144244555080829
0.14367358633423882
0.1430999206448281
0.1425235743279747
0.14194456387053578
0.14136290592882023
0.14077847531665902
0.14019123835097383
0.13960140877056446
0.13900900395076807
0.1384140414245448
0.13781653888019915
0.13721629340335106
0.136613444438705
0.13600811365727616
0.13540031940065694
0.13479008015264765
0.13417741453675847
0.13356205116380507
0.13294428531647837
0.13232415429360636
0.1317016772998032
0.1310768736651452
0.13044970954704677
0.12982001991280173
0.1291880670576028
0.1285538708274537
0.12791745117880157
0.12727882817573402
0.12663791557608992
0.12599467351368868
0.12534929380674548
0.12470179695419908
0.1240522035469126
0.12340053426476572
0.12274667205034898
0.12209065946830207
0.1214326386024493
0.12077263048341193
0.12011065621465632
0.1194467369695246
0.11878074832594103
0.11811276852023306
0.11744291278996258
0.11677120257338253
0.11609765936224051
0.11542230469879163
0.11474503065580097
0.11406590327644679
0.11338503453198259
0.11270244614333648
0.11201815986559575
0.11133219748504582
0.11064449038823884
0.10995504636263159
0.109263996933054
0.1085713639791
0.10787716939547949
0.10718143508912316
0.10648415213193632
0.10578522862350134
0.10508483628703294
0.10438299703949541
0.10367973279447781
0.1029750654594031
0.10226901693275582
0.10156149786121997
0.1008526009369415
0.10014239344865351
0.09943089721267069
0.09871813402157828
0.09800412564160235
0.09728888857433536
0.096572321203941
0.09585457862505994
0.09513568244661562
0.09441565423726779
0.0936945155229544
0.09297228778446222
0.09224898079876315
0.0915245269532771
0.0907990528799963
0.09007257982202847
0.08934512896462458
0.08861672143294781
0.0878873782898745
0.08715712053382764
0.0864258913698892
0.08569377895788133
0.08496081886773373
0.08422703177856594
0.08349243829387416
0.0827570589395849
0.08202091416214433
0.08128401077463795
0.08054632549900254
0.07980793968764457
0.07906887340518091
0.07832914662704255
0.07758877923779663
0.07684779102950524
0.07610620170011946
0.07536402963182272
0.07462124511130364
0.07387792164567104
0.07313407849118564
0.07238973480201445
0.07164490962886508
0.07089962191765589
0.07015389050822324
0.06940773413306518
0.06866116441087103
0.0679141813805883
0.06716683212820741
0.06641913489179314
0.0656711077960241
0.06492276885117419
0.06417413595212895
0.06342522687743787
0.06267605928840168
0.06192665072819525
0.0611770103387722
0.060427157294663095
0.05967711786108773
0.05892690904564805
0.05817654773384275
0.057426050688415095
0.056675434548735165
0.05592471583021388
0.05517391092375157
0.05442303609521828
0.053672107484966945
0.05292114032596416
0.052170152130773
0.05141915989539803
0.05066817919908432
0.04991722549367645
0.04916631410333479
0.04841546022428205
0.04766467892457917
0.046913985143930435
0.04616339369351795
0.04541291925586368
0.0446625763847204
0.043912379504989905
0.043162347963542264
0.042412497447991276
0.041662836824438894
0.04091337994987176
0.040164140552675164
0.03941513223272221
0.03866636846148708
0.037917862582182424
0.037169627809921044
0.03642167723190082
0.03567402380761303
0.03492668036907279
0.03417965962107228
0.03343297414145583
0.032686636381416216
0.03194065866581161
0.031195053193504418
0.03044983962083352
0.02970503259866273
0.02896063424893619
0.028216656224210785
0.027473110053445042
0.02673000714245921
0.02598735877441295
0.025245176110298716
0.02450347018945328
0.023762251930084678
0.0230215321298151
0.02228132146623916
0.02154163049749708
0.020802469662863133
0.020063849283346882
0.019325779562309603
0.0185882705860934
0.01785133232466361
0.017114974632263618
0.016379207248082082
0.01564403979693227
0.01490948178994195
0.0141755426252556
0.013442231588746679
0.01270955785474031
0.011977530486746215
0.011246158438200695
0.010515450553219176
0.009785415567356123
0.009056062108374499
0.008327398697023591
0.007599433747823804
0.00687217556986029
0.0061456323675825025
0.005419812241612149
0.004694723189555791
0.003970373106825634
0.0032467697874651235
0.002523920924980424
0.0018018341131771655
0.0010805168470026608
0.0003599765233922598
-0.0003597795578798509
-0.0010787441933451708
-0.001796910274981881
-0.002514270789352678
-0.003230818816738433
-0.0039465475302692225
-0.004661450195053197
-0.005375520167302058
-0.006088750893454708
-0.006801135909298634
-0.007512668839090262
-0.00822334339467285
-0.008933153374593727
-0.009642092663220317
-0.010350155229855705
-0.011057335127852848
-0.01176362649372924
-0.012469023546281094
-0.013173520585697351
-0.013877111992674353
-0.01457979222753109
-0.015281555829324655
-0.015982397414966824
-0.016682311678341638
-0.017381293389424336
-0.018079337393401805
-0.01877643860979386
-0.019472592031577644
-0.02016779272431262
-0.020862035825268372
-0.021555316542554586
-0.022247630154253226
-0.0229389720075536
-0.023629337517889443
-0.02431872216807973
-0.02500712150747185
-0.025694531151088055
-0.026380946778775154
-0.027066364134357607
-0.027750779024793726
-0.028434187319336245
-0.029116584948696
-0.029797967904209223
-0.030478332237009593
-0.031157645764144724
-0.03183590986860723
-0.03251314222149983
-0.03318933909832316
-0.033864496830625646
-0.034538611805196025
-0.0352116804632598
-0.03588369929968038
-0.03655466486216524
-0.03722457375047626
-0.03789342261564584
-0.03856120815919705
-0.03922792713236918
-0.03989357633534817
-0.040558152616502294
-0.04122165287162298
-0.04188407404317032
-0.04254541311952487
-0.04320566713424384
-0.04386479373419357
-0.044522791965071355
-0.04517969475192572
-0.0458354993007331
-0.04649020285924937
-0.047143802716294494
-0.04779629620104148
-0.04844768068231202
-0.04909795356787715
-0.04974711230376357
-0.050395154373566
-0.05104207729776448
-0.05168787863304828
-0.052332555971644754
-0.052976106940654064
-0.053618481924213895
-0.05425967582070459
-0.05489973465673255
-0.055538656194771795
-0.05617643822910055
-0.056813078585165475
-0.057448575118952114
-0.05808292571636078
-0.05871612829258838
-0.0593481807915156
-0.059979081185100265
-0.0606088274727761
-0.06123741768085743
-0.06186479258973397
-0.06249095002960118
-0.06311594385957144
-0.06373977221227481
-0.06436243324444738
-0.06498392513636522
-0.06560424609128446
-0.06622339433488647
-0.06684136811472896
-0.06745816569970264
-0.06807378537949269
-0.06868822546404679
-0.06930138152127177
-0.06991332685748168
-0.07052408591245175
-0.07113365707810916
-0.07174203876413551
-0.07234922939746283
-0.07295522742177525
-0.0735600312970153
-0.07416363949889583
-0.07476605051841693
-0.0753672628613881
-0.07596713551429096
-0.07656580161581698
-0.07716326295449276
-0.07775951809783585
-0.07835456562589843
-0.0789484041308163
-0.07954103221636294
-0.08013244849750788
-0.08072265159998085
-0.08131164015983965
-0.08189928662699075
-0.0824856856299652
-0.08307086441739588
-0.08365482167022349
-0.08423755607764026
-0.08481906633668357
-0.08539935115183343
-0.0859784092346148
-0.08655623930320419
-0.08713281410045241
-0.08770801786274206
-0.08828198821180913
-0.08885472389679222
-0.08942622367156992
-0.08999648629439051
-0.09056551052750579
-0.09113329513680879
-0.09169983889147573
-0.0922651405636113
-0.09282904054720126
-0.09339167665883348
-0.09395306549213336
-0.09451320583587533
-0.09507209648002073
-0.09562973621538436
-0.09618612383330424
-0.09674125812531559
-0.09729513788282776
-0.09784758345112966
-0.09839876349229272
-0.09894868390245588
-0.09949734347787487
-0.10004474101307549
-0.10059087530054922
-0.10113574513045212
-0.10167934929030688
-0.10222163105529525
-0.1027625057508454
-0.10330210970734159
-0.10384044170739516
-0.10437750052949009
-0.1049132849477018
-0.10544779373141887
-0.10598102564506721
-0.10651297944783734
-0.1070434870453998
-0.10757267794677264
-0.10810058563267379
-0.10862720884712163
-0.10915254632751686
-0.10967659680438452
-0.1101993590011179
-0.1107208316337247
-0.11124089975600078
-0.11175957977941127
-0.11227696504982267
-0.11279305425956453
-0.11330784609228692
-0.11382133922271981
-0.11433353231643407
-0.11484442402960503
-0.11535392531415249
-0.11586199434479993
-0.11636875667396981
-0.11687421092615438
-0.11737835571523406
-0.11788118964425155
-0.11838271130518832
-0.11888291927874195
-0.11938172615290103
-0.11987908077662246
-0.12037511621482305
-0.120869831008962
-0.12136322368806685
-0.12185529276852056
-0.12234603675385011
-0.12283545413451644
-0.12332343811440864
-0.12380997066737892
-0.12429517089760302
-0.12477903724914816
-0.12526156815192666
-0.12574276202149376
-0.12622261725884668
-0.12670113225022436
-0.12717816327295203
-0.12765376094267605
-0.12812801238782867
-0.1286009159414536
-0.1290724699207985
-0.12954267262712146
-0.13001152234549831
-0.1304790173446305
-0.1309449631334161
-0.13140950710555477
-0.1318726900807354
-0.13233451026797416
-0.13279496585891848
-0.1332540550276602
-0.1337117759305495
-0.13416811268976295
-0.1346228521680691
-0.13507621681406218
-0.1355282047189666
-0.1359788139553035
-0.13642804257670874
-0.1368758886177512
-0.1373223500937516
-0.1377673480585351
-0.13821079165763936
-0.13865284375857834
-0.13909350230554507
-0.13953276522255426
-0.13997063041326446
-0.1404070957608003
-0.1408421591275748
-0.14127567648920117
-0.14170768380642423
-0.14213828180917806
-0.1425674682829625
-0.1429952409916623
-0.1434215976773721
-0.14384653606022105
-0.14427005383819794
-0.144691944431406
-0.14511236610532288
-0.1455313594075267
-0.1459489219535022
-0.14636505133571273
-0.14677974512342706
-0.14719300086254594
-0.1476048056678172
-0.1480149289026101
-0.14842360592126128
-0.14883083418244375
-0.14923661112060013
-0.14964093414577082
-0.15004380064342154
-0.1504452079742718
-0.1508451014046288
-0.15124333226299316
-0.15164009529648187
-0.15203538777332487
-0.15242920693616163
-0.15282155000187034
-0.15321241416139655
-0.15360179657958223
-0.15398961751540854
-0.15437577719043236
-0.1547604459465658
-0.1551436208510658
-0.15552529894425968
-0.15590547723937528
-0.15628415272237067
-0.1566613223517635
-0.15703690366862488
-0.15741080184941647
-0.15778318445187342
-0.15815404833200356
-0.15852339031756807
-0.15889120720791244
-0.15925749577379722
-0.1596222527572289
-0.1599854209837546
-0.16034685525392278
-0.16070674764330978
-0.16106509478667025
-0.1614218932892204
-0.16177713972647037
-0.16213083064405678
-0.16248296255757566
-0.1628335319524145
-0.16318229283087185
-0.16352947818996655
-0.16387509005185474
-0.16421912478954354
-0.16456157874507588
-0.16490244822936628
-0.1652417295220359
-0.16557941887124863
-0.16591537219778424
-0.16624962040326294
-0.16658226506160168
-0.1669133023043087
-0.16724272823071165
-0.16757053890779738
-0.16789673037005182
-0.16822129861930019
-0.16854423962454776
-0.16886531627970505
-0.16918474792033164
-0.16950253997875786
-0.16981868830281496
-0.17013318870683697
-0.17044603697150668
-0.17075722884370248
-0.17106676003634622
-0.17137460181231867
-0.17168056024926248
-0.17198484499971786
-0.1722874516518124
-0.17258837575909122
-0.17288761284037193
-0.17318515837960038
-0.17348100782570794
-0.1737751565924695
-0.1740676000583626
-0.17435811429658507
-0.17464690028267238
-0.17493396708932607
-0.17521930996617863
-0.1755029241270201
-0.17578480474966746
-0.17606494697583552
-0.17634334591100936
-0.1766199966243185
-0.17689480263438376
-0.17716771578501153
-0.1774388660367495
-0.17770824832693585
-0.17797585755610107
-0.1782416885878547
-0.1785057362487749
-0.17876799532829984
-0.1790284605786216
-0.17928712671458233
-0.1795439021150147
-0.1797987363006778
-0.18005175578708446
-0.18030295515486863
-0.1805523289469905
-0.18079987166864966
-0.18104557778720112
-0.18128944173207376
-0.18153145789469266
-0.18177162062840388
-0.1820099242484031
-0.182246201347731
-0.18248056263506462
-0.18271304821011716
-0.18294365225252573
-0.18317236890363223
-0.1833991922664333
-0.18362411640553447
-0.183847135347108
-0.18406824307885503
-0.18428743354997149
-0.18450470067111868
-0.1847199702090669
-0.18493317829598835
-0.18514444542261996
-0.18535376536445677
-0.18556113185853892
-0.18576653860344938
-0.1859699792593171
-0.18617144744782507
-0.18637093675222352
-0.1865684407173485
-0.1867639528496457
-0.18695746661720014
-0.18714897544977127
-0.1873383352645949
-0.18752563795981406
-0.1877109169268618
-0.18789416546352447
-0.18807537682967565
-0.1882545442473468
-0.1884316609008041
-0.18860671993663217
-0.1887797144638244
-0.18895063755388003
-0.1891194822409083
-0.18928624152173984
-0.18945090835604497
-0.1896134756664597
-0.18977386902642732
-0.18993206183020597
-0.1900881351006114
-0.19024208163593503
-0.1903938941982989
-0.1905435655138261
-0.19069108827281978
-0.19083645512995043
-0.19097965870445183
-0.1911206915803254
-0.1912595463065538
-0.19139621539732316
-0.19153069133225437
-0.19166296655664422
-0.19179303348171503
-0.19192088448487482
-0.1920465119099864
-0.19216990806764664
-0.19229095759775583
-0.19240974753958404
-0.19252628479585104
-0.19264056157071438
-0.19275257003667257
-0.19286230233490223
-0.19296975057560617
-0.19307490683837214
-0.19317776317254268
-0.19327831159759642
-0.19337654410354052
-0.19347245265131463
-0.19356602917320662
-0.19365726557328
-0.1937461537278135
-0.1938326854857525
-0.19391685266917272
-0.1939986470737566
-0.1940780604692819
-0.1941550846001229
-0.19422971118576485
-0.19430193192133102
-0.19437173847812278
-0.19443912250417328
-0.19450407562481417
-0.19456658944325608
-0.1946266555411823
-0.19468421082583934
-0.1947392974525164
-0.19479191344373792
-0.19484205032414964
-0.19488969959994903
-0.1949348527595565
-0.19497750127430097
-0.19501763659911983
-0.19505525017327394
-0.19509033342107698
-0.19512287775263995
-0.19515287456463057
-0.19518031524104787
-0.19520519115401183
-0.19522749366456857
-0.19524721412351073
-0.19526434387221356
-0.1952788742434864
-0.19529079656244006
-0.19530010214736993
-0.19530678231065488
-0.19531082835967212
-0.19531223159772823
-0.1953109833250061
-0.19530707483952806
-0.1953004974381355
-0.1952912424174843
-0.19527930107505706
-0.19526466471019152
-0.19524732462512528
-0.19522727212605734
-0.19520449852422586
-0.1951789951370027
-0.1951507532890043
-0.19511976431321928
-0.19508601955215285
-0.19504951035898735
-0.19501022809875998
-0.19496816414955673
-0.1949233099037232
-0.1948756567690918
-0.1948251961702259
-0.19477191954967998
-0.19471581836927693
-0.19465688411140142
-0.19459506629847187
-0.19453036831341777
-0.19446280856346765
-0.19439237861695904
-0.19431907007003082
-0.19424287454802502
-0.19416378370690512
-0.1940817892346898
-0.19399688285290284
-0.19390905631803865
-0.19381830142304327
-0.19372460999881091
-0.19362797391569597
-0.19352838508503986
-0.1934258354607131
-0.19332031704067223
-0.19321182186853134
-0.193100342035148
-0.19298586968022388
-0.1928683969939188
-0.19274791621847945
-0.19262441964988106
-0.19249789963948297
-0.19236834859569743
-0.19223575898567105
-0.19210002920550437
-0.19196118533154366
-0.19181927728136894
-0.19167429778070014
-0.191526239623374
-0.19137509567310668
-0.19122085886526724
-0.19106352220866232
-0.19090307878732996
-0.1907395217623438
-0.19057284437362698
-0.19040303994177463
-0.1902301018698853
-0.19005402364540083
-0.18987479884195388
-0.18969240772124102
-0.18950666609786238
-0.1893177559005199
-0.18912567108543904
-0.18893040570529204
-0.18873195391109054
-0.18853030995408254
-0.18832546818765364
-0.18811742306923201
-0.18790616916219646
-0.18769170113778702
-0.18747401377701775
-0.1872531019725913
-0.18702878393419853
-0.18680116194657206
-0.1865702978961568
-0.18633618717306663
-0.1860988252896566
-0.18585820788243745
-0.1856143307139879
-0.18536718967486235
-0.18511678078549604
-0.18486310019810456
-0.1846061029736135
-0.1843455913110403
-0.18408179453167867
-0.18381470937516567
-0.18354433272331486
-0.18327066160197392
-0.1829936931828729
-0.18271342478546224
-0.18242985387874014
-0.18214297808306826
-0.18185257736602625
-0.181558781080543
-0.18126167140948182
-0.18096124664785956
-0.18065750525189095
-0.1803504458407149
-0.18004006719810345
-0.17972636827415317
-0.1794093145031275
-0.17908864830369411
-0.17876465778444095
-0.17843734263621858
-0.17810670272526247
-0.17777273809475402
-0.17743544896635763
-0.17709483574173462
-0.17675086635346043
-0.17640326521843186
-0.17605234082441226
-0.17569809437366385
-0.17534052725643096
-0.17497964105228167
-0.17461543753142006
-0.17424791865596836
-0.17387688800104883
-0.17350238912133603
-0.17312458097090896
-0.17274346636396332
-0.1723590483132237
-0.1719713300310142
-0.17158031493029302
-0.17118586117214565
-0.17078789725669036
-0.17038664747613103
-0.16998211613236733
-0.16957430773309587
-0.16916322699260025
-0.16874887883250084
-0.1683310668639964
-0.16790982579562364
-0.16748533332247795
-0.16705759528255298
-0.16662661772469226
-0.16619240690906525
-0.16575496930759978
-0.16531395994050918
-0.16486971095569317
-0.16442225639558794
-0.163971603665311
-0.16351776038342922
-0.1630607343820928
-0.16260033459452344
-0.162136587232708
-0.16166968290311912
-0.16119963037641355
-0.16072643863683103
-0.16025011688201576
-0.15977056631192818
-0.15928763278152017
-0.15880159953780107
-0.15831247671305554
-0.1578202746512087
-0.1573250039073232
-0.1568266060201681
-0.1563248526206005
-0.1558200653535105
-0.15531225569523527
-0.1548014353296809
-0.15428761614749295
-0.15377073802558125
-0.15325058460152485
-0.15272747160232228
-0.15220141181689248
-0.15167241823551478
-0.15114050404867405
-0.1506055753941738
-0.1500674942140554
-0.14952653596308113
-0.14898271469743624
-0.1484360446663539
-0.14788654031064524
-0.14733405165326002
-0.14677856571130748
-0.14622029309114704
-0.1456592490574068
-0.1450954490574261
-0.14452890871948573
-0.14395940883834465
-0.14338708959171745
-0.14281208153839872
-0.14223440107975668
-0.14165406478763037
-0.14107108940228183
-0.1404851819903969
-0.1398966465553717
-0.13930552717344724
-0.13871184129905464
-0.13811560654311317
-0.13751678151212587
-0.13691518028885274
-0.136311088132101
-0.13570452331143174
-0.1350955042398517
-0.13448404947133014
-0.13387004118015708
-0.13325346508239963
-0.132634514254669
-0.13201320783785075
-0.1313895650996235
-0.13076360543179158
-0.13013514886852826
-0.12950432515006752
-0.1288712481196749
-0.12823593767892494
-0.12759841383843656
-0.12695869671506085
-0.12631656302797073
-0.12567224958678969
-0.12502580873886435
-0.12437726102945813
-0.12372662709430687
-0.12307391868352396
-0.12241891810628848
-0.12176189875817967
-0.12110288163228461
-0.12044188779601796
-0.11977893838815545
-0.11911402807299246
-0.11844699425137692
-0.11777807380706612
-0.11710728815044584
-0.11643465874688969
-0.1157602071137723
-0.11508393455584244
-0.11440568599290532
-0.11372568521813071
-0.11304395393425516
-0.11236051387965668
-0.11167538682539128
-0.11098859457223494
-0.1102999704177362
-0.10960972095625274
-0.10891787702852498
-0.10822446052206754
-0.1075294933380617
-0.10683299738846723
-0.10613487535108854
-0.10543521468891488
-0.1047340961574367
-0.10403154167228061
-0.1033275731443005
-0.10262221247679533
-0.10191544803842108
-0.10120721458395615
-0.10049765964925386
-0.09978680506150026
-0.09907467262547567
-0.09836128412091276
-0.09764666129987953
-0.09693075314226185
-0.09621359546408903
-0.09549527338676943
-0.09477580849940358
-0.094055222349596
-0.0933335364410109
-0.09261077223095737
-0.09188688273438704
-0.09116191611608708
-0.09043593989863781
-0.08970897529649909
-0.0889810434651551
-0.08825216549889851
-0.08752236242864783
-0.0867916232141742
-0.08605994241899803
-0.08532740357838076
-0.08459402740851335
-0.0838598345509495
-0.08312484557064129
-0.08238908095401193
-0.08165256110706137
-0.08091525696126131
-0.08017721890417998
-0.07943849035472635
-0.07869909133313657
-0.0779590417696171
-0.07721836150268549
-0.0764770702775467
-0.07573518774450566
-0.0749927059471688
-0.07424964954073358
-0.0735060638299904
-0.07276196802032592
-0.07201738121434582
-0.07127232241052697
-0.0705268105019061
-0.06978086427480532
-0.06903450240759346
-0.06828771981777143
-0.06754055138963584
-0.06679302587254252
-0.06604516144799288
-0.06529697618358833
-0.06454848803202909
-0.06379971483014932
-0.0630506742979858
-0.06230138403788388
-0.06155186153363741
-0.06080210818312724
-0.060052159810729644
-0.05930203356788763
-0.058551746401235234
-0.057801315134972636
-0.05705075647023169
-0.056300086984474064
-0.055549323130922326
-0.05479848123802452
-0.054047577508950985
-0.05329662800521705
-0.05254564771206263
-0.05179465554142333
-0.05104366713612883
-0.05029269801176141
-0.0495417635563571
-0.04879087903013728
-0.04804005956526991
-0.04728932016566014
-0.04653867570677019
-0.045788140935467535
-0.04503773046990118
-0.04428745879940708
-0.043537340284439736
-0.04278739984035392
-0.042037642530638616
-0.041288082057494936
-0.04053873221359922
-0.03978960666306824
-0.03904071894155983
-0.03829208245639867
-0.03754371048672582
-0.03679561618367211
-0.036047812570554734
-0.035300312543096374
-0.03455312886966786
-0.03380627419155165
-0.03305976102322815
-0.03231360175268163
-0.03156780864172896
-0.030822393826367322
-0.030077385758817667
-0.029332781608557037
-0.028588591972496993
-0.02784482844133858
-0.027101502482413133
-0.026358625440149438
-0.025616208536560697
-0.02487426287174687
-0.02413279942441335
-0.023391829052406315
-0.022651362493263657
-0.021911410364780223
-0.021171983165588805
-0.020433091275755193
-0.0196947449573869
-0.01895695435525608
-0.01821972949743548
-0.017483080295946883
-0.01674701654742213
-0.016011547933776463
-0.015276684022893406
-0.01454243426932082
-0.013808808014977813
-0.013075814489872647
-0.012343462812830878
-0.011611761992231793
-0.010880720926756822
-0.010150348406145334
-0.009420653111959418
-0.00869164361835725
-0.007963328392875179
-0.00723571579721638
-0.0065088140880478875
-0.005782631417803748
-0.005057175835495941
-0.004332455287531226
-0.0036084776185334715
-0.0028852505721734248
-0.0021627817920021803
-0.0014410788222906147
-0.0007201491088739637
-4.7837765591693485e-17
