0.9883904081623283
0.9934509217222647
0.9984788291034726
1.0034698511870213
1.008427683766719
1.013349586645366
1.0182375051364005
1.023090682912475
1.0279088673795849
1.0326937349807273
1.0374423841580311
1.0421593763417967
1.0468387069548244
1.0514870954949935
1.056098523417583
1.0606779112658882
1.065222555720017
1.0697332007104219
1.0742115589434917
1.0786537346428904
1.083065277210683
1.0874403145384186
1.0917837836229078
1.0960937709672258
1.1003694759298153
1.1046148109536995
1.108823225814343
1.1130012415470685
1.1171459303781772
1.1212569683573212
1.1253379342660426
1.1293829245126974
1.133397401558324
1.1373800650358348
1.1413284234396543
1.1452470390161489
1.1491319860881275
1.1529850111895652
1.1568084971621295
1.1605969243943546
1.1643553691790336
1.168083809858467
1.1717776225755951
1.1754422687483235
1.1790763124860382
1.1826769079884885
1.186248563905213
1.1897894818851276
1.1932976856237092
1.1967771842806854
1.200226270557375
1.2036429312194872
1.2070311283009771
1.2103896969931653
1.2137156845939918
1.2170134565795383
1.2202828391656084
1.2235190431994527
1.2267272855315228
1.2299076378926597
1.2330561559000128
1.236175781212582
1.2392677775170169
1.2423302169745016
1.2453621533829171
1.2483667265780731
1.2513440117785066
1.2542896497968048
1.257207746200769
1.2600988260786996
1.2629615507171108
1.2657941284479461
1.268599964923107
1.2713791381866073
1.2741291911198331
1.2768507559780575
1.2795459373020774
1.2822148144655372
1.2848545462360337
1.287466718696678
1.2900528704167435
1.2926130819164687
1.2951448506636285
1.2976492690526213
1.3001280337525902
1.3025812262563077
1.305007392522366
1.307405709438732
1.309778743203221
1.312126576115929
1.3144492906573737
1.3167433769061752
1.3190123459782694
1.3212564881409925
1.323475886492437
1.3256696287702054
1.3278362063989293
1.3299783329763983
1.3320960920720886
1.3341895673645778
1.3362576925602387
1.3382994821130665
1.340317281648475
1.342311175149193
1.3442812466715328
1.346227295573856
1.3481468152955864
1.3500428071612747
1.3519153553759764
1.3537645441852921
1.3555904578696798
1.3573917949330405
1.3591684966991184
1.360922217131583
1.3626530404906918
1.364361051041329
1.3660463330477979
1.3677078800697746
1.3693452822179648
1.3709602484712045
1.372552862919757
1.374123209625758
1.3756713726184684
1.3771974358895949
1.3786995871977055
1.380179298127159
1.381637199832169
1.3830733759706302
1.38448791013826
1.385880885864354
1.387252386607606
1.3886015670051208
1.3899282240047601
1.3912336934976108
1.3925180584666808
1.3937814018024999
1.3950238062993487
1.3962453546515439
1.3974461294497817
1.398626044048246
1.399783661640429
1.400920788871316
1.4020375077151614
1.4031339000236214
1.4042100475224775
1.4052660318084127
1.406301934345844
1.4073178364638084
1.4083138193529
1.409289525954375
1.4102443969603362
1.4111796255857034
1.4120952922575254
1.4129914772486891
1.413868260675199
1.4147257224935081
1.4155639424978959
1.416383000317895
1.4171829754157677
1.4179639470840275
1.4187259944430086
1.4194691964384831
1.4201925577545957
1.4208972031301053
1.4215832704174938
1.4222508376486152
1.4228999826687354
1.4235307831344473
1.424143316511625
1.4247376600734238
1.4253138908983185
1.4258720858681855
1.4264123216664262
1.426934674776129
1.4274392214782734
1.4279260378499732
1.4283951997627578
1.4288467828808944
1.4292808626597466
1.429697514344172
1.4300966656357432
1.4304781023934081
1.430842363265232
1.431189522436582
1.4315196538745294
1.4318328313264876
1.432129128318883
1.4324086181558624
1.4326713739180328
1.4329174684612342
1.433146974415347
1.4333599641831314
1.4335565099390966
1.4337366836284067
1.4339005569658132
1.4340482014346216
1.4341796882856872
1.4342950885364416
1.434394472969949
1.4344779121339921
1.4345454763401875
1.4345972356631282
1.4346332599395568
1.4346536187675651
1.4346583815058225
1.434647617272829
1.4346213949462001
1.4345797831619727
1.4345228503139407
1.4344506645530166
1.4343632937866164
1.4342608056780706
1.434143267646062
1.4340107468640837
1.4338633102599272
1.4337010245151878
1.4335239560647985
1.4333321710965854
1.4331257355508444
1.4329047151199434
1.4326691752479441
1.4324191811302476
1.4321547977132598
1.4318760896940803
1.4315831215202095
1.4312759573892788
1.4309546612488007
1.4306192967959366
1.4302699274772885
1.42990648265845
1.4295287565642403
1.4291371966479152
1.4287318655504666
1.4283128256611597
1.4278801391174247
1.4274338678047696
1.426974073356706
1.4265008171546978
1.4260141603281233
1.4255141637542554
1.4250008880582583
1.4244743936132007
1.4239347405400848
1.423381988707892
1.422816197733643
1.422237426982474
1.4216457355677277
1.4210411823510596
1.4204238259425583
1.4197937247008812
1.4191504466925573
1.4184941310872543
1.4178252303697623
1.4171438020838076
1.4164499035220113
1.4157435917260988
1.415024923487124
1.4142939553457052
1.413550743592275
1.4127953442673395
1.4120278131617527
1.4112482058170017
1.4104565775255014
1.4096529833309044
1.4088372412483974
1.4080087722543055
1.4071684896306875
1.4063164476112437
1.4054527001819894
1.4045773010816252
1.4036903038019133
1.4027917615880678
1.4018817274391508
1.400960254108483
1.4000273941040582
1.3990831996889719
1.398127207307218
1.3971592354019948
1.396180075075371
1.395189777790223
1.3941883947661264
1.3931759769798324
1.3921525751657506
1.3911182398164417
1.3900730211831156
1.3890169692761398
1.387950034317953
1.386871081103624
1.3857814354918467
1.3846811467038478
1.3835702637219658
1.3824488352901991
1.3813169099147606
1.380174535864639
1.3790217611721647
1.377858633633586
1.3766841293004162
1.3754989503343185
1.3743035543522442
1.3730979883748324
1.3718822991888908
1.370656533348002
1.369420737173137
1.3681749567532722
1.3669190867562444
1.3656519069203303
1.3643748747694668
1.3630880356289319
1.3617914345944584
1.3604851165328813
1.359169126082787
1.3578435076551671
1.3565082573111018
1.3551618756773243
1.3538059941518552
1.3524406563950075
1.3510659058421188
1.3496817857042285
1.3482883389687599
1.346885608400206
1.3454729384745494
1.3440500652999858
1.3426180325955204
1.3411768823889332
1.3397266564878318
1.338267396480357
1.336799143735889
1.3353216560813062
1.3338337859962786
1.3323370442673208
1.3308314715397145
1.3293171082428439
1.3277939945909174
1.3262621705836934
1.3247212720743506
1.3231703447083858
1.321610824921634
1.3200427520028908
1.31846616502945
1.3168811028678415
1.3152876041745716
1.3136846861206892
1.3120725869269998
1.3104521660315867
1.3088234613935688
1.3071865107650609
1.30554135169192
1.3038878022811133
1.3022244596907506
1.300553020917427
1.2988735228212405
1.297186002059101
1.2954904950854884
1.2937870381532106
1.2920739796215768
1.2903528220127256
1.2886238237065537
1.2868870202843152
1.2851424471287063
1.2833901394246277
1.2816285199106552
1.2798589119546646
1.2780816762327534
1.276296847270343
1.2745044593982053
1.2727045467532265
1.2708952931072282
1.2690784732514513
1.26725423296866
1.2654226057484872
1.2635836248898489
1.2617369253400992
1.2598813537520182
1.2580185309246905
1.2561484895197106
1.254271262011136
1.2523868806862573
1.2504941931442486
1.2485936010600982
1.2466859551997058
1.2447712872254655
1.242849628616195
1.2409208007567238
1.2389832374402867
1.2370387816454307
1.235087464236142
1.233129315896026
1.231164367129072
1.2291911692088249
1.2272106830194502
1.225223492279851
1.2232296268917207
1.2212291165803317
1.2192210615316377
1.2172053097358364
1.2151830070741916
1.2131541826798087
1.2111188655125638
1.2090765165494914
1.2070262494140391
1.2049695817728605
1.2029065420038054
1.2008371583146773
1.1987610743374089
1.1966770278393803
1.1945867279271594
1.1924902022366661
1.190387478236948
1.18827821386971
1.1861611099288905
1.1840378964525655
1.1819086003480306
1.1797732483588692
1.1776313539894825
1.1754819007013069
1.1733264785991986
1.1711651138751018
1.1689978325603934
1.166823854381337
1.1646427462501103
1.1624558069250848
1.160263061896082
1.1580645364954847
1.1558590165463942
1.1536469347185583
1.1514291562711865
1.149205706005154
1.146976608567002
1.1447400847785127
1.142497697275745
1.1402497447372493
1.1379962512880633
1.1357368251905904
1.1334702471408329
1.1311982090927775
1.1289207346575645
1.1266378472974308
1.124348348988242
1.12205263644178
1.1197515903182231
1.1174452335758231
1.1151335270802945
1.112814545373079
1.1104903312097285
1.1081609070520466
1.1058262952182896
1.1034854359439987
1.1011384518183516
1.0987863566655847
1.0964291723173074
1.0940667899299554
1.091697428426388
1.0893230532297986
1.086943685692603
1.084559347028943
1.0821687193613332
1.0797724496809207
1.0773712829132034
1.0749652398028047
1.0725537652446875
1.0701359813266467
1.0677133939969612
1.0652860235380928
1.0628538900994122
1.0604150660942455
1.057971431658417
1.055523105760431
1.053070108097032
1.0506111047780953
1.0481467915560678
1.0456778770161332
1.0432043804096605
1.0407254812865643
1.0382408525389575
1.0357517111184955
1.0332580758383756
1.0307595628881694
1.028254976892519
1.0257459653933203
1.023232546772752
1.0207147004569292
1.0181905105835996
1.0156619809236025
1.0131291294352052
1.0105919739551548
1.0080487835045995
1.005501082793316
1.0029491441244138
1.000392984919905
0.9978311097166686
0.9952645803302358
0.99269389545777
0.9901190721135306
0.9875387876919004
0.984953767347746
0.9823646726127954
0.9797715201004825
0.9771731005544767
0.9745699223855825
0.9719627495674762
0.969351598319641
0.9667353163207054
0.9641143089494582
0.9614893853394746
0.9588605613231054
0.9562266881379167
0.9535881757495311
0.9509458242241656
0.9482996490138005
0.945648454522169
0.9429927569376745
0.9403332960314678
0.9376700868818649
0.9350018395947293
0.932329272343511
0.9296530163214292
0.9269730862397851
0.9242880533172947
0.921598927709178
0.9189061866385354
0.9162098444562442
0.9135082917259221
0.910802914922793
0.9080939947447079
0.9053815451886542
0.9026637371636345
0.8999424122505923
0.8972176148509736
0.8944891162737683
0.8917555585116874
0.8890185845677192
0.8862782078477731
0.8835338919599836
0.8807849114194609
0.8780325835876338
0.8752769215338894
0.8725170494332902
0.8697529385329672
0.8669855480901366
0.8642148908439828
0.861439722381388
0.8586607697219492
0.8558786041479745
0.8530932380747085
0.8503030318724936
0.8475095223055598
0.8447128653520292
0.8419127770709319
0.8391080865800788
0.8363003012766069
0.8334894330350654
0.8306747353722246
0.8278559830061664
0.8250341995243506
0.8222093964940321
0.8193803448868747
0.8165478057031765
0.8137122980558531
0.8108738184884787
0.8080306819367076
0.8051846274943105
0.8023356662158607
0.7994832558643221
0.7966268112666769
0.7937675096924768
0.7909053619052346
0.7880392731547876
0.7851697862628196
0.7822975023177405
0.7794224317978998
0.7765429159235906
0.7736606491687417
0.7707756443133165
0.7678873160805954
0.7649952187417837
0.7621004313006342
0.7592029637600851
0.7563016247791233
0.7533972054017973
0.7504901532608209
0.7475802785158868
0.7446663767667908
0.7417498891300236
0.7388308251498472
0.735908353087605
0.7329825779962508
0.730054272797928
0.7271234467771014
0.7241886240789241
0.721251224211447
0.7183113491317149
0.7153684292219855
0.7124220802073989
0.7094733011563151
0.7065221009205375
0.7035672392756854
0.7006097003351875
0.6976497847820332
0.6946870976124633
0.6917209418736351
0.6887524536753555
0.6857816414528464
0.6828074187311368
0.6798304995902258
0.6768512999967461
0.6738695216543839
0.670884312318185
0.6678968656977106
0.6649071898274355
0.6619142794854501
0.6589187252476719
0.6559209843687284
0.6529207865856407
0.6499172632204199
0.6469115954345738
0.6439037908774269
0.6408928621041516
0.6378794046139765
0.634863852034986
0.6318459023339
0.6288247914570824
0.625801626800923
0.6227764156449559
0.619748133507422
0.6167174918542958
0.6136848444941063
0.6106498063340453
0.6076118219138372
0.6045718722212001
0.6015299641810097
0.5984849897699047
0.595437870786473
0.5923888333944441
0.5893373663163171
0.5862832102676344
0.5832271754059226
0.5801692683163112
0.57710825889153
0.5740453576461617
0.5709806232935699
0.56791338306569
0.5648437457404326
0.561772314099787
0.5586989474097644
0.5556227035399414
0.5525447038236818
0.5494649543895862
0.5463825931530965
0.5432981538249098
0.5402120028018952
0.5371237749766636
0.5340330237651596
0.5309405985732636
0.5278465052249787
0.5247496716391538
0.5216510989828275
0.5185508954587876
0.5154484538055308
0.5123438596871853
0.5092376716953749
0.5061297250176244
0.5030192347511245
0.49990718731678385
0.49679358813101937
0.4936775766782477
0.49055979415729006
0.487440496192906
0.48431923644149016
0.4811958425338696
0.4780709692161229
0.4749445635135379
0.4718156812765672
0.46868535539379036
0.46555359090200266
0.46241965775876825
0.45928400147561416
0.45614694197783096
0.45300811792736706
0.44986725279800743
0.4467250195931415
0.4435814063328407
0.4404354533141181
0.4372881671093863
0.4341395524032857
0.4309889456237624
0.4278367265477708
0.4246832135172391
0.42152807100326384
0.41837103861904373
0.415212746591014
0.4120531694352013
0.4088914427532057
0.40572849050759024
0.40256431705784107
0.3993982771291214
0.3962307829117415
0.3930621012546231
0.38989187870404984
0.3867199602395231
0.3835468878824568
0.3803725832430846
0.3771963577476728
0.37401901169521085
0.37084054914659464
0.36766030954292794
0.3644788063095408
0.3612962196262003
0.3581121486112634
0.35492660423408584
0.35174000925462084
0.348552206847047
0.3453627368985896
0.3421722490023964
0.33898074694693087
0.3357875346829381
0.3325932688028644
0.3293980211549451
0.32620132694612797
0.3230033975810895
0.3198045186595369
0.3166044420551599
0.31340296328272405
0.3102005669903696
0.30699720741385694
0.3037922929027924
0.3005864927390127
0.29737981039644995
0.2941717125144058
0.2909626215876231
0.2877526801195172
0.2845415472974188
0.281329278337567
0.2781161903172951
0.2749021215670091
0.27168678693797077
0.2684706645781495
0.26525375774771287
0.26203547051421167
0.25881642567909
0.2555966274987362
0.252375651396353
0.24915379561417456
0.2459312174735903
0.2427076511475124
0.2394830956228509
0.23625784859329588
0.23303179059217743
0.22980464621824423
0.22657684106484816
0.22334837815251457
0.22011876721539636
0.2168885144094283
0.21365763439830607
0.21042577775944493
0.20719318749055815
0.20396000045478516
0.20072599635375515
0.1974911785422112
0.19425579429172274
0.19101974088800697
0.18778280519687457
0.18454533328959372
0.18130732798849658
0.17806838451356616
0.17482893426756885
0.17158898071116457
0.16834823300580762
0.16510691351147305
0.16186512069744302
0.15862266666955957
0.15537958680169653
0.15213606351729939
0.14889200101111344
0.14564726944107192
0.14240212427524468
0.13915655107494737
0.13591027628271282
0.1326636176381574
0.129416577776278
0.1261689217578216
0.12292085786307182
0.11967244239427652
0.11642351990346067
0.11317415882493874
0.10992447575070358
0.106674384390296
0.10342383404435426
0.10017299122119039
0.09692182855031714
0.0936701967152645
0.09041830186673992
0.08716614653236535
0.08391355973264218
0.08066072046139224
0.07740765009957144
0.07415423572014287
0.0709005595198719
0.06764668158184133
0.06439253705774127
0.06113813132521449
0.05788355317035333
0.054628775909344604
0.051373747956370265
0.048118576864180584
0.044863264250394656
0.041607721315801476
0.0383520644978812
0.035096296247510136
0.03184036315705734
0.028584327769068576
0.025328210174777578
0.022071985112345007
0.018815678265973232
0.015559318424444172
0.012302898720085022
0.009046427495001102
0.00578993247596931
0.002533415452464078
-0.0007231130917236344
-0.003979636233514743
-0.007236151539842003
-0.010492632068809377
-0.01374907628165603
-0.01700548346094573
-0.020261818010058715
-0.023518076233342695
-0.026774268217627063
-0.030030359460922824
-0.033286324613157864
-0.0365421943085339
-0.0397979449109621
-0.04305350987783863
-0.04630895015250812
-0.04956426276629391
-0.05281932038872026
-0.05607422406103142
-0.05932897131721589
-0.0625834443841789
-0.06583770421066137
-0.06909177832271117
-0.07234556995206541
-0.07559907861546239
-0.07885237223132532
-0.0821053850021266
-0.08535803509941559
-0.0886104407761927
-0.09186257723840886
-0.09511426126882011
-0.0983656714607808
-0.10161680527673374
-0.10486744448467965
-0.10811775153126507
-0.11136775271191847
-0.11461727183506343
-0.11786636794888032
-0.12111512864960078
-0.12436343010745252
-0.12761120736225562
-0.13085861959445608
-0.13410560576106034
-0.13735195607972603
-0.14059791169883235
-0.14384346996895664
-0.14708830004161316
-0.1503326907350146
-0.15357665429875675
-0.1568199247924818
-0.16006264206747076
-0.16330490235232603
-0.16654651545336827
-0.1697874506250618
-0.17302789886121694
-0.17626775669397043
-0.17950680087321771
-0.18274532808145028
-0.18598333270480943
-0.18922037678608006
-0.19245687376563825
-0.19569282080116576
-0.19892786181861064
-0.20216221913507457
-0.2053959962338531
-0.20862893887865433
-0.21186104685177934
-0.2150925442258811
-0.21832329029896597
-0.2215530389905033
-0.2247821465888124
-0.22801059780919233
-0.23123787701069143
-0.2344644845066929
-0.23769041725210463
-0.24091524172839454
-0.24413923850794053
-0.2473625297493757
-0.2505848132881362
-0.25380608843718855
-0.257026627129965
-0.26024627113473253
-0.26346471342708006
-0.2666823882091035
-0.2698992922507596
-0.2731147918700016
-0.27632949104944676
-0.2795433882340158
-0.2827560013897715
-0.28596761293273204
-0.28917839107773435
-0.2923880188132663
-0.2955964303313768
-0.29880397689459015
-0.30201052014198676
-0.3052156188800176
-0.3084198209470557
-0.31162312283633703
-0.31482485334698784
-0.31802559761884935
-0.3212254097634284
-0.32442380760573253
-0.3276209803863175
-0.3308171889180853
-0.33401215460615746
-0.33720564178975143
-0.3403981324256304
-0.3435895663459083
-0.3467792534046344
-0.34996791143401546
-0.35315553660799226
-0.35634148581282193
-0.35952619608496167
-0.3627098407532036
-0.36589200857364695
-0.36907265548503315
-0.37225220384825697
-0.375430490194953
-0.378606957676632
-0.38178229346468334
-0.3849564934568767
-0.38812876960892095
-0.3912997760680437
-0.3944696132927668
-0.3976377571086627
-0.4008043169887324
-0.40396967398146316
-0.4071335848509843
-0.4102955803927028
-0.41345633917424707
-0.41661585679100177
-0.419773229252106
-0.4229292713157303
-0.42608403802209704
-0.42923692531584773
-0.4323881316143704
-0.4355380281299035
-0.43868632908006083
-0.44183258001290276
-0.4449774864981885
-0.44812104380229406
-0.451262275158676
-0.45440207120231657
-0.45754048305364864
-0.4606768743739045
-0.463811438979457
-0.46694458412918644
-0.47007603362583056
-0.47320524519870283
-0.4763330017942035
-0.47945929832263445
-0.4825831438310845
-0.4857053894027594
-0.4888261390119273
-0.49194478741949776
-0.4950613988675574
-0.4981764781858888
-0.5012898270485336
-0.5044006806297249
-0.5075099656364567
-0.5106176765954206
-0.5137228836284952
-0.5168262496403299
-0.5199280047580246
-0.5230276552707861
-0.5261249769285009
-0.5292206505542334
-0.5323146414006827
-0.5354057926556851
-0.5384952584435798
-0.54158303287941
-0.5446683403696451
-0.5477514712651227
-0.5508328729435708
-0.5539122619804094
-0.5569889302066161
-0.5600638310393651
-0.5631369582861874
-0.5662072747735694
-0.5692755459304984
-0.5723420048750029
-0.5754061427581997
-0.5784676546536767
-0.5815273153844246
-0.5845851184360171
-0.5876397924873976
-0.5906925243177111
-0.5937433590460172
-0.5967915929206246
-0.5998372643747425
-0.602880998963681
-0.6059226876213532
-0.6089611664205322
-0.6119976682450012
-0.6150321860988
-0.6180638594536224
-0.6210929950655145
-0.6241201060972772
-0.6271449705743609
-0.6301666056885242
-0.633186175251982
-0.6362036719110561
-0.6392181244332057
-0.6422300170248058
-0.6452397952204111
-0.6482471736425962
-0.6512512528873161
-0.6542531758683762
-0.6572529348592042
-0.6602495022885665
-0.6632434324120765
-0.6662351561352743
-0.6692243826227895
-0.6722101813394827
-0.6751937308546075
-0.67817502305329
-0.681153037036921
-0.6841282724765841
-0.687101207234475
-0.6900716117564658
-0.6930383923118474
-0.6960028284136404
-0.6989649115430251
-0.7019236994895135
-0.7048794947575604
-0.7078328926953654
-0.7107838009242542
-0.7137308122039259
-0.7166753813735323
-0.7196174994944231
-0.722556384428248
-0.7254919802549146
-0.7284250796447896
-0.7313556734070346
-0.7342822897067057
-0.7372062243402188
-0.7401276073365697
-0.7430459077524961
-0.7459605305700061
-0.7488725552938071
-0.7517819722875384
-0.7546875929313628
-0.7575901108201463
-0.7604899738781477
-0.7633870035956968
-0.7662798650161351
-0.7691700240420483
-0.7720574705750209
-0.7749414065075689
-0.7778217103124215
-0.7806992533934136
-0.783574025374895
-0.7864446176984611
-0.7893121045514344
-0.7921767713931234
-0.7950383286511564
-0.797895605370259
-0.8007500126774153
-0.8036015397081706
-0.8064493345631595
-0.8092933267890904
-0.8121343886336044
-0.8149725089391311
-0.817806288631581
-0.8206367280703204
-0.8234641751467322
-0.826288470415721
-0.8291081290393655
-0.8319247439620746
-0.834738303510052
-0.8375481598187445
-0.8403537824508533
-0.8431562976273025
-0.8459556933648956
-0.8487508548849946
-0.8515421637928654
-0.8543303004243656
-0.8571152524807706
-0.8598954621989293
-0.8626721760343409
-0.8654456516861736
-0.8682157501575382
-0.8709808762331901
-0.8737427099645015
-0.8765012384978539
-0.8792559541276938
-0.8820059791258199
-0.884752643969582
-0.8874959354729837
-0.8902350079968866
-0.8929696404560391
-0.8957008438081062
-0.8984286045283717
-0.9011517724288037
-0.90387071701859
-0.906586162384741
-0.9092980946574247
-0.9120050951452798
-0.914708052596661
-0.9174074395227332
-0.9201032417020898
-0.9227938106982982
-0.9254804777334065
-0.9281635017349421
-0.9308428681234104
-0.9335167402406086
-0.9361868095020827
-0.9388531619934989
-0.9415157547662599
-0.9441726912949695
-0.9468258512748124
-0.9494752194980937
-0.9521206701226871
-0.954760457522042
-0.9573963924900137
-0.9600284594429388
-0.9626564989541397
-0.9652788184869604
-0.9678972084185017
-0.9705116527824097
-0.9731220108401138
-0.9757265394246014
-0.9783270599283103
-0.9809235559954127
-0.9835159608666727
-0.9861023710035949
-0.9886846932482505
-0.9912629108485026
-0.9938370069362916
-0.996405049089093
-0.9989688397302492
-1.0015284441577856
-1.0040838450983502
-1.0066332945043504
-1.0091782156105014
-1.0117188675496511
-1.01425523263619
-1.0167858127911458
-1.0193115217694786
-1.0218328772203706
-1.0243498610389368
-1.0268612939690938
-1.0293674434908426
-1.031869153694614
-1.0343664060491782
-1.0368584122938933
-1.039344650219304
-1.041826361582928
-1.044303527420067
-1.0467758260145603
-1.0492417953174895
-1.0517031493382338
-1.054159868671459
-1.0566119337824083
-1.0590575158218642
-1.061498149011405
-1.0639340568451408
-1.0663652193382491
-1.0687904321977757
-1.0712099760059763
-1.0736247022592194
-1.0760345905153337
-1.0784391480936837
-1.0808372288320642
-1.083230398261734
-1.0856186354758455
-1.0880019194307633
-1.0903784888595622
-1.092749720983568
-1.0951159250877684
-1.097477079654216
-1.099832320070682
-1.1021812290907318
-1.104525012676919
-1.1068636488295573
-1.1091971154069256
-1.1115234635361044
-1.1138444337784565
-1.1161601570501034
-1.1184706107178166
-1.1207749473107216
-1.1230727058879697
-1.1253651162917844
-1.1276521553899173
-1.1299337999027517
-1.132208328212225
-1.134477020163732
-1.1367402374104032
-1.1389979561637196
-1.1412497814196803
-1.14349434365866
-1.1457333260718578
-1.147966704354265
-1.1501944540480935
-1.1524155429031477
-1.1546298717224635
-1.1568384890197068
-1.159041369810621
-1.161238488955075
-1.1634283055162478
-1.1656117354328444
-1.167789319139362
-1.1699610309591726
-1.1721268450566569
-1.1742848493443738
-1.1764367018008561
-1.1785825703121562
-1.1807224284960904
-1.1828562167336498
-1.1849818977119464
-1.1871014808437743
-1.189214939192689
-1.1913222456577122
-1.1934232666911098
-1.1955161162071468
-1.1976027246096264
-1.1996830642331962
-1.2017571072448083
-1.2038248096309145
-1.205884111707501
-1.2079370262027815
-1.209983524709201
-1.2120235786483318
-1.2140571592701184
-1.2160824314072731
-1.2181009188115814
-1.2201128397474288
-1.222118164877687
-1.2241168646904104
-1.2261075618476933
-1.228090874739047
-1.2300674673570582
-1.232037309592571
-1.2340003711584195
-1.2359559279511232
-1.2379033044377876
-1.2398438034654333
-1.241777394139563
-1.243704045384472
-1.2456237259424856
-1.247534555550303
-1.2494381809594584
-1.2513347365946688
-1.2532241905784096
-1.255106510847991
-1.2569809119559465
-1.2588468687339556
-1.2607055908131588
-1.262557045500973
-1.2644011999164633
-1.2662380209895716
-1.2680660707483808
-1.2698861454880725
-1.271698783524182
-1.273503951144372
-1.2753016144440055
-1.277091739325382
-1.2788725232188953
-1.28064551170225
-1.282410855986598
-1.2841685213196765
-1.2859184727529986
-1.2876606751410948
-1.2893932698546149
-1.2911179384421763
-1.292834749741838
-1.2945436679414217
-1.2962446570286343
-1.2979376807903056
-1.2996211541542668
-1.3012962392625995
-1.302963248299163
-1.3046221443721087
-1.3062728903856171
-1.3079154490391451
-1.3095488599806189
-1.3111730675684785
-1.312788974505819
-1.3143965428016504
-1.3159957342572104
-1.317586510465218
-1.3191688328091289
-1.3207409140325834
-1.3223043879752583
-1.3238592916865393
-1.325405585845664
-1.3269432309196203
-1.3284721871624143
-1.329992104078447
-1.331501782582462
-1.3330026532578771
-1.3344946756432985
-1.335977809061432
-1.337452012618362
-1.338917245202834
-1.3403732840360354
-1.3418187211080774
-1.3432550650341901
-1.3446822739747555
-1.3461003058699914
-1.34750911843925
-1.3489086691803196
-1.350298915368733
-1.3516786439871058
-1.3530484828791005
-1.3544088912997567
-1.355759825781804
-1.3571012426330131
-1.3584330979355257
-1.3597553475451836
-1.3610679470908649
-1.3623694188149358
-1.3636609837915186
-1.3649427689757692
-1.3662147292401834
-1.3674768192277436
-1.3687289933512798
-1.3699712057928326
-1.3712034105030253
-1.372424654027007
-1.3736351812002636
-1.374835567044917
-1.3760257647426473
-1.3772057272413465
-1.378375407254521
-1.379534757260697
-1.380683729502833
-1.3818222759877359
-1.3829493849033139
-1.3840655054821056
-1.3851710622402114
-1.3862660064025394
-1.3873502889557208
-1.3884238606475627
-1.3894866719865104
-1.3905386732411162
-1.3915798144395126
-1.3926100453688965
-1.3936280919636643
-1.3946350354459616
-1.3956309255178687
-1.3966157111721904
-1.3975893411589895
-1.3985517639851164
-1.3995029279137419
-1.4004427809639028
-1.4013712709100543
-1.402288345281629
-1.4031939339545663
-1.4040868329420682
-1.4049681680764903
-1.4058378860830267
-1.406695933440431
-1.4075422563806301
-1.408376800888349
-1.4091995127007448
-1.410010337307052
-1.410809219948238
-1.4115961056166688
-1.4123709390557866
-1.4131336647597978
-1.41388394213775
-1.414621281709621
-1.4153463584032038
-1.4160591158999638
-1.4167594976313251
-1.4174474467784235
-1.4181229062718725
-1.4187858187915452
-1.419436126766365
-1.4200737723741121
-1.4206986975412417
-1.4213108439427187
-1.421910153001862
-1.4224965658902076
-1.4230700235273808
-1.4236304665809894
-1.424177820823
-1.4247113098396476
-1.4252316205570361
-1.4257386928285691
-1.426232466255778
-1.426712880188298
-1.4271798737238577
-1.4276333857082866
-1.4280733547355386
-1.4284997191477329
-1.4289124170352112
-1.4293113862366138
-1.4296965643389719
-1.4300678886778184
-1.4304252963373187
-1.4307687241504172
-1.4310981086990036
-1.4314133863141008
-1.4317144930760684
-1.4320013648148286
-1.432273937110111
-1.4325321452917181
-1.4327759244398115
-1.433005209385218
-1.4332199347097585
-1.433420034746598
-1.4336054435806163
-1.4337760950488019
-1.4339319227406686
-1.4340728599986938
-1.4341988399187815
-1.4343097953507469
-1.4344056588988263
-1.4344863629222102
-1.4345518395356016
-1.4346020206097982
-1.4346368377723007
-1.434656222407945
-1.4346601056595631
-1.4346484184286663
-1.4346210913761586
-1.4345780549230738
-1.4345192392513424
-1.4344445743045853
-1.4343539897889337
-1.4342474151738809
-1.4341247796931587
-1.4339860123456456
-1.4338310418963045
-1.4336597968771485
-1.433472205588238
-1.433268196098708
-1.4330476962478274
-1.4328106336460877
-1.4325569356763257
-1.4322865294948766
-1.43199934203276
-1.4316952999968997
-1.4313743298713766
-1.4310363579187142
-1.4306813101811995
-1.4303091124822382
-1.4299196904277445
-1.4295129694075672
-1.4290888745969503
-1.4286473309580312
-1.4281882632413745
-1.4277115959875444
-1.4272172535287118
-1.4267051599903031
-1.4261752392926852
-1.425627415152888
-1.4250616110863705
-1.4244777504088215
-1.4238753023171744
-1.423254130406923
-1.4226146399210249
-1.421956753200499
-1.4212803923969608
-1.4205854794747
-1.4198719362128018
-1.4191396842073125
-1.4183886448734504
-1.417618739447858
-1.4168298889909032
-1.4160220143890239
-1.4151950363571189
-1.4143488754409859
-1.413483150423417
-1.4125969830740628
-1.4116913599062821
-1.4107662006329091
-1.409821424811752
-1.408856951848348
-1.4078727009987777
-1.406868591372524
-1.4058445419353862
-1.4048004715124416
-1.4037362987910635
-1.4026510959214582
-1.4015447039285807
-1.400417929180282
-1.3992706896769997
-1.39810290329892
-1.3969144878093582
-1.3957053608581933
-1.3944754399853572
-1.3932246426243835
-1.3919517003902782
-1.3906568128054986
-1.3893407630469614
-1.3880034680074038
-1.386644844493725
-1.3852648092309277
-1.3838632788661214
-1.3824401699725908
-1.3809934510518616
-1.37952454865304
-1.3780337782864773
-1.3765210561371228
-1.374986298339677
-1.3734294209830844
-1.3718503401150892
-1.370246599968835
-1.3686202047816534
-1.3669713141582427
-1.3652998439109936
-1.3636057098375378
-1.361888827725751
-1.3601473772046042
-1.3583818531930587
-1.3565932877534685
-1.3547815965859573
-1.3529466954099594
-1.3510884999697017
-1.3492044450423397
-1.347296270758416
-1.3453645081332783
-1.3434090729857948
-1.3414298811914498
-1.3394255380780455
-1.337395234857553
-1.335340880921237
-1.3332623923688316
-1.3311596853909453
-1.3290315267362716
-1.3268765733863923
-1.3246971082129892
-1.3224930477921588
-1.3202643088276542
-1.318008781262357
-1.3157266612764296
-1.3134195707352923
-1.3110874269014317
-1.3087301285126691
-1.3063436800113788
-1.303931887819372
-1.3014946699091565
-1.2990319444546197
-1.2965408015875173
-1.2940226443994531
-1.2914786920976355
-1.2889088637620445
-1.2863106855629738
-1.2836845114448223
-1.2810321765944102
-1.2783536011683372
-1.2756460284306779
-1.2729102002767199
-1.270147850337617
-1.2673589000260475
-1.264539579060108
-1.2616924782051153
-1.2588184999084424
-1.2559169740959135
-1.2529841550520566
-1.2500241850816027
-1.2470369882826482
-1.2440195743294873
-1.2409726600213062
-1.2378982507826213
-1.2347954577464522
-1.2316606590011214
-1.2284981018189474
-1.225307713634024
-1.2220849514645924
-1.2188333254710042
-1.2155536117025296
-1.2122423476219613
-1.208900748264012
-1.2055308100517859
-1.202129704272235
-1.1986972450524847
-1.1952362020997214
-1.1917439308507414
-1.188219745128934
-1.1846667375203388
-1.1810819957016092
-1.1774652385570445
-1.1738194286373937
-1.1701409325738112
-1.1664307827277292
-1.1626913570401964
-1.1589178473385962
-1.1551135091356588
-1.1512795783307133
-1.147409924925218
-1.1435106303729214
-1.1395795854441784
-1.135614436470974
-1.131619447335519
-1.1275901075723869
-1.1235287466804775
-1.1194366720191358
-1.1153085770632607
-1.111150321388117
-1.1069579993575216
-1.1027325329122302
-1.098476097327583
-1.0941830874768907
-1.0898596286597446
-1.0855011063125486
-1.08110967284998
-1.076685737109581
-1.07222602956854
-1.0677356204553907
-1.0632078891160988
-1.058648825161738
-1.0540544719703149
-1.0494264905953987
-1.0447650303674645
-1.0400678851767229
-1.0353388499066778
-1.0305723113511567
-1.025774707817291
-1.0209391072211313
-1.016071834985997
-1.0111676481968204
-1.0062305215273235
-1.0012573486640384
-0.9962502009644594
-0.9912076636673954
-0.9861303481644064
-0.9810180906067644
-0.9758704810375711
-0.970688170944932
-0.9654701622476888
-0.9602174919242319
-0.9549290009297617
-0.949605688289823
-0.944246654413668
-0.9388524440171129
-0.9334228299509084
-0.927957494040792
-0.9224572864418502
-0.9169206259827233
-0.9113498361607496
-0.9057416818758793
-0.9001003464756427
-0.8944205598813921
-0.8887083126352908
-0.88295721599562
-0.8771731139148368
-0.8713516657441006
-0.8654956526883736
-0.8596039858590702
-0.8536760401536908
-0.8477143159371648
-0.8417144513704895
-0.8356816868298714
-0.8296111268806505
-0.8235064621107385
-0.817366374299401
-0.8111899173480611
-0.8049804583248932
-0.7987324677173616
-0.7924513840942958
-0.7861345994623762
-0.779782099909889
-0.7733966293580703
-0.7669732058058876
-0.7605166457822065
-0.7540253765969323
-0.7474980423564972
-0.7409379108271188
-0.7343416134185781
-0.7277112022284592
-0.72104814561966
-0.7143479678812321
-0.7076152321355513
-0.7008492049027283
-0.6940472877722895
-0.6872131453733474
-0.6803454371013418
-0.6734428949102567
-0.6665084337306301
-0.659540562575346
-0.6525385963105145
-0.6455050782144167
-0.6384387072486902
-0.6313386940932749
-0.6242075584740603
-0.6170444974814789
-0.6098479940204568
-0.6026208608120486
-0.5953630676770061
-0.5880718125509926
-0.5807504846722301
-0.5733992464821126
-0.5660159823079799
-0.5586024475006222
-0.5511596468779458
-0.543686855856176
-0.5361832878794464
-0.5286511641896061
-0.5210907000921841
-0.5135000668418458
-0.505881046107101
-0.49823448355127037
-0.4905603672826614
-0.4828570617229616
-0.4751270784420781
-0.46737068585510544
-0.45958749821682693
-0.451776956413505
-0.44394095683705326
-0.43607979792465185
-0.42819309955734086
-0.42028060126457845
-0.41234398103654163
-0.40438356673261106
-0.39639928132475205
-0.38839054818492913
-0.3803591419236703
-0.37230541894906016
-0.3642297427852965
-0.35613100358628047
-0.3480110706232487
-0.33987040619111397
-0.33170940088646766
-0.3235277669858245
-0.31532597324495687
-0.30710513591006294
-0.2988656711555229
-0.2906080014358154
-0.282331551347224
-0.2740376880521341
-0.26572700539894795
-0.2573999491735305
-0.24905690840884886
-0.24069751783710452
-0.23232320308448243
-0.2239344311897872
-0.2155316742850692
-0.20711534521157848
-0.19868529732402243
-0.19024278512483256
-0.1817882990609666
-0.17332233387845672
-0.16484538845152788
-0.15635742079786208
-0.14785951470345204
-0.1393522200509675
-0.13083605005792867
-0.12231152117978444
-0.11377888379556522
-0.10523884105208064
-0.09669207623345347
-0.08813911654454265
-0.0795804914757143
-0.07101666881678574
-0.0624480965391114
-0.053875527518207594
-0.045299498199507716
-0.03672054631709844
-0.028139210687188693
-0.019555978319585065
-0.010971487436851064
-0.002386301344344264
0.006199068020982894
0.014784437386307733
0.023369806751632576
0.031955176116959735
0.04054054548228458
0.04912591484760941
0.05771128421293657
0.06629665357826141
0.07488202294358626
0.08346739230891109
0.09205276167423826
0.1006381310395631
0.10922350040488793
0.1178088697702151
0.12639423913553993
0.13497960850086477
0.14356497786619193
0.15215034723151677
0.1607357165968416
0.16932108596216644
0.1779064553274936
0.18649182469281844
0.1950771940581433
0.20366256342347044
0.21224793278879528
0.22083330215412014
0.22941867151944728
0.23800404088477212
0.24658941025009695
0.2551747796154241
0.26376014898074895
0.2723455183460738
0.2809308877113986
0.2895162570767258
0.2981016264420506
0.30668699580737546
0.31527236517270263
0.32385773453802746
0.3324431039033523
0.34102847326867947
0.3496138426340043
0.3581992119993292
0.366784581364654
0.37536995072998114
0.38395532009530603
0.39254068946063086
0.401126058825958
0.40971142819128287
0.4182967975566077
0.4268821669219348
0.4354675362872597
0.44405290565258454
0.4526382750179094
0.46122364438323654
0.4698090137485614
0.4783943831138862
0.4869797524792134
0.4955651218445382
0.504150491209863
0.5127358605751902
0.521321229940515
0.5299065993058398
0.538491968671167
0.5470773380364918
0.5556627074018167
0.5642480767671415
0.5728334461324687
0.5814188154977935
0.5900041848631183
0.5985895542284455
0.6071749235937703
0.6157602929590952
0.6243456623244223
0.6329310316897472
0.641516401055072
0.6501017704203969
0.658687139785724
0.6672725091510489
0.6758578785163737
0.6844432478817009
0.6930286172470257
0.7016139866123505
0.7101993559776777
0.7187847253430025
0.7273700947083274
0.7359554640736522
0.7445408334389794
0.7531262028043042
0.761711572169629
0.7702969415349562
0.778882310900281
0.7874676802656059
0.796053049630933
0.8046384189962579
0.8132237883615827
0.8218091577269099
0.8303945270922347
0.8389798964575595
0.8475652658228844
0.8561506351882116
0.8647360045535364
0.8733213739188612
0.8819067432841884
0.8904921126495132
0.8990774820148381
0.9076628513801652
0.9162482207454901
0.9248335901108149
0.9334189594761397
0.9420043288414669
0.9505896982067917
0.9591750675721166
0.9677604369374437
0.9763458063027686
0.9849311756680934
0.9935165450334206
1.0021019143987455
1.0106872837640704
1.0192726531293952
1.0278580224947222
1.036443391860047
1.045028761225372
1.0536141305906992
1.062199499956024
1.0707848693213489
1.079370238686676
1.0879556080520008
1.0965409774173256
1.1051263467826504
1.1137117161479777
1.1222970855133025
1.1308824548786274
1.1394678242439544
1.1480531936092793
1.156638562974604
1.1652239323399314
1.1738093017052562
