-0.37302687254495553
-0.370016771654217
-0.3670066707634784
-0.3639965698727399
-0.36098646898200126
-0.3579763680912627
-0.3549662672005242
-0.35195616630978566
-0.3489460654190471
-0.34593596452830855
-0.34292586363756994
-0.3399157627468314
-0.33690566185609283
-0.3338955609653543
-0.3308854600746157
-0.32787535918387717
-0.3248652582931386
-0.32185515740240006
-0.31884505651166145
-0.3158349556209229
-0.31282485473018434
-0.30981475383944584
-0.3068046529487073
-0.3037945520579687
-0.3007844511672301
-0.2977743502764916
-0.294764249385753
-0.29175414849501446
-0.2887440476042759
-0.28573394671353736
-0.2827238458227988
-0.27971374493206025
-0.27670364404132164
-0.2736935431505831
-0.27068344225984453
-0.267673341369106
-0.2646632404783674
-0.26165313958762887
-0.2586430386968903
-0.25563293780615176
-0.2526228369154132
-0.24961273602467465
-0.2466026351339361
-0.24359253424319754
-0.24058243335245896
-0.2375723324617204
-0.23456223157098183
-0.23155213068024327
-0.22854202978950472
-0.22553192889876617
-0.2225218280080276
-0.21951172711728906
-0.2165016262265505
-0.21349152533581192
-0.21048142444507337
-0.2074713235543348
-0.20446122266359626
-0.2014511217728577
-0.19844102088211915
-0.19543091999138057
-0.19242081910064202
-0.18941071820990346
-0.1864006173191649
-0.18339051642842633
-0.1803804155376878
-0.17737031464694925
-0.17436021375621066
-0.1713501128654721
-0.16834001197473356
-0.165329911083995
-0.16231981019325642
-0.15930970930251787
-0.15629960841177934
-0.15328950752104076
-0.1502794066303022
-0.14726930573956365
-0.14425920484882507
-0.1412491039580865
-0.13823900306734796
-0.1352289021766094
-0.13221880128587085
-0.1292087003951323
-0.12619859950439374
-0.12318849861365519
-0.12017839772291664
-0.11716829683217804
-0.11415819594143949
-0.11114809505070093
-0.10813799415996238
-0.10512789326922384
-0.10211779237848528
-0.09910769148774667
-0.09609759059700812
-0.09308748970626958
-0.09007738881553103
-0.08706728792479247
-0.08405718703405392
-0.08104708614331538
-0.07803698525257677
-0.07502688436183821
-0.07201678347109966
-0.06900668258036112
-0.06599658168962257
-0.06298648079888401
-0.059976379908145465
-0.05696627901740686
-0.05395617812666831
-0.050946077235929754
-0.04793597634519121
-0.04492587545445265
-0.041915774563714106
-0.03890567367297555
-0.03589557278223695
-0.0328854718914984
-0.02987537100075985
-0.026865270110021298
-0.023855169219282747
-0.020845068328544197
-0.017834967437805594
-0.014824866547067042
-0.011814765656328491
-0.00880466476558994
-0.005794563874851389
-0.0027844629841128387
0.0002256379066257119
0.0032357387973643162
0.00624582512770817
0.009255892114236523
0.012265929511132638
0.015275908875720098
0.01828583816267001
0.021295712585940506
0.02430549600329339
0.02731518378325253
0.03032478595577388
0.033334294221084936
0.03634363666625159
0.03935286274884559
0.042361967671317384
0.04537090444195898
0.04837965056309527
0.05138824474658853
0.05439668218406118
0.057404856909219024
0.060412836421361436
0.06342062838027064
0.06642818919174694
0.06943545004749795
0.07244249251751032
0.07544931176784175
0.07845579284341446
0.08146198174955589
0.08446791656135619
0.08747357187515044
0.09047880306945018
0.09348374926067951
0.09648840558044636
0.09949266329056296
0.10249651659420234
0.10550004906301863
0.10850325580437487
0.11150592508333497
0.1145082292979842
0.11751017675985402
0.1205116810235531
0.12351265247548106
0.12651323610128842
0.12951342695978166
0.13251302453237965
0.13551213964820646
0.13851083084891275
0.14150905113331083
0.14450659293951784
0.14750367962596864
0.1505003061939853
0.1534963012145302
0.15649167839251446
0.15948656416043372
0.16248095348188088
0.16547453192312814
0.1684675716849519
0.17146008361431328
0.1744519446463938
0.1774430330379488
0.18043356214020465
0.18342352684507549
0.1864126521164173
0.1894010927863179
0.19238893749506156
0.19537613242490046
0.1983623788785524
0.20134799772757278
0.2043329837832036
0.20731712332289198
0.21030041025787052
0.2132830326364408
0.21626498521852777
0.21924587735380804
0.22222602971326455
0.22520548038625787
0.2281841008167479
0.2311616766037783
0.2341385187205557
0.23711462183201487
0.2400896744040525
0.24306380109410938
0.24603715665542736
0.2490097236970081
0.25198102785799725
0.2549515286640968
0.2579212206761698
0.26088989882255104
0.2638574374243586
0.26682413485364564
0.2697899856062314
0.2727545819341678
0.2757181769674398
0.27868089278568947
0.28164266060392473
0.28460304516328927
0.2875625178523577
0.2905210730484017
0.29347843697168224
0.2964345580598532
0.29938972882711146
0.3023439435771856
0.3052967100188119
0.30824838747422906
0.3111990759044278
0.31414866967765
0.3170967446405386
0.32004379743891737
0.322989822243377
0.32593449528680435
0.32887780283152
0.3318200490500085
0.3347612280307459
0.3377007860152423
0.34063914356715164
0.34357640034840053
0.3465124401859196
0.34944679865988104
0.3523800226846209
0.3553121062007619
0.35824270642819045
0.3611717867963095
0.364099692763707
0.3670264181802394
0.369951383647332
0.37287500065942003
0.37579740300731684
0.37871850338913016
0.3816377196752817
0.3845556870237716
0.3874723991217513
0.39038753875821913
0.3933009588000706
0.39621308908368075
0.39912392319669754
0.402032906038152
0.4049403416457377
0.4078464463330352
0.4107512135849397
0.41365384322432136
0.4165551050519605
0.41945499444482115
0.4223532793196823
0.42524958444370903
0.4281444819533983
0.4310379651503618
0.4339295686541681
0.436819359834045
0.4397077012587459
0.44259458611826397
0.44547931083753706
0.4483623954226716
0.45124398772948954
0.45412401672247693
0.457001728956978
0.4598779130051086
0.4627525618583626
0.4656253821560035
0.4684960417831235
0.47136513002331887
0.47423263974750035
0.4770980528526584
0.47996146364812153
0.4828232594436682
0.48568343298628736
0.4885412399756536
0.4913972043234016
0.4942515096345784
0.49710413515181034
0.4999541500422387
0.5028024688971332
0.5056490842438719
0.5084937711302269
0.5113359848009649
0.5141764576513758
0.517015182075807
0.5198517302190444
0.5226859411086393
0.5255183659389171
0.5283489969678005
0.531177205790254
0.5340032108069701
0.5368273840598036
0.539649717666842
0.5424693861147982
0.5452869805989015
0.5481026971375587
0.5509165277055964
0.5537274542387144
0.5565364319246398
0.559343484995093
0.5621484713730471
0.5649505878589689
0.5677507408373735
0.570548922030308
0.5733448294828546
0.5761379591989874
0.5789290778786857
0.581718177091392
0.5845048027291081
0.5872887348838808
0.5900706079536665
0.5928504133518179
0.5956275537602242
0.5984020758153736
0.6011744902057251
0.6039447881850407
0.60671223941423
0.6094771370464362
0.6122398778911086
0.6150004530389012
0.617758010593217
0.6205130676556255
0.6232659182531299
0.6260165533097419
0.6287640121375103
0.6315090106211435
0.6342517523961146
0.6369922282162431
0.639729382699558
0.6424641026946155
0.64519651515907
0.6479266106729822
0.6506532546175494
0.6533774742745994
0.6560993349890849
0.6588188271637252
0.6615347537887657
0.6642482492798322
0.6669593338144724
0.6696679976144652
0.6723729995426793
0.6750755450222233
0.6777756269176584
0.6804732302059504
0.6831671045138047
0.6858584720796057
0.6885473228078328
0.6912336465475234
0.6939161745143178
0.6965961341682567
0.6992735230933735
0.7019483309468728
0.7046193084064517
0.7072876280151977
0.709953322354051
0.7126163808847209
0.7152755979746825
0.7179320432302925
0.7205858080130376
0.7232368815854551
0.7258841277977234
0.7285284621781491
0.7311700602087232
0.7338089109491182
0.7364439751203362
0.7390759598498537
0.7417051516663669
0.7443315394229764
0.746954209724982
0.7495736037345392
0.7521901475695895
0.7548038298729405
0.7574138938033252
0.7600204536908194
0.7626241054317368
0.7652248374548565
0.7678220818276144
0.7704155618181004
0.7730060749671241
0.7755936094856875
0.7781778204219529
0.780757972327792
0.7833350979621891
0.7859091853146071
0.7884801482334916
0.7910467214144438
0.7936102081465741
0.7961705961940316
0.7987278732539462
0.8012808371268245
0.8038304310641594
0.8063768651506097
0.8089201268530488
0.8114593392389755
0.8139947839440782
0.8165270068561987
0.8190559952081512
0.8215812391212591
0.8241022755717337
0.8266200274988553
0.8291344818975653
0.8316455396114353
0.8341519061598536
0.8366549246538688
0.8391545818467249
0.8416508644196378
0.8441426672196076
0.8466306871548671
0.8491152811992858
0.8515964357873727
0.8540735414318198
0.8565462949650292
0.8590155571883382
0.8614813142857035
0.8639435025183156
0.86640071904844
0.8688543780077729
0.8713044653258663
0.8737509668563364
0.8761929212416152
0.8786307026838304
0.8810648451113609
0.883495334118368
0.8859218541252475
0.8883434809468788
0.8907614005097645
0.8931755981447425
0.8955860591039633
0.8979916531034567
0.900393068924824
0.9027906934239458
0.9051845115845779
0.907574149908623
0.909958778168869
0.9123395448131152
0.9147164345528452
0.9170894320180841
0.9194574463355903
0.9218210674108986
0.9241807400999171
0.9265364487553133
0.9288879816732345
0.9312341664307426
0.9335763303920026
0.9359144576284433
0.9382485321272471
0.940577737074655
0.9429020975442466
0.9452223476533412
0.9475384711027931
0.9498504515076236
0.9521569234951557
0.9544589976297668
0.9567568702219826
0.9590505245954059
0.9613396798816243
0.9636232760165505
0.9659025947532321
0.9681776191199791
0.9704483320564662
0.9727140408074505
0.9749744994607764
0.9772305866037505
0.979482284875675
0.9817295768256232
0.9839714284814591
0.9862082679028686
0.9884406400070479
0.9906685270376275
0.992891911146415
0.9951094930850537
0.9973222241867671
0.9995303904418261
1.001733973691538
1.0039329556837928
1.0061258532029822
1.0083139794443627
1.010497441559459
1.012676220980621
1.0148502990451902
1.0170180953453323
1.0191811126182222
1.021339364707472
1.0234928326298645
1.0256414973055834
1.0277837734735618
1.0299211699884583
1.0320536984572763
1.0341813394746493
1.0363040735370264
1.0384204085310504
1.040531664704233
1.0426379481366506
1.0447392389942411
1.0468355173431785
1.04892548797868
1.0510100763204113
1.0530895853674969
1.0551639948506755
1.057233284399348
1.059296465335983
1.0613538503399103
1.0634060476094218
1.0654530364336003
1.067494795998627
1.0695307597284254
1.0715603977623196
1.0735847377097227
1.0756037584116631
1.0776174386047137
1.079625755441426
1.0816270946393969
1.083623023460396
1.0856135202910626
1.0875985634120393
1.089578130997595
1.091551281638071
1.0935182371628027
1.0954796459819154
1.0974354859138729
1.0993857346692402
1.1013302636116327
1.1032676752006798
1.1051994233731235
1.1071254854790844
1.1090458387592756
1.110960460344634
1.112868597622194
1.1147701039164597
1.1166658049383
1.118555677452524
1.1204396981126776
1.1223178434606775
1.1241889022206277
1.1260536501802108
1.127912447893503
1.1297652715307331
1.131612097149042
1.13345290069212
1.1352861897588313
1.1371133097961676
1.138934331449197
1.1407492302844993
1.1425579817537739
1.1443605545125495
1.1461553850656434
1.1479439908170315
1.1497263468370809
1.1515024280798765
1.1532722093828716
1.155035665466538
1.1567913243193173
1.1585405124239379
1.1602832961976883
1.1620196499735644
1.1637495479662219
1.1654729642716364
1.1671887539641335
1.1688976038513288
1.1705998915136686
1.1722955906547425
1.1739846748581437
1.1756671175871374
1.1773423296753172
1.1790099033609382
1.1806707535929932
1.1823248534376596
1.1839721758395185
1.1856126936212317
1.1872463794832215
1.1888719572693303
1.1904904111065837
1.1921019493095188
1.1937065441761014
1.1953041678808514
1.1968947924745323
1.1984782190336931
1.2000532996851092
1.2016212960384527
1.2031821797378552
1.204735922302544
1.2062824951265458
1.2078218694783924
1.209353761079954
1.2108772173466484
1.2123933881844202
1.213902244450479
1.215403756875468
1.2168978960631833
1.2183846324902965
1.2198639365060804
1.2213343802221053
1.2227973267870236
1.2242527519097959
1.2257006255233946
1.2271409174324193
1.2285735973128367
1.2299986347117262
1.2314152660216218
1.2328235585340988
1.234224117732091
1.235616912742655
1.2370019125630807
1.238379086060654
1.2397484019724223
1.241109828904963
1.2424623360158171
1.2438065631811581
1.2451428084281477
1.2464710399395977
1.2477912257670924
1.2491033338307798
1.2504073319191635
1.2517031876889007
1.25299011391299
1.2542683066586773
1.2555382620285636
1.2567999472525646
1.258053329428128
1.259298375520053
1.2605350523603152
1.261763326647894
1.2629831649486056
1.264193344386535
1.2653949842779604
1.2665880907041536
1.267772629801764
1.2689485675738301
1.2701158698896369
1.2712745024845793
1.2724244309600294
1.273565620783211
1.2746971219103382
1.2758195670865369
1.276933173707541
1.278037906810206
1.2791337312969848
1.2802206119358275
1.28129851336009
1.2823674000684475
1.2834272364248116
1.2844779866582552
1.285518647937144
1.2865500299422494
1.287572223206094
1.2885851915275839
1.2895888985707762
1.2905833078648346
1.2915683828039939
1.292544086647529
1.2935103825197314
1.29446723340989
1.2954145726205346
1.2963514182492613
1.297278713579297
1.2981964211718828
1.2991045034535236
1.300002922716004
1.3008916411164182
1.3017706206772026
1.3026398232861751
1.3034992106965864
1.3043487445271713
1.3051883862622156
1.3060180972516229
1.3068371151823266
1.307645961368928
1.3084447679593199
1.3092334958812577
1.3100121059287941
1.3107805587623922
1.3115388149090481
1.3122868347624204
1.3130245785829702
1.313752006498107
1.314469078502346
1.3151757544574716
1.31587199409271
1.3165577570049127
1.3172327015339798
1.3178966455693295
1.318550000303914
1.3191927249236155
1.319824778483139
1.320446119906243
1.3210567079859836
1.3216565013849657
1.3222454586356056
1.322823538140404
1.323390698172227
1.323946896874598
1.3244920922620027
1.3250262422201993
1.3255493045065434
1.3260612367503226
1.3265619964531006
1.3270515409890733
1.327529827605435
1.327996531545168
1.3284516490152956
1.3288953910966985
1.3293277146503784
1.3297485764123815
1.3301579329942284
1.3305557408833546
1.3309419564435625
1.331316535915487
1.3316794354170718
1.3320306109440587
1.3323700183704892
1.3326976134492186
1.3330133518124427
1.3333171889722382
1.3336090803211136
1.3338889811325767
1.3341568465617126
1.334412631645776
1.3346562913047975
1.3348877803422017
1.3351070534454417
1.3353140651866457
1.3355087700232782
1.3356911222988141
1.3358610762434309
1.33601858597471
1.3361636054983574
1.3362960887089357
1.336415989390614
1.3365232612179294
1.3366178577565677
1.3366997324641554
1.3367688386910699
1.3368251296812648
1.33686855857311
1.3368990784002495
1.3369166420924723
1.3369212024766033
1.3369127122774076
1.3368911241185122
1.3368563905233455
1.3368084639160918
1.3367472966226637
1.3366728408716915
1.3365850487955304
1.3364838724312849
1.3363692637218487
1.3362411745169667
1.33609955657431
1.3359443615605728
1.3357755410525858
1.3355930465384478
1.3353968294186762
1.335186841007376
1.334963032533429
1.3347253551416984
1.334473759894258
1.3342081977716347
1.3339286196740752
1.3336349764228297
1.3333272187614564
1.3330052973571465
1.3326691628020668
1.332318765614726
1.331954056241359
1.331574985057332
1.3311815023685698
1.3307735584130027
1.3303511033620343
1.329914087322032
1.3294624603358365
1.328996172384296
1.3285151733878189
1.3280194132079504
1.327508536407721
1.3269824411301463
1.3264414139645475
1.325885404456977
1.3253143621035774
1.3247282363523074
1.3241269766046901
1.323510532217586
1.3228788525049866
1.3222318867398366
1.3215695841558737
1.3208918939494974
1.3201987652816591
1.3194901472797778
1.3187659890396786
1.3180262396275577
1.3172708480819713
1.3164991716262224
1.3157113370199243
1.314907685628341
1.3140881663182262
1.3132527279400357
1.3124013193300854
1.3115338893127342
1.3106503867025943
1.3097507603067662
1.3088349589271027
1.3079029313624955
1.3069546264111922
1.3059897544827577
1.3050074767886475
1.3040087454457443
1.3029935092052474
1.3019617168309439
1.3009133171017062
1.2998482588140168
1.2987664907845213
1.2976679618526106
1.29655262088303
1.2954204167685155
1.2942698521155789
1.2931022553694536
1.291917618850133
1.2907158915360641
1.2894970224487836
1.2882609606557447
1.28700765527318
1.2857370554689902
1.2844489156499537
1.2831418749532235
1.2818173636470285
1.2804753310948633
1.2791157267284414
1.2777385000507848
1.276343600639344
1.2749309781491496
1.2735001774684556
1.2720500664091139
1.2705820572803068
1.2690961000531364
1.2675921447943417
1.2660701416696565
1.2645300409471958
1.2629717266747051
1.2613932187018324
1.2597964398420938
1.258181340795103
1.2565478723822845
1.2548959855504715
1.2532256313755397
1.2515358469595221
1.249826173987449
1.2480978627827417
1.2463508649769883
1.244585132351641
1.2428006168418644
1.24099668187878
1.2391720673495503
1.237328501684476
1.2354659374894152
1.2335843275459952
1.2316836248156708
1.2297626096385166
1.2278210380035117
1.225860208568408
1.2238800750871834
1.2218805915169408
1.2198617013236293
1.2178207081488746
1.2157602030527455
1.213680140893502
1.2115804767568787
1.209461165960549
1.2073198592841867
1.2051582953518352
1.2029769273692383
1.200775711689782
1.1985546049243712
1.1963109737019137
1.19404699919701
1.1917629804681318
1.1894588752813284
1.187134157318172
1.184786692122029
1.1824189911364633
1.1800310133843417
1.1776227181953138
1.1751920795277444
1.1727398381070413
1.1702671351451088
1.1677739313567008
1.1652593176049826
1.1627217007428798
1.160163443584877
1.1575845083396854
1.154984655002872
1.1523608530812104
1.1497162386301476
1.1470507754643329
1.144364427782572
1.1416536738961098
1.1389219272460684
1.1361691684058008
1.133395144931807
1.1305966570936576
1.1277770339005162
1.1249362427268603
1.122073348639419
1.1191864224312396
1.116278211350075
1.1133486847299838
1.110395775641395
1.1074197265507135
1.1044222517372229
1.1014033226178848
1.0983592933052329
1.0952934743131915
1.0922060979860277
1.0890954674891977
1.0859609262315562
1.082804730421098
1.0796268554815633
1.0764232364989283
1.0731978680926806
1.0699507313109884
1.0666790927866665
1.0633842188379607
1.0600674937275754
1.056727244923
1.053362553668526
1.0499759352167082
1.0465665084416538
1.0431317103325077
1.0396749160345058
1.0361957681828418
1.0326905969277815
1.0291633678328627
1.0256139819420746
1.0220381955616158
1.018440297329505
1.0148201841619084
1.0111735660517498
1.0075047900179677
1.0038134896613364
1.0000958496635244
0.9963560139119926
0.9925930973971531
0.988804272877287
0.9849932233184641
0.9811582942512403
0.9772981511798976
0.9734157626326188
0.9695084588373064
0.9655768928737786
0.9616230701488371
0.9576430653202437
0.9536400028965545
0.9496140308937222
0.9455616872408443
0.9414870866439251
0.937387906966704
0.9332640013382559
0.9291178537880359
0.9249452440111143
0.9207497913621375
0.9165306564839552
0.9122859018073447
0.9080189518661324
0.9037260635974561
0.8994098536504593
0.8950701806779341
0.890704743944908
0.8863171900928749
0.8819035657117458
0.8774668714207592
0.8730062890625154
0.8685205192955223
0.8640127435090168
0.8594781451673937
0.8549214267577765
0.8503397892796071
0.8457342265031956
0.8411055213416051
0.8364512265875117
0.8317751403608749
0.8270725412418585
0.822347925156362
0.8175983157360797
0.8128253175729115
0.8080287270173317
0.8032075095416368
0.7983639843363435
0.7934947255360315
0.7886040598601036
0.7836872231781524
0.7787488136472049
0.7737852938297317
0.7687993563077302
0.763789263167044
0.7587560294950059
0.7536994917383572
0.7486192099404626
0.7435163755027723
0.7383893099838313
0.7332403463492709
0.7280667780830704
0.7228718725947668
0.7176520993028316
0.7124114594599736
0.7071457957802683
0.7018596495218772
0.6965484271669896
0.6912170231416407
0.6858605910459776
0.6804841786452216
0.6750829233222789
0.6696618338061489
0.6642160985863058
0.6587506239774644
0.6532608304485895
0.6477513046247204
0.6422178718448392
0.6366646505058615
0.631088015310196
0.62549147614872
0.6198720932215734
0.6142326360744125
0.6085709780070243
0.6028890249871153
0.5971855823210797
0.5914615779291887
0.5857168591850556
0.5799512704006563
0.5741658020913575
0.5683591184420961
0.5625334450708365
0.556686178680025
0.5508207214540133
0.5449335483339163
0.5390282736065097
0.5331023651840275
0.5271578424832927
0.5211938074992751
0.5152106289507234
0.5092090939244373
0.5031878741915864
0.4971494833260336
0.49109085952638626
0.48501541003300147
0.47892090619237343
0.4728090093799901
0.46667937507980567
0.46053172459705843
0.4543676664250105
0.4481849778874319
0.44198650375426174
0.43577023024944816
0.42953779442795426
0.4232889810562243
0.4170233540893387
0.4107427583630492
0.40444474117077583
0.3981321139721351
0.3918035512120917
0.3854597163384001
0.37910141628141
0.3727272178868938
0.3663393356410958
0.35993630658606174
0.353519331740157
0.3470887052546647
0.34064353212841925
0.33418566030865354
0.327713712701321
0.3212289888509299
0.3147316822352137
0.30822104809935064
0.3016987651396701
0.2951636966258735
0.2886169204550458
0.28205882363111295
0.27548854024826946
0.26890771846492667
0.2623155597936455
0.255712713525284
0.2490999424716248
0.24247609838713313
0.2358428821069993
0.22919987836489988
0.22254720684249968
0.21588586732284437
0.2092150207046932
0.20253580174683655
0.19584839174383992
0.18915237693475428
0.1824489383718629
0.1757376954048596
0.16901908610306932
0.16229379968022412
0.15556121317645463
0.14882240755644366
0.14207747187778028
0.1353262758717509
0.1285697091747723
0.12180758306007677
0.1150403149909962
0.10826845518679037
0.10149170353915211
0.09471085029537185
0.08792608881268615
0.08113740328993468
0.07434547703632012
0.06755034533044628
0.06075231935910898
0.053951852888754766
0.047148965373475474
0.04034414263694621
0.03353766668895254
0.026729667461464046
0.01992060441615468
0.013110686715685677
0.006300201744162766
-0.0005105372094374637
-0.007321259918877425
-0.014131663673399337
-0.02094151105237399
-0.02775040080608797
-0.03455815647734596
-0.04136448631888672
-0.04816896821991048
-0.05497151390814202
-0.06177168952064782
-0.06856921286229198
-0.07536399648548071
-0.08215539585163699
-0.08894341753551976
-0.09572782298630408
-0.10250791602401595
-0.10928391068713479
-0.11605526708117296
-0.122821615057205
-0.12958307977385758
-0.13633880841012813
-0.14308892550022712
-0.1498332980114508
-0.15657093000732655
-0.16330236038834503
-0.17002692468477534
-0.17674420361378101
-0.18345452588441397
-0.19015677288381194
-0.19685130209453647
-0.2035379461713797
-0.21021558719725797
-0.21688501146409647
-0.22354529178052424
-0.23019623293272182
-0.236838242476649
-0.24346974418048434
-0.25009170741024206
-0.2567035156607199
-0.2633043917867386
-0.26989515075568
-0.2764743063529414
-0.2830424725580077
-0.28959948895748333
-0.2961440608474772
-0.30267738389768334
-0.30919799805448184
-0.31570628470014195
-0.322202396330495
-0.32868468799081907
-0.33515465798664984
-0.3416107543836649
-0.34805335628783535
-0.3544826765684325
-0.3608969980982585
-0.3672979883871043
-0.37368382801784544
-0.3800552385654547
-0.3864121247984176
-0.39275309252276736
-0.399079786437013
-0.40538988391671704
-0.4116849134529684
-0.4179639823442539
-0.4242265360841041
-0.4304737939634119
-0.4367030813643683
-0.4429168726737897
-0.44911301375960805
-0.45529243116241086
-0.46145483567480977
-0.46759914298973565
-0.473727087917103
-0.4798355707467337
-0.48592747864280816
-0.492000316044831
-0.4980554105878852
-0.5040920198648996
-0.5101096428520583
-0.5161093628626897
-0.5220888784498628
-0.5280508877412134
-0.5339918604409124
-0.5399148950034636
-0.5458173721244507
-0.5517008532957397
-0.557564237191993
-0.563407608920783
-0.5692313198386512
-0.5750340487054678
-0.5808175248337955
-0.5865791000479946
-0.592321797551782
-0.598041730925605
-0.6037427779932663
-0.6094209498636294
-0.6150797142662497
-0.6207158058667293
-0.6263318563830094
-0.6319253883131987
-0.6374983160328215
-0.6430488268132966
-0.6485782450127744
-0.6540852910325508
-0.6595708350312569
-0.6650339904810763
-0.6704753174780964
-0.6758941742699287
-0.6812909631623884
-0.6866651308355751
-0.6920170820191294
-0.6973461876335878
-0.7026530227857358
-0.7079367108026617
-0.7131981726496093
-0.7184361048001244
-0.7236519568678837
-0.7288438120100743
-0.7340138383605224
-0.7391593123253284
-0.7442833172779454
-0.7493821227043582
-0.7544599305443687
-0.7595117967044069
-0.7645426364326722
-0.7695479239919778
-0.7745314500241195
-0.7794901298318934
-0.7844261109899243
-0.7893380745561185
-0.7942262956352356
-0.7990914530135437
-0.8039317145675263
-0.808749994001911
-0.8135421121208186
-0.818312630370823
-0.8230572657637046
-0.8277793878775425
-0.8324769854923177
-0.8371505643277802
-0.841801113209416
-0.8464260163579133
-0.8510290548350852
-0.8556056316263668
-0.8601598137868021
-0.864689328163072
-0.8691945563705241
-0.8736770537088349
-0.8781332441909252
-0.8825673767502111
-0.8869758676267263
-0.8913608498396333
-0.8957224451492972
-0.9000582258780119
-0.9043718519060708
-0.90865956368545
-0.9129239211865229
-0.9171649485147239
-0.9213800174147256
-0.9255728671667159
-0.9297402638497152
-0.9338838013294555
-0.938004808495102
-0.9420990430825107
-0.9461710249223385
-0.9502187760585037
-0.9542414724516937
-0.9582419084186126
-0.9622166550753248
-0.9661678462053455
-0.9700967789809414
-0.9739988118584936
-0.9778785627937754
-0.9817350771200228
-0.9855657141845808
-0.9893741210497786
-0.9931585353302927
-0.996917927472137
-1.0006551163645674
-1.0043678173799695
-1.008056110961273
-1.0117222368670717
-1.0153636444090972
-1.0189810139019124
-1.0225762596139993
-1.0261468248506584
-1.0296934717578072
-1.0332180467975591
-1.0367182506519261
-1.040194402432941
-1.043648541977454
-1.047078893522723
-1.0504848025266222
-1.0538687663432647
-1.0572298012165986
-1.0605657436231197
-1.0638798150130153
-1.0671720355919574
-1.0704383686213534
-1.0736828533733076
-1.0769055702913826
-1.0801038881097191
-1.0832791134660065
-1.0864326604205474
-1.0895635767907823
-1.0926698904261152
-1.0957546212599727
-1.0988177957111052
-1.1018565389750736
-1.1048728266738217
-1.1078676611934846
-1.1108404699734
-1.113788705678335
-1.116715596936562
-1.1196211739935111
-1.122503739074125
-1.1253631006532032
-1.1282012635625043
-1.1310182600320162
-1.1338117175921543
-1.136582900812913
-1.139333039486201
-1.1420621677053218
-1.1447676900903918
-1.1474514247770544
-1.1501142768345762
-1.152756282101077
-1.1553750741435203
-1.1579721217129662
-1.1605484558317283
-1.1631041139671325
-1.165637409422552
-1.168148560485855
-1.1706391740152138
-1.173109288994557
-1.175558347096792
-1.1779844191287459
-1.1803901357744846
-1.1827755374250464
-1.1851406647829608
-1.1874834746414342
-1.1898051422202542
-1.1921066839910968
-1.194388141934517
-1.1966495583149312
-1.1988880813917564
-1.2011066381955426
-1.2033053066933832
-1.2054841303034338
-1.2076429188071949
-1.2097793849354
-1.2118961628805582
-1.213993297116255
-1.2160708323522345
-1.218128813529907
-1.2201647786879681
-1.2221811434388792
-1.2241781153759905
-1.2261557403606083
-1.228114064461178
-1.2300518078195255
-1.2319691544937412
-1.2338673647880927
-1.2357464855814526
-1.237606563936361
-1.2394476470949332
-1.2412678953674365
-1.243068769303253
-1.2448508158734843
-1.246614083007866
-1.248358618793473
-1.2500844714708461
-1.2517901520599881
-1.2534765744500895
-1.255144484284007
-1.2567939303739464
-1.2584249616645793
-1.2600376272293807
-1.2616316797368403
-1.263205701981156
-1.264761531203682
-1.2662992169403904
-1.2678188088362816
-1.269320356641928
-1.2708039102100595
-1.2722694200263664
-1.2737152472145445
-1.2751432547452486
-1.2765534928160662
-1.2779460117083379
-1.2793208617839504
-1.2806780934821531
-1.2820177573164095
-1.283339437692601
-1.2846424218448544
-1.2859280140921323
-1.287196265169844
-1.2884472258707282
-1.2896809470419075
-1.2908974795819663
-1.2920968744380674
-1.2932791826030896
-1.2944435813251691
-1.2955903837024265
-1.2967202760174878
-1.2978333093603862
-1.2989295348516203
-1.300009003639489
-1.3010717668974534
-1.3021178758215308
-1.3031473816277142
-1.3041603355494198
-1.3051560178146502
-1.3061347616365193
-1.307097129972289
-1.3080431740293224
-1.308972945018868
-1.309886494153696
-1.3107838726457546
-1.3116651317038572
-1.3125303225313945
-1.3133794963240737
-1.314212704267682
-1.3150299975358832
-1.3158308076593122
-1.3166154236509016
-1.317384299942197
-1.3181374875530019
-1.3188750374793716
-1.3195970006915718
-1.320303428132068
-1.3209943707135374
-1.3216698793169068
-1.3223300047894135
-1.3229747979426916
-1.3236043095508823
-1.324218590348769
-1.324817691029935
-1.325401662244944
-1.3259705545995488
-1.3265239271199656
-1.32706213590105
-1.3275854373113938
-1.3280938816629115
-1.3285875192133747
-1.3290664001647672
-1.3295305746616692
-1.329980092789659
-1.3304150045737382
-1.3308353599767786
-1.3312412088979915
-1.3316326011714168
-1.3320095865644361
-1.3323722147763044
-1.3327205354367042
-1.3330545981043203
-1.3333744522654356
-1.3336801473325477
-1.3339717326430034
-1.3342492574576579
-1.33451277095955
-1.3347623222525997
-1.334997960360325
-1.3352197342245764
-1.3354276927042952
-1.3356218845742862
-1.3358023585240135
-1.3359691631564117
-1.3361223469867196
-1.3362619584413296
-1.3363880458566575
-1.3365006574780298
-1.3365998414585887
-1.3366856458582168
-1.3367581186424775
-1.3368173076815753
-1.3368632607493323
-1.3368960255221827
-1.336915649578184
-1.3369221803960456
-1.3369156653541752
-1.3368961517297402
-1.3368636866977481
-1.3368183173301411
-1.3367600905949082
-1.336689053355214
-1.3366052523685426
-1.3365087342858577
-1.3363995456507787
-1.3362777328987727
-1.3361433423563598
-1.335996420240338
-1.335837012657019
-1.3356651656014815
-1.3354809249568378
-1.335284336493517
-1.3350754458685619
-1.3348542986249394
-1.3346209401908666
-1.3343754158791505
-1.3341177708865424
-1.3338480502931043
-1.3335662990615913
-1.3332725620368475
-1.332966883945213
-1.3326493093939469
-1.332319882870662
-1.331978648742773
-1.3316256512569586
-1.3312609345386341
-1.3308845425914397
-1.3304965192967384
-1.330096908413128
-1.3296857535759659
-1.3292630982969038
-1.3288289859634372
-1.3283834598384645
-1.3279265630598596
-1.3274583386400547
-1.3269788294656353
-1.326488078296947
-1.3259859587378562
-1.3254722661133505
-1.3249474481747263
-1.3244115472911695
-1.3238646057037313
-1.3233066655249974
-1.3227377687387631
-1.3221579571997237
-1.3215672726331704
-1.320965756634699
-1.32035345066993
-1.3197303960742348
-1.3190966340524768
-1.3184522056787575
-1.3177971518961766
-1.3171315135165977
-1.3164553312204268
-1.3157686455563984
-1.3150711918536455
-1.3143628356515236
-1.3136440880944942
-1.3129149893182483
-1.3121755793256944
-1.3114258979867939
-1.3106659850384064
-1.3098958800841434
-1.3091156225942293
-1.3083252519053727
-1.3075248072206445
-1.3067143276093642
-1.305893852006996
-1.3050634192150496
-1.304222704101892
-1.3033715508375867
-1.3025105486509514
-1.3016397359200962
-1.300759150888574
-1.2998688316653257
-1.2989688162246318
-1.2980591424060726
-1.2971398479144955
-1.2962109703199887
-1.295272547057862
-1.2943246154286356
-1.293366783951242
-1.2923989196972792
-1.291421652092473
-1.290435018008929
-1.2894390541837304
-1.2884337972189648
-1.2874192835817528
-1.2863955496042878
-1.2853626314838769
-1.2843205652829932
-1.2832693869293292
-1.2822083251642005
-1.2811379161124257
-1.2800584969275768
-1.2789701031070249
-1.2778727700134287
-1.2767665328748194
-1.2756514267846968
-1.2745274867021263
-1.273394747451843
-1.27225324372436
-1.2711018911353977
-1.2699417772975519
-1.2687729982849776
-1.2675955883580559
-1.26640958164325
-1.2652150121332433
-1.2640119136870813
-1.2628003200303184
-1.2615802647551677
-1.2603507181212703
-1.2591125962874141
-1.2578661097134962
-1.2566112915631098
-1.2553481748670008
-1.2540767925232443
-1.2527971772974245
-1.2515093618228184
-1.2502129773126789
-1.2489075657180442
-1.2475940486282084
-1.2462724582500793
-1.2449428266589007
-1.243605185798459
-1.2422595674812953
-1.2409060033889174
-1.2395442467430375
-1.2381735485886802
-1.2367949972960866
-1.2354086241234843
-1.2340144601988465
-1.2326125365201248
-1.2312028839554863
-1.2297855332435566
-1.228359859618316
-1.22692582852848
-1.2254841898241795
-1.2240349738246084
-1.2225782107203116
-1.221113930573447
-1.2196421633180472
-1.2181628536543871
-1.2166747924298196
-1.2151793328295355
-1.213676504371939
-1.2121663364482973
-1.2106488583230168
-1.209124099133926
-1.2075920878925566
-1.2060515346182608
-1.2045036675871557
-1.2029486351655212
-1.2013864659543243
-1.199817188429321
-1.1982408309413515
-1.1966574043821905
-1.1950655072820262
-1.1934666153958164
-1.1918607566677426
-1.1902479589182202
-1.1886282498442113
-1.187001657019534
-1.1853677352641092
-1.1837259708500552
-1.1820774061104227
-1.1804220682174469
-1.1787599842214378
-1.1770911810511007
-1.1754156855138618
-1.1737323010233267
-1.172041995878313
-1.17034508005948
-1.1686415799780943
-1.1669315219254226
-1.1652149320730638
-1.1634911120104554
-1.161760014344008
-1.1600224651324507
-1.158278490155966
-1.1565281150763922
-1.1547713654375689
-1.1530078173876053
-1.15123685754971
-1.1494596019842789
-1.1476760758486824
-1.145886304183656
-1.1440903119136505
-1.1422877391548754
-1.1404778301602325
-1.1386617779859207
-1.1368396071750542
-1.1350113421558656
-1.1331770072420624
-1.131336108735021
-1.1294881464712656
-1.127634190349009
-1.1257742643059212
-1.1239083921665844
-1.1220365976428543
-1.1201580680237355
-1.1182729314683493
-1.1163819471933736
-1.1144851385400765
-1.112582528738465
-1.1106741409076515
-1.1087586704871295
-1.1068372219322686
-1.104910068660209
-1.102977233425059
-1.1010387388715253
-1.0990942099291325
-1.097142882302328
-1.0951859675868139
-1.0932234880668599
-1.0912554659188414
-1.0892819232116115
-1.0873016851419184
-1.085315583537292
-1.0833240322850677
-1.081327053099456
-1.0793246675886763
-1.0773163507519639
-1.0753016282927703
-1.0732815693662203
-1.0712561952306143
-1.0692255270398
-1.0671895633100013
-1.0651467776142212
-1.0630987666803446
-1.0610455513170838
-1.0589871522302563
-1.0569235900231635
-1.0548536716678045
-1.0527782561081478
-1.0506977449801702
-1.048612158548059
-1.0465215169750517
-1.0444249154586833
-1.0423226344765386
-1.0402153648948953
-1.038103126542769
-1.035985939149801
-1.0338630792726677
-1.0317344640018056
-1.029600965234686
-1.0274626023716604
-1.025319394715284
-1.0231706991249978
-1.0210162727398047
-1.018857066122929
-1.016693098252604
-1.0145243880108572
-1.0123502772156754
-1.010170555042549
-1.0079861540907855
-1.0057970929230882
-1.003603390007543
-1.001404282390741
-0.9991997720206106
-0.9969906825407009
-0.9947770321047956
-0.9925588387736545
-0.9903351506089386
-0.9881063520107989
-0.9858730722150535
-0.9836353289732036
-0.9813931399453196
-0.9791452854132475
-0.9768926910485717
-0.9746357116694315
-0.9723743646316999
-0.9701086558807153
-0.9678370584067666
-0.9655611533446999
-0.9632809577500495
-0.9609964885897229
-0.9587073333035043
-0.9564128097324806
-0.9541140717657072
-0.9518111360748346
-0.9495040192444818
-0.9471918259397729
-0.9448748485564634
-0.9425537483176408
-0.940228541517754
-0.9378992443658075
-0.9355644195359947
-0.9332254535540802
-0.9308824546327603
-0.9285354386959582
-0.9261839057780376
-0.9238273697194785
-0.921466873398806
-0.919102432458743
-0.9167340624593612
-0.914360604573547
-0.9119829024890854
-0.909601327253259
-0.9072158941500277
-0.904826255825983
-0.9024316365664167
-0.9000332147078834
-0.8976310052621119
-0.8952250231609584
-0.8928141604094995
-0.8903991766066404
-0.8879804745974175
-0.8855580690465336
-0.883131549039654
-0.8807002850160325
-0.8782653712800947
-0.8758268222332635
-0.8733846521998476
-0.8709376024122853
-0.8684867548839633
-0.8660323394050292
-0.8635743700415713
-0.8611121818089589
-0.8586456755601845
-0.8561756678630614
-0.8537021725293202
-0.8512250668848731
-0.8487431741652365
-0.8462578456539669
-0.8437690949122879
-0.8412769354282305
-0.8387802823891625
-0.8362799016980028
-0.8337761633534021
-0.8312690805979074
-0.828758022884037
-0.8262428559175697
-0.823724395057835
-0.8212026533057303
-0.8186774093926222
-0.816147719365879
-0.8136147984016802
-0.8110786592630979
-0.8085393146438866
-0.8059954943557558
-0.8034483730607538
-0.8008980955212263
-0.7983446741980783
-0.7957871745885535
-0.7932261101394981
-0.7906619506000357
-0.7880947082020202
-0.7855237452831353
-0.7829489922999409
-0.7803712046170893
-0.7777903942411679
-0.7752061833049022
-0.7726179938906985
-0.770026829416561
-0.7674327016675887
-0.764835457294831
-0.7622340810759721
-0.7596297886981992
-0.7570225917288845
-0.754412501672177
-0.7517982119645336
-0.7491810381462608
-0.7465610176970773
-0.743938161908287
-0.7413113367386535
-0.7386815255583898
-0.736048924997434
-0.7334135461379743
-0.7307743977829684
-0.7281321909744206
-0.7254872513372059
-0.7228395897481147
-0.7201883298132433
-0.7175339668050774
-0.7148769268342647
-0.7122172205758963
-0.7095540600050259
-0.706887777960559
-0.7042188741456082
-0.7015473590372542
-0.6988725081221656
-0.6961945419789753
-0.6935140085957242
-0.6908309182551542
-0.6881445866451726
-0.6854551691546299
-0.6827632383047881
-0.6800688041877071
-0.6773712008994147
-0.6746705626661268
-0.6719674643166822
-0.6692619157560995
-0.6665532491831204
-0.6638416187042868
-0.661127580726821
-0.6584111449723252
-0.6556916228951836
-0.6529692265998555
-0.6502444748097644
-0.647517377066706
-0.64478720666275
-0.6420542689509928
-0.6393190271466083
-0.6365814906151809
-0.6338408784685764
-0.6310976217505337
-0.6283521117521471
-0.6256043576663641
-0.6228535097781503
-0.6201001545130022
-0.6173445962017788
-0.6145868438683514
-0.61182596566656
-0.6090627304013746
-0.6062973417581655
-0.6035298085952723
-0.6007591049450999
-0.5979862063535791
-0.5952112034976224
-0.5924340630892166
-0.5896537802876087
-0.5868714332087251
-0.5840870304362399
-0.5813004047985242
-0.5785108383565373
-0.575719255833055
-0.5729256656557197
-0.5701297582031729
-0.567331119928722
-0.5645305132456084
-0.5617279464289284
-0.5589229600509743
-0.5561154600208759
-0.5533060387435977
-0.5504947043451582
-0.5476808414165834
-0.5448646880147825
-0.5420466600274882
-0.5392267654350933
-0.536404227826515
-0.5335796277821943
-0.5307531993257786
-0.5279249502954715
-0.525093939383848
-0.5222610978094208
-0.5194264735194755
-0.5165899253762374
-0.5137507908926321
-0.5109099113216198
-0.5080672942662671
-0.505222607379912
-0.502375591981982
-0.49952687640677507
-0.4966764681243862
-0.49382384260715406
-0.4909691472298643
-0.48811279613936537
-0.4852547966761625
-0.4823944321855257
-0.4795322562865747
-0.47666846870373153
-0.47380305559857433
-0.47093517240063043
-0.4680657139979041
-0.4651946875171184
-0.4623218672194785
-0.45944685481907804
-0.45657031052799313
-0.45369224135242325
-0.4508122123594365
-0.4479302664111489
-0.44504683148187774
-0.442161914460623
-0.4392748748540373
-0.43638618967314596
-0.43349605802773217
-0.43060445452392565
-0.4277106341498931
-0.42481540274943513
-0.42191876701879516
-0.4190204821439341
-0.4161202654264894
-0.4132186795541903
-0.4103157311150053
-0.4074109618960814
-0.40450453971773387
-0.4015967898928261
-0.3986877189043258
-0.39577666199273426
-0.39286422403320165
-0.38995049958314193
-0.3870353599466742
-0.3841183467062341
-0.3812000814790893
-0.3782805705761652
-0.37535947019435134
-0.37243677648965934
-0.36951287137887107
