0.0
0.0006001511813122825
0.0011987699193770221
0.001795866679568994
0.00239145183987713
0.0029855356916908575
0.003578128440578886
0.004169240207060513
0.004758881027369517
0.005347060854210732
0.005933789557509346
0.006519076925153022
0.007102932663726902
0.007685366399241559
0.008266387677853988
0.00884600596658168
0.009424230654009862
0.010001071050991978
0.010576536391343452
0.011150635832528837
0.011723378456342387
0.012294773269582128
0.01286482920471749
0.01343355512055058
0.014000959802871134
0.014567051965105224
0.015131840248957796
0.015695333225049065
0.01625753939354488
0.016818460760895205
0.017378018994648275
0.017936312852884724
0.01849335059700207
0.019049140420609727
0.019603690450128365
0.020157008745383675
0.020709103300194466
0.021259982042955174
0.021809652837212864
0.022358123482238767
0.0229054017135944
0.023451495203692337
0.02399634741389997
0.02453995989225998
0.025082408067192453
0.02562369939619957
0.026163841276011773
0.026702841043121126
0.027240705974309682
0.027777443287172836
0.028313060140637794
0.028847563635477122
0.029380868617674548
0.029913008418424526
0.030444053917520926
0.030974012017160938
0.03150288956356803
0.03203069334748055
0.03255743010463573
0.03308310651624914
0.03360771448940278
0.0341311144351006
0.03465347207748539
0.03517479391108987
0.03569508637796412
0.03621435586813188
0.0367326087200425
0.03724985122101866
0.03776600072970369
0.03828104971991669
0.03879510544548403
0.03930817401817759
0.039820261500549584
0.04033137390635866
0.04084151720099202
0.04135059978570011
0.041858618100533485
0.04236568360821498
0.0428718021076223
0.04337697935106204
0.04388122104467155
0.04438453284881705
0.044886711992056544
0.045387964480489436
0.045888302640045245
0.04638773197312604
0.04688625793806275
0.04738388594949422
0.04788043341317055
0.04837605545055533
0.048870794496143476
0.0493646558134434
0.04985764462389175
0.0503497640031297
0.05084078900941613
0.051330956000612396
0.05182027005234741
0.052308736199736854
0.05279635943773002
0.05328303795165146
0.05376874741055541
0.05425362789711376
0.054737684266745995
0.05522092133619106
0.05570332086432233
0.05618468372630655
0.05666524078959359
0.05714499673628501
0.057623956211231536
0.05810212382235055
0.05857926454449187
0.059055604886693897
0.05953116635251784
0.06000595342101386
0.06047997053566223
0.06095297455954958
0.061425201557633
0.06189667118543705
0.062367387762074164
0.0628373294600403
0.06330628404749794
0.06377449786360849
0.06424197510647063
0.06470871994090557
0.06517463113554817
0.06563964933262999
0.06610394702055082
0.0665675282473309
0.06703039702893936
0.06749233671605731
0.06795351323778796
0.06841398884560843
0.06887376744274605
0.069332766498152
0.06979087888673764
0.07024830551884394
0.07070505018798523
0.07116111665768816
0.07161624460137289
0.07207067758874273
0.0725244432839884
0.0729775453447262
0.07342980662853077
0.07388130002217438
0.07433214042728402
0.07478233139840451
0.07523175693255281
0.07568036353495686
0.07612833109453307
0.07657566306551536
0.07702228329719862
0.07746805469293852
0.07791320064278696
0.07835772450335156
0.07880156942491062
0.07924455601045502
0.07968693040714404
0.0801286958765698
0.08056979503350437
0.08101004604623503
0.08144969779587777
0.08188875345154847
0.0823271359503578
0.08276469949682738
0.08320167638310863
0.08363806968831111
0.08407376420416975
0.0845086872876191
0.08494303599908858
0.08537681333008389
0.0858098481143562
0.08624217666151264
0.08667394281816555
0.08710514949055378
0.08753555237815132
0.08796533126532809
0.08839455944449319
0.08882322299575686
0.08925103815547701
0.08967831123399399
0.09010504499554907
0.09053112213570291
0.09095646315164431
0.09138127327258919
0.09180555518352297
0.09222907267174739
0.09265198169794694
0.09307437073629558
0.09349619646286492
0.09391722659934386
0.09433774483020611
0.09475775370832037
0.09517706351652434
0.09559573267194976
0.09601390036532385
0.0964315472132849
0.09684838869757172
0.09726473647623662
0.09768059297590012
0.09809576658420292
0.09851031539790239
0.09892438050540177
0.09933791926159821
0.09975068974486659
0.10016298396588529
0.10057480423063354
0.10098591140063413
0.10139645493279838
0.10180653177658264
0.10221603152873884
0.10262484426648531
0.10303319746007678
0.10344109330020909
0.10384820212298826
0.10425485114082321
0.10466104978060688
0.10506657796466871
0.10547154198951558
0.10587606249301876
0.1062800205706522
0.10668331849819927
0.10708617964439296
0.10748857804709945
0.10789022849046488
0.1082914487776983
0.1086922408998229
0.10909231913147265
0.1094919167818731
0.10989109273599794
0.11028963693781119
0.11068762990160967
0.11108520752778735
0.11148222778719324
0.11187863374697704
0.11227463061945103
0.11267013692799174
0.11306497330288545
0.1134594067342395
0.11385340898861881
0.11424669293839522
0.11463957998363304
0.11503207189133309
0.11542383641587262
0.11581519387642929
0.1162061620960232
0.11659644689999563
0.11698629132768192
0.11737575231038455
0.11776456696661255
0.11815291466749331
0.11854088462044282
0.11892823861145574
0.11931510564966358
0.11970160053970656
0.12008750325871319
0.12047290546019886
0.12085794101761255
0.12124240176946072
0.12162635472568091
0.12200994644783363
0.12239297444995681
0.12277549352150098
0.12315765667645191
0.12353926105980312
0.12392036137996011
0.12430111100999942
0.12468130081997264
0.1250609972982384
0.1254403482233689
0.12581913242070797
0.12619743974623537
0.12657540656759692
0.1269527940292922
0.1273297266742838
0.127706323777521
0.12808232329769426
0.1284578955207396
0.12883313707931443
0.12920775737009152
0.12958198321944928
0.12995588319789916
0.13032913289027126
0.13070202620709775
0.13107459381176714
0.13144648600891382
0.13181806043043853
0.1321892702329177
0.1325598523907584
0.1329301213534078
0.1332999817855437
0.13366926722165515
0.13403824396412525
0.13440676337955457
0.13477476521550405
0.13514246278178324
0.135509649456743
0.1358763806210835
0.136242811863426
0.13660867399755341
0.1369741472287703
0.13733932481062128
0.137703870527743
0.13806809837715284
0.13843198890872901
0.138795272124937
0.1391582669595393
0.1395208531194052
0.13988291142508022
0.14024468543036325
0.140605975156203
0.14096682062878627
0.1413273858114874
0.14168738696785482
0.14204703150758669
0.1424063913057759
0.1427651200774703
0.1431235754100816
0.14348165830013296
0.14383920558863308
0.14419648326799359
0.14455329693486493
0.14490967419140202
0.14526578560212605
0.14562133766020308
0.14597655616821809
0.146331480255433
0.1466858105220341
0.1470398813997188
0.147393555168944
0.14774674516766403
0.14809967937046123
0.1484521102627345
0.14880417085149186
0.14915597917455622
0.14950717456278473
0.1498581164405949
0.15020869682053573
0.15055877671085144
0.15090861042022674
0.15125796622921725
0.15160694496991864
0.1519556808992298
0.1523038193427931
0.15265170722956342
0.1529992396718965
0.15334628383322318
0.15369309101123857
0.15403941677325658
0.15438538700727641
0.15473111207400145
0.15507624959740854
0.15542115581168714
0.15576568473733166
0.1561097648808776
0.15645361683823095
0.15679695656896236
0.15713998900805176
0.1574827367263449
0.15782495374744301
0.15816694801613648
0.15850851684033693
0.15884970210689595
0.15919066760003364
0.15953106431929212
0.15987122714185337
0.16021104033525288
0.16055040445886395
0.16088955401201968
0.16122820516861136
0.16156656222252866
0.1619046348529562
0.16224220330263492
0.16257956224623427
0.16291648277104798
0.1632530591810889
0.1635894061114549
0.16392520380786457
0.16426079692733855
0.16459600154830017
0.16493082189854041
0.1652654403488188
0.16559950911713944
0.16593336066477027
0.16626686390972834
0.16659995225529753
0.16693284341917333
0.16726522038696792
0.16759735409345677
0.16792917029301124
0.16826055017156377
0.16859173745991823
0.16892243682783187
0.16925287591359597
0.16958301920387175
0.16991271364678864
0.1702422199673009
0.17057125574332233
0.1709000229295276
0.17122850725489355
0.1715565387982228
0.1718843865662365
0.17221177256838135
0.17253889008771792
0.17286572920345247
0.17319211989859426
0.17351833104773037
0.17384408090667205
0.1741695705138784
0.1744947779887832
0.17481954941292618
0.1751441454054495
0.17546827256709815
0.17579215554924102
0.17611574476820288
0.17643891803451794
0.1767619198714624
0.17708443759949358
0.17740673478600877
0.17772871895251158
0.1780503147201092
0.17837174295116856
0.17869266432950212
0.17901339610200293
0.17933378824059032
0.17965382672424726
0.1799736910506266
0.1802930393926672
0.18061222569452567
0.1809310386532153
0.18124953963287604
0.18156782902321256
0.1818856477677499
0.18220330811345697
0.1825205545661072
0.18283753739616637
0.18315426446678318
0.18347057280929455
0.18378672629360412
0.18410241874223418
0.1844179023606049
0.18473307955674934
0.18504789627945922
0.18536255958714773
0.18567671236338656
0.1859907153003598
0.18630435489846287
0.18661769837912912
0.1869308281437893
0.1872435150610394
0.18755605544793982
0.18786816955783142
0.18818005777832927
0.18849166605474196
0.1888029049465213
0.18911400052416444
0.18942460109124445
0.18973505164595378
0.190045150325184
0.19035495864050442
0.19066455673514146
0.19097372557482667
0.19128275567882685
0.19159135649033823
0.19189975130183262
0.1922078554030201
0.1925156176330349
0.19282322630357207
0.19313035864383934
0.19343735665570272
0.19374397828065254
0.19405035046661295
0.19435648046503362
0.19466222946546463
0.19496784702121375
0.19527299753030847
0.19557799587992053
0.19588265851477227
0.19618704024824374
0.19649121624820853
0.19679498393707018
0.19709862430764963
0.19740183073327894
0.19770486092496106
0.19800758439988592
0.1983100069351224
0.19861224867618665
0.19891406605942089
0.19921576009406505
0.19951704199568343
0.1998181346334543
0.20011893841841666
0.20041943211593757
0.20071975897894587
0.20101965617527542
0.20131943384098613
0.20161881042229937
0.2019179952343661
0.20221689844504775
0.20251549279593012
0.20281392380890065
0.203111930073924
0.20340982047940953
0.20370731059418012
0.2040046164566828
0.20430163786024935
0.20459836150967975
0.204894915353532
0.205191059103084
0.20548709052196826
0.2057827126796662
0.20607816763969874
0.20637332566041205
0.20666820643052058
0.2069629014446496
0.2072572102774502
0.2075514101707752
0.20784518254207682
0.20813881384000674
0.20843212656468665
0.20872519147668536
0.2090180456643867
0.2093105463839993
0.20960294142204153
0.20989488184418095
0.2101867159352886
0.2104782011186279
0.2107694764142741
0.2110605074480222
0.21135122608414267
0.2116418040524495
0.21193196814954093
0.2122220307249991
0.21251170579473436
0.21280121695713983
0.2130904421837237
0.21337940401282024
0.21366818046036018
0.2139565950208192
0.21424491102803325
0.21453279308997533
0.21482056486378054
0.2151080013092994
0.2153952308746222
0.21568222274808663
0.21596891211513694
0.2162554604560274
0.2165416116203905
0.2168276680313226
0.21711333240604516
0.21739885353702507
0.21768407746846838
0.21796906527656687
0.21825384978484058
0.218538306212846
0.21882265231326184
0.21910657928976862
0.21939041512082227
0.21967388743235441
0.2199571966258424
0.22024023354684105
0.22052301799402696
0.22080562052078798
0.2210878820990706
0.2213700512231794
0.22165179179617783
0.22193344464736106
0.2222147499221642
0.22249588447674373
0.22277675929555701
0.2230573773809593
0.22333782271669514
0.22361792614688367
0.22389794296782792
0.22417753354338507
0.22445703964362654
0.22473620232142175
0.225015198173872
0.2252939352141387
0.22557242258428195
0.22585073493696375
0.22612871557720768
0.22640660418770295
0.22668407983745728
0.22696147408817408
0.22723851803238962
0.22751540980089652
0.2277920328120073
0.22806842380366818
0.22834462680904924
0.22862051871652303
0.22889630263908237
0.22917169714239846
0.22944701315937718
0.22972196166722592
0.2299967826929183
0.23027131486002023
0.23054564254142135
0.23081975927296872
0.2310935952447257
0.2313672974415192
0.231640643326004
0.2319139134796535
0.23218678929184897
0.23245957167871795
0.23273203563235964
0.23300433184275776
0.23327638482122676
0.23354819643345892
0.2338198393158176
0.2340911678962539
0.23436240155725996
0.23463324866040491
0.2349040233136609
0.23517444113908703
0.23544473652681025
0.23571474772947
0.2359845653752272
0.23625417081279992
0.23652351222855
0.23679271275447983
0.23706157944064055
0.23733037590415026
0.23759876934966392
0.23786709340864887
0.23813508427816743
0.23840293720358732
0.23867052653315873
0.23893790978408902
0.23920509840618345
0.23947201343046978
0.23973880217340215
0.24000525040772375
0.2402716315126022
0.24053762296559922
0.24080353930469622
0.24106913333867383
0.24133458631964813
0.24159978374642901
0.24186477476600846
0.2421295763933238
0.24239410683736626
0.24265851346886824
0.24292258471242187
0.24318659152048142
0.24345021055505903
0.24371376008904638
0.24397698651441638
0.24424008012133724
0.2445029147249584
0.2447655537412328
0.2450279973065457
0.2452901830580658
0.2455522363645047
0.2458139701666922
0.24607563398969676
0.24633691714755973
0.24659813890024102
0.24685902606677576
0.24711979899060685
0.24738029897617492
0.24764062434920736
0.24790073791338588
0.2481606170034686
0.24842034490189732
0.24867977896673113
0.24893912195112414
0.2491981122383158
0.2494570434077732
0.2497156188035875
0.24997410792054528
0.25023230063401986
0.25049034892000366
0.2507481596872584
0.2510057683539001
0.2512631979071835
0.251520368156273
0.2517774172239726
0.2520341502475091
0.2522908195541623
0.2525471165344048
0.2528033569674035
0.2530592689102271
0.253315074922382
0.25357060925477354
0.2538259820032326
0.2540811394344319
0.2543360800667914
0.25459086130223946
0.2548453709565929
0.2550997766979413
0.25535385650292686
0.25560788167989856
0.25586153852289717
0.2561151353892587
0.2563684188204782
0.25662158848053684
0.25687449918657157
0.25712724273535814
0.2573797813990617
0.2576320999223763
0.25788426722287167
0.25813616179732934
0.25838795841001805
0.2586394301030939
0.2588908493212991
0.259141906569739
0.2593929043499785
0.2596435929145794
0.2598941703008595
0.26014449084222874
0.260394648869583
0.26064460204465195
0.2608943417391839
0.26114392820121685
0.261393250580143
0.26164247097874593
0.2618913770504376
0.26214023203156683
0.2623887227955922
0.2626371633792335
0.2628852894487283
0.26313331606253626
0.26338107863061366
0.2636286922516091
0.26387609194971173
0.2641232935462667
0.2643703310022297
0.2646171215341074
0.2648637973721664
0.2651101777905607
0.26535649263136024
0.26560246387893427
0.2658483866565723
0.2660939813504608
0.26633949620724945
0.26658473174434355
0.2668298396011443
0.2670747165878022
0.26731941835709006
0.2675639373961182
0.267808233982019
0.2680523956726791
0.26829628797100574
0.2685400929090224
0.2687835818073117
0.26902702375663523
0.269270116962428
0.2695131566769432
0.26975589489611823
0.26999853324225404
0.2702409170564612
0.27048315489250374
0.2707251848798924
0.2709670230560196
0.2712086997912452
0.2714501391495612
0.2716914632037923
0.2719325045783604
0.272173476519286
0.2724141207361622
0.2726547196017689
0.27289498900526366
0.27313519178411017
0.27337511075655335
0.2736149182543224
0.27385448734955
0.27409390036403947
0.2743331201324407
0.2745721394535953
0.2748110104421187
0.2750496368520606
0.2752881596042206
0.2755263938772803
0.2757645689331633
0.27600241183590973
0.27624021075354377
0.2764776920234511
0.27671510055090554
0.2769522357242885
0.2771892546084297
0.2774260442117234
0.2776626741917677
0.2778991187480092
0.2781353605555516
0.2783714605843857
0.2786073149434277
0.2788430709611123
0.27907853858809
0.2793139511075023
0.27954903271131326
0.27978407147598394
0.28001879852398565
0.28025345215801195
0.2804878372261405
0.280722106419326
0.2809561500069884
0.28119003544169896
0.28142373804494814
0.28165724039613793
0.28189060250767733
0.2821237224429143
0.28235674455210336
0.2825894827315936
0.28282216532445276
0.28305452240106554
0.2832868375746448
0.28351884257957266
0.28375077745806687
0.28398244438473924
0.2842139996024708
0.28444532892359975
0.28467650510764436
0.28490749729262616
0.2851382950628358
0.28536895057775596
0.28559937054678103
0.2858296898544187
0.28605973262773066
0.28628971618756266
0.2865193823634757
0.2867490073719094
0.2869783208013734
0.28720756993805435
0.287436548978373
0.28766542282355634
0.28789406792104
0.2881225670479037
0.28835087864558123
0.2885790036202458
0.2888069821578687
0.2890347335394173
0.28926237945346317
0.28948975779396097
0.28971707151763754
0.2899440773621508
0.2901710425825153
0.2903976932120145
0.290624286582186
0.29085060630135534
0.29107682834877074
0.29130281757777393
0.29152866882294093
0.29175432797868955
0.29197980893520414
0.2922051384313606
0.29243024960592423
0.292655249852905
0.2928799917453414
0.29310466315032063
0.29332903625359225
0.29355336909118557
0.29377738402072817
0.2940013486370976
0.294225035926735
0.29444863279758493
0.2946719928415506
0.29489522243578387
0.2951182556250832
0.29534111840481586
0.295563825127229
0.29578632154780465
0.29600870218788916
0.2962308326978929
0.29645288763698613
0.29667465267825893
0.29689637763387755
0.29711778230213215
0.2973391422808298
0.29756022237280905
0.2977812177994831
0.29800197368366804
0.29822260497652103
0.29844303701818425
0.2986633045887359
0.29888341314994366
0.2991033174030429
0.2993231028426572
0.2995426441764936
0.299762106850174
0.29998128565628895
0.3002004243838005
0.30041924257979197
0.3006380191966993
0.3008565156745402
0.3010749305556987
0.3012931056582574
0.301511159171914
0.30172901323886514
0.3019467057466676
0.3021642391144938
0.3023815709715001
0.3025987839734931
0.3028157555281801
0.3030326484944425
0.3032492600887145
0.30346583144300043
0.303682085315358
0.30389829705281096
0.30411423186062175
0.304330084306661
0.30454570036728223
0.3047611938407842
0.30497649146838934
0.3051916262816946
0.3054066057872745
0.3056213822461942
0.3058360439375577
0.30605046234137967
0.3062648065231546
0.3064788671646496
0.3066928872399505
0.30690659730370995
0.30712025988760683
0.3073336533365804
0.3075469587055026
0.30776003583159955
0.30797298425547875
0.30818574534742976
0.3083983370897041
0.30861078243306195
0.3088230177506802
0.3090351476278195
0.3092470267712443
0.30945884146136193
0.30967036467457326
0.3098818468332318
0.31009303197418625
0.3103041584014898
0.3105150291739473
0.3107258000976211
0.3109363567680676
0.3111467724093633
0.3113570152411067
0.31156707581480464
0.3117770050679744
0.3119867107823842
0.312196326713931
0.31240567777089256
0.3126149806345879
0.3128239772294722
0.31303293212102945
0.3132416095976166
0.3134502101542007
0.31365857530516983
0.31386682170592556
0.3140748747723252
0.3142827671899274
0.3144905084096235
0.31469804701027615
0.3149054766179511
0.31511266156138545
0.3153197797885372
0.31552661122801035
0.3157334002373879
0.3159398963852435
0.31614633195580355
0.3163525173985116
0.3165585996672625
0.3167644746235714
0.316970203721037
0.3171757684065045
0.31738114445672144
0.31758639908371333
0.31779142220422624
0.3179963669819147
0.3182010372837723
0.31840566431206946
0.31860999000588497
0.31881426421853626
0.3190182806713867
0.3192222021631243
0.3194259095713906
0.31962947843043155
0.31983287698729207
0.32003609329533284
0.3202391831907616
0.32044204702297124
0.32064482844373576
0.3208473398687492
0.32104980705941794
0.32125197207831924
0.321454086802296
0.3216559438875743
0.3218577061970632
0.3220592555226373
0.3222606654632802
0.32246190719985096
0.3226629648107187
0.32286389912576613
0.32306460443934976
0.32326523149713066
0.323465584539332
0.32366589226788844
0.3238659052909993
0.32406586062560094
0.32426556686484764
0.32446516981480433
0.32466456942152205
0.3248638199895165
0.3250629131118028
0.32526181129387965
0.3254605980765909
0.32565914386214523
0.3258576244468938
0.326055817818659
0.3262539646771786
0.3264518332778458
0.3266496275361496
0.3268471903441929
0.32704463196821265
0.3272418891122339
0.327438978061192
0.32763592966653177
0.32783266589292764
0.3280293120816612
0.3282256955312572
0.32842203132533054
0.32861806703399743
0.328814049810269
0.32900978044892587
0.3292054101361385
0.32940083581376095
0.3295961123338642
0.3297912331561428
0.32998615642427653
0.3301809724936128
0.3303755424180907
0.3305700538335923
0.3307642703158854
0.3309584377161218
0.33115234010808126
0.3313461537592761
0.33153975177491857
0.33173321156122043
0.3319265052864347
0.33211961108508264
0.33231260060244083
0.3325053522837452
0.33269803767249856
0.33289043509982197
0.33308278210964587
0.333274859465633
0.3334668518580212
0.3336586253031797
0.3338502629238732
0.3340417325241192
0.3342330152118353
0.33442418102973814
0.33461510861614907
0.334805970710926
0.33499654302063725
0.33518706348593463
0.3353773182986764
0.33556748306606776
0.33575743431316846
0.33594724318929886
0.33613689091651205
0.3363263437008746
0.3365156879505739
0.3367047844354855
0.3368938252466583
0.33708256521723584
0.33727125182210566
0.33745968585961295
0.33764801546988993
0.3378361461654557
0.3380241185479169
0.33821194592692333
0.3383995608410505
0.3385870849254626
0.3387743421234157
0.3389615446109473
0.33914846215836536
0.339335306400295
0.3395219206984468
0.33970840642824957
0.33989471748536654
0.3400808444290925
0.34026685224995584
0.3404526201262013
0.34063832471213523
0.34082373323201354
0.34100908534180685
0.34119418344799
0.3413791756101655
0.34156397046457754
0.34174860237110655
0.3419330939611716
0.34211736529642867
0.34230155360607745
0.3424854640468091
0.34266931658516636
0.3428528982717644
0.3430363892726714
0.3432196676096103
0.34340279673025986
0.3435857716874212
0.3437685385772554
0.3439512101209889
0.34413361442166535
0.34431595925837916
0.3444980238601383
0.3446800054118128
0.34486176647792127
0.34504338436621734
0.3452248418488163
0.34540609568747854
0.3455872495351362
0.34576813892995667
0.34594896722729596
0.3461295136364411
0.3463099767397198
0.34649021933810503
0.34667031683264266
0.3468502555544581
0.34702998701748045
0.3472096217932998
0.3473889867939003
0.3475682889887352
0.34774731564977174
0.347926250576147
0.3481049730611181
0.34828354026714503
0.34846195849206657
0.3486401575175731
0.3488182713947981
0.3489961017712873
0.3491738675559129
0.34935137246010467
0.3495287687322698
0.3497059690037508
0.3498829952734321
0.35005989080980704
0.3502365465784954
0.3504131362901936
0.35058942203431365
0.3507656403359272
0.3509416210154442
0.3511174673864822
0.3512931428840923
0.35146861679540875
0.3516439869900554
0.35181908790380273
0.3519941208297636
0.3521688800402481
0.35234353899903226
0.35251799252075894
0.3526922769519272
0.35286642464872037
0.3530403339829519
0.35321417375071235
0.3533877093738729
0.35356117302684403
0.3537344023936578
0.35390748933941824
0.3540804122984142
0.3542531219354723
0.35442573833132723
0.3545980700490697
0.3547703301131005
0.35494233290123617
0.3551142139641009
0.3552859096998952
0.35545741112719975
0.3556287996398026
0.3557999207878309
0.3559709685801285
0.3561417421181404
0.3563124084981665
0.3564828742769188
0.3566531585766101
0.3568233164095326
0.35699321795129446
0.3571630443788102
0.357332585744505
0.3575020282285706
0.35767126106490665
0.3578403189029875
0.3580092430074729
0.3581779154872836
0.3583465110356147
0.3585148170528582
0.3586830260034271
0.35885102265721375
0.3590188442721749
0.3591865313438814
0.3593539648754092
0.3595213195971761
0.35968838683257226
0.35985535217592907
0.36002210914892063
0.36018868433983314
0.3603551308154475
0.36052131506966195
0.3606874185723437
0.36085324333178237
0.3610189545457217
0.3611844680780741
0.36134978619213093
0.36151498824584904
0.3616799124384137
0.3618447538716251
0.3620093321966944
0.3621737782976467
0.3623380443642963
0.36250209428378555
0.36266604782365686
0.3628297007017486
0.36299326874393895
0.36315659640820086
0.36331976593777476
0.3634827802446786
0.36364555037336854
0.36380823413439084
0.3639706208660366
0.3641329037105914
0.36429497621571594
0.36445685722663923
0.3646186152068731
0.3647800934557901
0.3649414831377378
0.3651026111556621
0.3652635964963879
0.36542440906814183
0.36558498910957893
0.36574547896448967
0.3659056596918682
0.3660657426214911
0.36622560694181266
0.3663852819577828
0.36654482954187134
0.3667040956440969
0.3668632692286865
0.3670221823348879
0.36718094531267553
0.3673395406682324
0.36749789200797267
0.36765614911587685
0.367814107924134
0.36797195165154456
0.3681295916540492
0.36828702093791565
0.36844434177383734
0.3686013555388277
0.3687582725992859
0.36891495400115476
0.36907145372954564
0.36922781485470013
0.3693838961429674
0.3695398789104593
0.3696955983395564
0.36985116080154173
0.37000655880193745
0.37016169981693603
0.3703167404507921
0.37047149440889915
0.3706261116769455
0.3707805430119902
0.37093473573860086
0.37108882617811506
0.3712426110393624
0.3713962749638909
0.37154973596480856
0.37170297216383685
0.37185610412271636
0.3720089161319724
0.3721616183357477
0.372314105203954
0.3724663764064561
0.3726185376969537
0.3727703766383174
0.3729221085106613
0.3730736173160974
0.37322491481752973
0.3733760967057266
0.3735269585396492
0.37367771123047466
0.3738282379098972
0.37397855276408504
0.3741287511419555
0.374278626825353
0.37442839123901384
0.3745779315942417
0.37472725460716066
0.37487646506477806
0.37502534547077127
0.3751741122597218
0.37532266195583763
0.37547098367920445
0.3756191906342987
0.3757670774143617
0.3759148369726217
0.37606239153612786
0.3762097022607933
0.3763568959469725
0.3765037845341732
0.3766505269905916
0.37679708180751936
0.3769433715566593
0.37708954193797145
0.37723542762361967
0.3773811428349329
0.3775266931489036
0.37767195167100126
0.3778170884348571
0.37796196636653306
0.3781066439102108
0.3782511848204484
0.3783954015820631
0.3785394941319427
0.3786833593114768
0.37882698847834956
0.3789704919541904
0.3791136791159577
0.37925671656389504
0.37939956384529644
0.3795421336319588
0.3796845751699123
0.3798267409197173
0.37996871207855565
0.3801105361658897
0.38025203526687296
0.3803934034928058
0.3805345424335459
0.380675435808959
0.38081619672666417
0.3809566480538778
0.3810969312812817
0.38123703786225366
0.38137684164452434
0.38151651022907856
0.38165592540960513
0.3817951116312156
0.38193416100427763
0.38207288220139973
0.3822114462444968
0.3823498194665692
0.3824878963457319
0.3826258335163887
0.38276350879193255
0.3829009557502403
0.3830382612769822
0.3831752359040976
0.383312048118666
0.3834486713932427
0.38358498837933536
0.3837211609473439
0.38385707942970193
0.38399275358448437
0.3841282815216259
0.3842634923878893
0.3843985186733351
0.38453337465709636
0.3846678972888594
0.3848022705829438
0.3849364146215085
0.3850702809348061
0.3852039960298755
0.38533742517423153
0.3854706299052649
0.3856036815063733
0.3857363927565401
0.3858689305532409
0.3860012817152469
0.3861333035809473
0.38626516900126173
0.38639679767236973
0.38652814362721427
0.3866593311373535
0.3867902341878031
0.38692089863828366
0.3870514026109389
0.38718157685809085
0.3873115541161328
0.3874413627514669
0.3875708110364252
0.38770009531754684
0.3878291702752359
0.38795792182837463
0.3880865072498095
0.38821484521252103
0.3883428940875278
0.38847077466630964
0.3885983722618113
0.388725712411053
0.3888528820620627
0.3889797358626234
0.38910636113517133
0.3892328136691445
0.38935892019092627
0.3894848243305415
0.389610553452036
0.38973590915447587
0.38986108579755413
0.38998606474471387
0.3901106863880594
0.3902351290615353
0.39035935177077224
0.39048323524864675
0.39060693736785573
0.3907304001540237
0.390853538810447
0.39097649367694437
0.3910991927959291
0.3912215798598688
0.3913437806592054
0.3914657123072596
0.3915873408903816
0.39170878068983445
0.3918299410029031
0.39195080409727734
0.3920714758435352
0.3921918608965693
0.39231195137232877
0.3924318478891305
0.39255145369539013
0.3926707642983436
0.39278987828406986
0.3929087007944157
0.39302722414361163
0.3931455481688277
0.393263583271001
0.3933813118562437
0.39349883836119265
0.3936160818790843
0.39373300805839845
0.39384972935044443
0.393966177043351
0.3940822930403965
0.394198201291416
0.3943138488532848
0.3944291467547187
0.3945442339984392
0.3946590770571007
0.3947735488098862
0.39488780693917125
0.3950018410555591
0.39511547846422024
0.39522889922829957
0.395342102388041
0.3954549146194784
0.3955674896211222
0.39567984392077515
0.3957918358143663
0.3959035565070019
0.39601505334170684
0.39612622021792004
0.3962370779026905
0.3963477085140211
0.39645804562275866
0.3965680314455218
0.39667778691845684
0.3967872894382028
0.3968963943864688
0.39700526564630273
0.39711390214550957
0.3972221435830647
0.397330121392255
0.39743786101557915
0.397545255492182
0.39765233044713294
0.3977591637254099
0.39786570616266953
0.39797186869044987
0.3980777859837437
0.3981834568918255
0.3982887115828363
0.39839370307706023
0.39849844453465616
0.3986028341583122
0.3987068898617806
0.3988106918065964
0.3989142110164053
0.39901732075631496
0.3991201729433958
0.3992227663411271
0.3993249697329514
0.39942686173105835
0.39952849104453997
0.399629810309583
0.39973073149749533
0.3998313860294806
0.39993177260444657
0.40003175510401073
0.4001314239618395
0.40023082078460254
0.40032990493661585
0.40042857702832785
0.4005269729268227
0.400625091262311
0.4007228169275385
0.4008202005246881
0.40091730228798717
0.4010141148608263
0.4011104745704567
0.4012065480909919
0.40130233397959
0.4013977655456757
0.4014927989377684
0.4015875402237196
0.401681987916906
0.40177602457017786
0.4018697090594799
0.40196309535901814
0.4020561819367651
0.4021488094685731
0.4022411218630484
0.40233312981198266
0.4024248098836853
0.402516035629454
0.4026069521113798
0.40269755771407467
0.40278780429466765
0.402877616232451
0.40296711233892224
0.4030562909486168
0.40314508899320856
0.40323346218297024
0.40332151278579076
0.40340923908429827
0.40349657322297716
0.4035834820449197
0.4036700613298603
0.4037563093066284
0.40384216383798477
0.403927581971356
0.4040126634167582
0.4040974063472679
0.40418176523175503
0.4042656656329848
0.40434922198768825
0.40443243241116894
0.4045152792642972
0.40459763414444266
0.4046796374050128
0.4047612871014515
0.40484258127323625
0.4049233859882865
0.40500380737552
0.4050838673419397
0.4051635638643625
0.4052428169366151
0.40532162687129775
0.4054000672972806
0.40547813612646866
0.4055558199702433
0.4056329880481348
0.40570977829056504
0.4057861885421994
0.4058622166295354
0.4059377801613672
0.40601288871836594
0.4060876086413632
0.40616193768649095
0.4062358735907804
0.4063092839631086
0.4063822809124588
0.40645487801038743
0.4065270729202948
0.4065988463026821
0.40667008671141397
0.40674091802657114
0.4068113378352995
0.4068813437038809
0.40695090416744345
0.4070199349044539
0.4070885445364101
0.40715673054981194
0.40722449040923847
0.40729180245944957
0.40735856583978275
0.4074248956308127
0.4074907892136507
0.40755624394638146
0.4076212571638075
0.4076857072360177
0.4077496968296798
0.40781323712670375
0.4078763253736713
0.4079389587927128
0.40800107683832837
0.40806266358554744
0.408123787426631
0.40818444549142224
0.40824463488408885
0.40830435268283977
0.40836350086804274
0.4084221426691749
0.40848030441802113
0.40853798309525524
0.408595175654298
0.40865187902101585
0.40870799439037403
0.40876359114775423
0.40881868985397424
0.4088732873318218
0.4089273803751614
0.4089809657486154
0.4090339830894948
0.4090864298924954
0.4091383597448875
0.4091897693023569
0.4092406551898981
0.40929101400147716
0.4093408422996903
0.4093900526251224
0.40943870268770965
0.40948681242795604
0.40953437829213774
0.40958139669361077
0.40962786401244955
0.4096737765950813
0.40971907841678085
0.40976377098554867
0.4098078984468612
0.40985145702293685
0.40989444290068777
0.4099368522313328
0.40997868113000524
0.4100199256753568
0.4100605334296802
0.41010050689445937
0.41013988493993747
0.41017866351074717
0.41021683851324514
0.4102544058150915
0.4102913612448254
0.4103277005914352
0.41036341960392425
0.4103984768113383
0.4104328629017505
0.41046661674015933
0.4104997339294402
0.4105322100305202
0.4105640405619172
0.4105952209992743
0.4106257467748885
0.410655613277235
0.41068481585048494
0.41071334979401924
0.4107411729383104
0.4107682911879653
0.4107947277327753
0.4108204777094056
0.41084553620753395
0.4108698982693336
0.4108935588889511
0.4109165130119779
0.4109387555349157
0.4109602813046368
0.4109810851178369
0.41100116172048323
0.41102050580725513
0.41103911202097937
0.4110569749520583
0.4110740742931397
0.41109039425439114
0.4111059560432435
0.4111207540610877
0.4111347826543187
0.4111480361137295
0.4111605086738972
0.41117219451256265
0.4111830877500028
0.4111931824483961
0.41120247261118037
0.4112109521824039
0.4112186150460684
0.4112254550254651
0.41123146588250303
0.4112366413170297
0.4112409749661436
0.41124446040349966
0.41124709113860586
0.41124886061611254
0.411249762215093
0.41124978924831646
0.4112489349615119
0.41124719253262393
0.4112445550710604
0.41124101561693066
0.4112365671402755
0.41123120254028833
0.4112249146445269
0.4112176962081163
0.41120953991294307
0.41120043836683934
0.41119038410275793
0.4111793695779379
0.41116738717306045
0.4111544291913951
0.4111404878579359
0.41112555531852757
0.41110962363898185
0.4110926848041834
0.41107473071718503
0.41105572001725277
0.41103565632151995
0.41101454946019517
0.410992390952637
0.41096917223104207
0.4109448846394673
0.4109195194328408
0.41089306777596113
0.41086552074248556
0.41083686931390556
0.4108071043785112
0.4107762167303427
0.41074419706813065
0.41071099589612386
0.4106765870384349
0.41064101388000585
0.4106042666708506
0.4105663355594112
0.4105272105914108
0.41048688170869313
0.41044533874804895
0.4104025714400284
0.41035850085293313
0.4103131223928275
0.4102664837726278
0.4102185742213555
0.4101693828547671
0.4101188986740689
0.41006711056461664
0.41001393346307347
0.40995934246856425
0.4099034086487111
0.4098461203408658
0.4097874657588312
0.40972743299145364
0.40966592144219816
0.4096029064699513
0.4095384715047554
0.40947260404337615
0.4094052914492825
0.4093364748198504
0.4092660182587301
0.40919407210376574
0.4091206230859531
0.40904565779406116
0.40896904372072845
0.40889076185907725
0.40881091642272605
0.40872949332467995
0.40864642616646996
0.408561537806185
0.40847502200654007
0.40838686396677093
0.40829698083889265
0.4082052005972456
0.40811172571741755
0.4080165406446202
0.40791945611568337
0.4078204831577268
0.40771974483636564
0.40761718950240533
0.40751252943879684
0.40740604656336804
0.4072977238691143
0.40718722998692675
0.40707480299107807
0.40696047566101107
0.40684392114280127
0.4067253418093001
0.40660479910425146
0.4064819087329208
0.4063569597846666
0.4062299343540918
0.4061004665699268
0.4059689212410947
0.40583506524349366
0.4056988348783332
0.40556045646469374
0.405419455719955
0.4052762186420239
0.4051305073547329
0.40498228455874596
0.40483170358808246
0.4046783638852044
0.4045226922512221
0.4043641559948733
0.40420317420862634
0.4040393495783155
0.40387291593991415
0.40370362224270645
0.40353159040032005
0.4033566400964122
0.4031788588811891
0.40299805731809496
0.40281437057316016
0.4026275157098073
0.4024377621131393
0.40224464423352246
0.4020486033757908
0.4018490585305359
0.4016464149606058
0.40144036042316233
0.40123088316102834
0.4010181373981387
0.4008015866620941
0.40058166032734993
0.4003580889382786
0.40013069931060175
0.3998997166846067
0.3996648205741788
0.39942596033071603
0.399183274952676
0.3989365270686004
0.3986855236629704
0.3984304472602362
0.39817120773861964
0.39790742832141185
0.3976392280800289
0.39736659363643706
0.3970894259659381
0.3968074867346877
0.3965206587807169
0.39622900112515225
0.3959324049867455
0.3956307588138427
0.39532394821335837
0.39501178900359235
0.3946941261424628
0.39437095860500004
0.3940421607719022
0.3937076038294948
0.3933671556889618
0.393020680903752
0.39266804058513755
0.39230909231590244
0.3919436900621363
0.39157168408311666
0.39119292083925905
0.39080724289811797
0.3904144888384244
0.3900144931521469
0.3896070629938204
0.38919182194563257
0.3887687799708004
0.3883377528114394
0.3878985515634027
0.3874509825655105
0.3869944692613507
0.3865290770481439
0.3860546599436527
0.38557078371665393
0.3850770391437164
0.3845735550101261
0.38405964021400707
0.38353518726015656
0.38299996227039707
0.3824533264169142
0.3818953387664582
0.3813252298915038
0.38074292768662554
0.38014797535939665
0.37953970141471177
0.37891809837455354
0.3782824363202846
0.3776320963910313
0.3769668746439023
0.37628619308530603
0.3755894511070009
0.3748760247813261
0.374145154153652
0.3733963639598585
0.3726289644480716
0.3718421418319379
0.3710350694755977
0.3702070403042463
0.36935724775089407
0.36848485654812635
0.3675885383332824
0.36666744532521534
0.3657207554103917
0.36474667527214116
0.3637446136668995
0.36271292011592554
0.36165006701901253
0.36055486853901697
0.3594256286705006
0.35826057936525957
0.35705788070012573
0.3558156216138194
0.3545318213011221
0.35320436381539244
0.35183021226715994
0.3504078809355135
0.34893359505729576
0.3474052328633412
0.34581959061553347
0.34417334557154716
0.34246311272030744
0.34068547016191186
0.3388361698625943
0.33691195030156074
0.3349080220228404
0.33282083466192863
0.33064621140317363
0.3283800240672233
0.3260181970405667
0.3235577061243071
0.3209954165668378
0.31832896650600706
0.3155572396200933
0.3126805765806327
0.3097002248346424
0.306620046173342
0.30344532779135036
0.30018364762333777
0.29684477045284957
0.29344040368671304
0.2899838205422868
0.2864893738982397
0.28297193748880606
0.2794463199641311
0.2759266999241513
0.2724261259783061
0.2689561161746011
0.2655266864041705
0.2621457499254915
0.2588200418488202
0.25555415238936324
0.25235158425625115
0.2492145968763715
0.2461440020624744
0.24314039912909868
0.24020339746029784
0.23733191556307917
0.23452511078637286
0.23178088040794922
0.22909775366705737
0.22647357074711655
0.22390656836478434
0.22139482542122343
0.2189363008306423
0.21652886723149264
0.21417034069189833
0.21185936739441
0.20959341850229354
0.20737158868389127
0.20519150781622644
0.20305166827199386
0.20095057123812957
0.1988867328818167
0.19685868964100517
0.19486500271674298
0.1929045761582109
0.19097628620734416
0.18907837890677615
0.1872106009560149
0.18537092265021038
0.18355938512618714
0.18177422123699827
0.18001461637779897
0.17828014311532758
0.17656974030615133
0.17488252643336097
0.17321778883935093
0.1715748318614092
0.16995297689524014
0.16835156240365093
0.166769943876194
0.1652074937451093
0.1636638598731927
0.16213847850136245
0.16063056463763728
0.1591395531814363
0.15766551236694093
0.15620753768118942
0.15476504655796683
0.1533383148262072
0.15192601900127325
0.15052872333296238
0.14914507380915457
0.1477757478067061
0.1464194445203885
0.1450765145050292
0.14374632596020262
0.1424283555852447
0.14112300410347237
0.1398294124376924
0.13854728436959907
0.13727658864003642
0.1360172164932907
0.13476860096684629
0.1335305327497515
0.13230280654798682
0.13108522102217596
0.12987780813485658
0.12868013279055038
0.12749197503191415
0.1263131498990584
0.12514347605129392
0.12398277570575345
0.12283087457636686
0.12168760181323632
0.1205527899424657
0.11942627480647929
0.11830789550486398
0.11719749433577843
0.11609491673795069
0.11500001123329702
0.11391278817275116
0.11283305847692927
0.11176059209919037
0.11069524846582601
0.10963688982965468
0.10858538121644268
0.10754072475296919
0.10650295830804121
0.10547167601214247
0.10444675270415921
0.10342806575753767
0.10241599465139242
0.10140997505086476
0.1004098580708794
0.0994157211072273
0.09842768905914362
0.09744524310022691
0.09646836458671734
0.0954974493570174
0.09453182005677455
0.09357155371338134
0.09261692782135245
0.0916673032664597
0.09072303092833905
0.08978390806480419
0.08884957746490964
0.08792064711110081
0.08699628014210517
0.08607699352194231
0.08516235641911063
0.08425243543789501
0.08334724256250674
0.08244647559441547
0.08155044989508717
0.08065863090372029
0.07977150366233916
0.0788884320474875
0.07800994263197336
0.07713542308025455
0.07626531870404417
0.07539916104336068
0.07453719653150866
0.07367921558927207
0.07282515315105512
0.07197516861611422
0.0711287776240188
0.07028661391223558
0.06944790572951039
0.06861315681061023
0.06778202915830349
0.0669544138528839
0.06613070192487312
0.0653102821740706
0.0644935557521972
0.0636803259207278
0.06287029737148622
0.06206403817597791
0.06126098173802453
0.06046107526998947
0.05966484179110689
0.058871660781675335
0.05808154746160226
0.05729498466131286
0.05651139145743753
0.05573074465106472
0.05495352082337489
0.05417923776265561
0.05340782172017698
0.05263953891702626
0.05187429793026461
0.05111184720754196
0.050352165204049386
0.04959570312435235
0.04884196142251465
0.04809091490238898
0.047342616185588715
0.04659733601400327
0.04585467990262689
0.04511462783221443
0.04437717277675696
0.043642670396840624
0.04291070389837438
0.042181254064830705
0.041454301848287516
0.04073001797504216
0.04000836201765953
0.03928913894516274
0.038572330469748936
0.03785791846342706
0.03714605728697245
0.03643670147147989
0.03572968063492335
0.03502497736917786
0.034322574417615215
0.03362245467369542
0.03292485663634525
0.03222952431810492
0.031536417316006427
0.030845519198895194
0.030156813677921165
0.029470284605220134
0.028786012554431417
0.02810401859219896
0.027424146559120566
0.02674638094111094
0.02607070635778519
0.025397107561223115
0.02472556943474699
0.024056076991711747
0.02338871033342931
0.022723443925747867
0.022060172766204512
0.02139888245188283
0.020739558703211477
0.020082187362830854
0.019426754394469208
0.0187732458818307
0.018121648027495305
0.017471947151826126
0.016824129691890607
0.01617829624710163
0.015534322107958772
0.014892185950977797
0.014251874736107346
0.01361337553404236
0.012976675525212394
0.012341761998779184
0.011708622351645106
0.01107724408747113
0.010447614815702506
0.009819722250606056
0.009193554210315952
0.008569098615887831
0.007946343490363423
0.0073252769578435505
0.00670588724256987
0.006088162668015069
0.00547209165598444
0.0048576627257218485
0.004244864493027868
0.0036336856693852016
0.003024115061091792
0.002416141568403578
0.001809754184684981
0.0012049419955670894
0.0006016941781144098
5.03635990309778e-17
-0.000600151181312166
-0.001198769919377111
-0.001795866679568998
-0.0023914518398769763
-0.0029855356916908393
-0.003578128440578762
-0.004169240207060535
-0.004758881027369564
-0.0053470608542107115
-0.005933789557509466
-0.006519076925152957
-0.007102932663726873
-0.007685366399241599
-0.008266387677853995
-0.008846005966581597
-0.009424230654009842
-0.010001071050991964
-0.01057653639134339
-0.011150635832528911
-0.011723378456342418
-0.012294773269582065
-0.01286482920471751
-0.01343355512055053
-0.014000959802871048
-0.014567051965105242
-0.015131840248957685
-0.015695333225048916
-0.016257539393544816
-0.01681846076089514
-0.01737801899464814
-0.01793631285288466
-0.018493350597002047
-0.019049140420609605
-0.0196036904501284
-0.02015700874538363
-0.020709103300194487
-0.02125998204295514
-0.021809652837212756
-0.022358123482238774
-0.022905401713594387
-0.023451495203692323
-0.023996347413899975
-0.024539959892259926
-0.025082408067192342
-0.02562369939619958
-0.026163841276011773
-0.026702841043121074
-0.027240705974309717
-0.02777744328717283
-0.028313060140637714
-0.028847563635477122
-0.029380868617674555
-0.029913008418424487
-0.030444053917520916
-0.030974012017160914
-0.031502889563568
-0.03203069334748058
-0.032557430104635625
-0.03308310651624899
-0.03360771448940277
-0.03413111443510054
-0.034653472077485245
-0.03517479391108982
-0.03569508637796404
-0.03621435586813179
-0.03673260872004254
-0.037249851221018614
-0.03776600072970368
-0.03828104971991663
-0.03879510544548398
-0.03930817401817762
-0.039820261500549556
-0.040331373906358645
-0.04084151720099211
-0.04135059978570008
-0.04185861810053341
-0.042365683608214987
-0.04287180210762223
-0.04337697935106194
-0.04388122104467161
-0.044384532848817
-0.044886711992056405
-0.04538796448048941
-0.04588830264004522
-0.04638773197312598
-0.04688625793806276
-0.04738388594949415
-0.04788043341317051
-0.04837605545055537
-0.04887079449614347
-0.04936465581344337
-0.04985764462389179
-0.05034976400312965
-0.05084078900941604
-0.05133095600061243
-0.051820270052347364
-0.052308736199736854
-0.05279635943772997
-0.05328303795165138
-0.053768747410555394
-0.05425362789711374
-0.05473768426674596
-0.055220921336191116
-0.05570332086432228
-0.05618468372630645
-0.05666524078959363
-0.05714499673628501
-0.05762395621123144
-0.058102123822350506
-0.058579264544491784
-0.05905560488669378
-0.05953116635251784
-0.06000595342101386
-0.060479970535662196
-0.06095297455954966
-0.061425201557633
-0.061896671185437006
-0.06236738776207424
-0.06283732946004032
-0.06330628404749784
-0.06377449786360845
-0.06424197510647058
-0.06470871994090552
-0.06517463113554813
-0.06563964933262993
-0.0661039470205507
-0.06656752824733088
-0.06703039702893933
-0.0674923367160573
-0.06795351323778792
-0.06841398884560834
-0.06887376744274606
-0.06933276649815201
-0.06979087888673761
-0.070248305518844
-0.07070505018798524
-0.07116111665768808
-0.07161624460137285
-0.07207067758874268
-0.07252444328398834
-0.07297754534472621
-0.07342980662853076
-0.07388130002217433
-0.07433214042728409
-0.07478233139840454
-0.07523175693255277
-0.07568036353495691
-0.07612833109453304
-0.07657566306551522
-0.07702228329719864
-0.0774680546929385
-0.07791320064278694
-0.0783577245033516
-0.07880156942491054
-0.07924455601045492
-0.07968693040714406
-0.08012869587656976
-0.08056979503350445
-0.08101004604623509
-0.08144969779587774
-0.08188875345154847
-0.08232713595035775
-0.08276469949682731
-0.08320167638310866
-0.08363806968831107
-0.08407376420416969
-0.08450868728761915
-0.08494303599908859
-0.08537681333008382
-0.08580984811435628
-0.08624217666151261
-0.08667394281816544
-0.08710514949055384
-0.0875355523781513
-0.08796533126532805
-0.08839455944449322
-0.08882322299575679
-0.08925103815547691
-0.089678311233994
-0.09010504499554908
-0.09053112213570286
-0.09095646315164437
-0.09138127327258916
-0.09180555518352285
-0.09222907267174742
-0.09265198169794696
-0.09307437073629553
-0.09349619646286488
-0.09391722659934386
-0.09433774483020621
-0.09475775370832043
-0.09517706351652433
-0.0955957326719498
-0.09601390036532384
-0.0964315472132848
-0.09684838869757176
-0.09726473647623664
-0.0976805929759001
-0.09809576658420294
-0.09851031539790234
-0.09892438050540167
-0.09933791926159824
-0.09975068974486656
-0.10016298396588523
-0.1005748042306336
-0.10098591140063409
-0.1013964549327983
-0.10180653177658266
-0.10221603152873879
-0.10262484426648524
-0.10303319746007682
-0.10344109330020908
-0.10384820212298816
-0.1042548511408232
-0.10466104978060685
-0.10506657796466866
-0.1054715419895156
-0.1058760624930187
-0.10628002057065222
-0.10668331849819926
-0.10708617964439292
-0.10748857804709953
-0.1078902284904649
-0.10829144877769825
-0.10869224089982298
-0.10909231913147267
-0.10949191678187306
-0.10989109273599794
-0.11028963693781119
-0.11068762990160966
-0.1110852075277874
-0.11148222778719322
-0.11187863374697696
-0.11227463061945103
-0.11267013692799172
-0.11306497330288538
-0.1134594067342395
-0.11385340898861875
-0.11424669293839511
-0.11463957998363303
-0.11503207189133306
-0.11542383641587259
-0.11581519387642933
-0.11620616209602314
-0.11659644689999554
-0.1169862913276819
-0.11737575231038445
-0.11776456696661243
-0.11815291466749328
-0.1185408846204428
-0.11892823861145584
-0.11931510564966362
-0.11970160053970652
-0.12008750325871323
-0.12047290546019887
-0.12085794101761253
-0.12124240176946074
-0.12162635472568091
-0.12200994644783361
-0.12239297444995681
-0.12277549352150093
-0.12315765667645182
-0.12353926105980317
-0.12392036137996013
-0.12430111100999935
-0.1246813008199727
-0.12506099729823844
-0.12544034822336894
-0.12581913242070805
-0.1261974397462354
-0.1265754065675969
-0.12695279402929227
-0.12732972667428383
-0.12770632377752097
-0.12808232329769428
-0.12845789552073958
-0.12883313707931432
-0.12920775737009146
-0.1295819832194492
-0.12995588319789905
-0.1303291328902713
-0.13070202620709773
-0.13107459381176711
-0.13144648600891382
-0.1318180604304385
-0.1321892702329177
-0.1325598523907584
-0.13293012135340776
-0.1332999817855437
-0.13366926722165512
-0.1340382439641252
-0.13440676337955454
-0.134774765215504
-0.13514246278178318
-0.13550964945674296
-0.13587638062108343
-0.1362428118634259
-0.13660867399755344
-0.13697414722877027
-0.1373393248106212
-0.13770387052774297
-0.13806809837715278
-0.138431988908729
-0.13879527212493703
-0.13915826695953926
-0.13952085311940515
-0.13988291142508022
-0.1402446854303632
-0.14060597515620293
-0.14096682062878627
-0.14132738581148732
-0.14168738696785485
-0.14204703150758666
-0.14240639130577584
-0.1427651200774703
-0.14312357541008158
-0.14348165830013296
-0.14383920558863314
-0.14419648326799359
-0.14455329693486493
-0.14490967419140208
-0.14526578560212602
-0.14562133766020302
-0.1459765561682181
-0.146331480255433
-0.14668581052203408
-0.14703988139971882
-0.14739355516894398
-0.14774674516766395
-0.14809967937046126
-0.14845211026273447
-0.1488041708514918
-0.14915597917455628
-0.14950717456278467
-0.1498581164405948
-0.15020869682053567
-0.15055877671085136
-0.15090861042022666
-0.15125796622921722
-0.1516069449699186
-0.15195568089922978
-0.15230381934279313
-0.15265170722956342
-0.15299923967189652
-0.15334628383322316
-0.1536930910112385
-0.15403941677325658
-0.1543853870072764
-0.15473111207400136
-0.15507624959740854
-0.15542115581168717
-0.15576568473733166
-0.15610976488087763
-0.15645361683823092
-0.1567969565689623
-0.15713998900805176
-0.15748273672634486
-0.15782495374744296
-0.15816694801613654
-0.1585085168403369
-0.15884970210689592
-0.1591906676000337
-0.1595310643192921
-0.1598712271418533
-0.16021104033525288
-0.16055040445886395
-0.16088955401201963
-0.1612282051686113
-0.16156656222252858
-0.16190463485295614
-0.16224220330263492
-0.16257956224623427
-0.16291648277104806
-0.16325305918108893
-0.16358940611145487
-0.1639252038078646
-0.16426079692733858
-0.16459600154830017
-0.16493082189854044
-0.1652654403488188
-0.1655995091171394
-0.16593336066477027
-0.16626686390972836
-0.16659995225529753
-0.16693284341917342
-0.1672652203869679
-0.16759735409345672
-0.1679291702930113
-0.1682605501715638
-0.16859173745991823
-0.16892243682783187
-0.16925287591359592
-0.16958301920387173
-0.16991271364678864
-0.17024221996730085
-0.17057125574332224
-0.17090002292952758
-0.1712285072548935
-0.17155653879822275
-0.1718843865662365
-0.17221177256838133
-0.1725388900877178
-0.17286572920345247
-0.17319211989859426
-0.17351833104773043
-0.17384408090667205
-0.17416957051387835
-0.17449477798878324
-0.1748195494129262
-0.17514414540544948
-0.17546827256709818
-0.17579215554924105
-0.17611574476820285
-0.17643891803451797
-0.17676191987146236
-0.1770844375994935
-0.17740673478600877
-0.17772871895251152
-0.17805031472010915
-0.1783717429511686
-0.17869266432950204
-0.17901339610200284
-0.17933378824059032
-0.17965382672424723
-0.17997369105062652
-0.1802930393926672
-0.18061222569452567
-0.18093103865321525
-0.18124953963287604
-0.18156782902321258
-0.18188564776774985
-0.18220330811345695
-0.18252055456610716
-0.18283753739616643
-0.18315426446678315
-0.18347057280929452
-0.18378672629360418
-0.18410241874223415
-0.18441790236060482
-0.18473307955674934
-0.18504789627945922
-0.18536255958714767
-0.1856767123633866
-0.1859907153003598
-0.18630435489846284
-0.18661769837912912
-0.18693082814378925
-0.18724351506103928
-0.1875560554479398
-0.18786816955783137
-0.18818005777832922
-0.188491666054742
-0.18880290494652127
-0.18911400052416438
-0.18942460109124445
-0.18973505164595375
-0.19004515032518393
-0.19035495864050442
-0.19066455673514143
-0.19097372557482664
-0.19128275567882683
-0.1915913564903382
-0.19189975130183254
-0.1922078554030201
-0.19251561763303487
-0.19282322630357207
-0.19313035864383934
-0.19343735665570266
-0.19374397828065254
-0.19405035046661293
-0.19435648046503357
-0.19466222946546466
-0.19496784702121375
-0.1952729975303084
-0.19557799587992056
-0.1958826585147723
-0.19618704024824374
-0.19649121624820862
-0.19679498393707018
-0.19709862430764957
-0.19740183073327894
-0.197704860924961
-0.1980075843998859
-0.19831000693512246
-0.19861224867618665
-0.19891406605942086
-0.19921576009406505
-0.1995170419956834
-0.19981813463345424
-0.20011893841841666
-0.20041943211593752
-0.20071975897894576
-0.2010196561752754
-0.2013194338409861
-0.2016188104222994
-0.20191799523436613
-0.20221689844504775
-0.20251549279593017
-0.20281392380890068
-0.203111930073924
-0.2034098204794096
-0.20370731059418012
-0.20400461645668275
-0.20430163786024938
-0.20459836150967972
-0.2048949153535319
-0.20519105910308402
-0.2054870905219683
-0.2057827126796661
-0.20607816763969872
-0.206373325660412
-0.20666820643052053
-0.20696290144464963
-0.2072572102774502
-0.2075514101707752
-0.2078451825420768
-0.2081388138400067
-0.20843212656468665
-0.20872519147668542
-0.2090180456643867
-0.20931054638399924
-0.20960294142204153
-0.20989488184418095
-0.21018671593528854
-0.2104782011186279
-0.21076947641427404
-0.21106050744802227
-0.21135122608414272
-0.21164180405244953
-0.21193196814954093
-0.21222203072499907
-0.2125117057947343
-0.21280121695713985
-0.2130904421837237
-0.21337940401282018
-0.21366818046036018
-0.21395659502081918
-0.21424491102803314
-0.2145327930899753
-0.2148205648637805
-0.21510800130929938
-0.21539523087462226
-0.2156822227480866
-0.21596891211513689
-0.2162554604560274
-0.2165416116203905
-0.2168276680313226
-0.2171133324060452
-0.21739885353702504
-0.21768407746846832
-0.21796906527656687
-0.21825384978484058
-0.21853830621284598
-0.21882265231326184
-0.21910657928976862
-0.2193904151208223
-0.21967388743235441
-0.21995719662584237
-0.22024023354684102
-0.2205230179940269
-0.22080562052078792
-0.2210878820990706
-0.2213700512231794
-0.2216517917961778
-0.22193344464736114
-0.22221474992216422
-0.2224958844767437
-0.22277675929555701
-0.22305737738095927
-0.22333782271669508
-0.22361792614688372
-0.22389794296782795
-0.2241775335433851
-0.22445703964362662
-0.22473620232142172
-0.22501519817387192
-0.22529393521413868
-0.22557242258428192
-0.22585073493696373
-0.2261287155772077
-0.22640660418770298
-0.22668407983745728
-0.2269614740881741
-0.22723851803238962
-0.22751540980089646
-0.2277920328120073
-0.22806842380366818
-0.2283446268090492
-0.22862051871652297
-0.22889630263908245
-0.22917169714239846
-0.22944701315937713
-0.2297219616672259
-0.22999678269291826
-0.23027131486002012
-0.23054564254142135
-0.23081975927296877
-0.2310935952447257
-0.2313672974415191
-0.2316406433260039
-0.2319139134796534
-0.23218678929184902
-0.23245957167871797
-0.2327320356323596
-0.2330043318427577
-0.2332763848212267
-0.23354819643345898
-0.2338198393158176
-0.23409116789625384
-0.23436240155725988
-0.23463324866040486
-0.23490402331366084
-0.2351744411390871
-0.23544473652681028
-0.23571474772947001
-0.2359845653752272
-0.23625417081279979
-0.23652351222854984
-0.23679271275447983
-0.23706157944064055
-0.2373303759041503
-0.2375987693496639
-0.23786709340864878
-0.23813508427816735
-0.23840293720358735
-0.2386705265331587
-0.23893790978408896
-0.23920509840618334
-0.23947201343046964
-0.239738802173402
-0.24000525040772377
-0.24027163151260228
-0.24053762296559925
-0.24080353930469617
-0.24106913333867377
-0.2413345863196482
-0.24159978374642907
-0.24186477476600848
-0.24212957639332378
-0.24239410683736623
-0.24265851346886821
-0.24292258471242195
-0.24318659152048142
-0.243450210555059
-0.24371376008904633
-0.24397698651441627
-0.24424008012133713
-0.24450291472495847
-0.24476555374123285
-0.24502799730654573
-0.24529018305806582
-0.24555223636450468
-0.24581397016669215
-0.24607563398969684
-0.24633691714755976
-0.24659813890024104
-0.2468590260667758
-0.24711979899060685
-0.24738029897617492
-0.24764062434920742
-0.24790073791338585
-0.2481606170034685
-0.24842034490189732
-0.24867977896673107
-0.24893912195112414
-0.2491981122383158
-0.24945704340777325
-0.2497156188035875
-0.24997410792054525
-0.25023230063401974
-0.25049034892000366
-0.2507481596872584
-0.25100576835390004
-0.25126319790718343
-0.2515203681562729
-0.25177741722397257
-0.25203415024750914
-0.2522908195541624
-0.25254711653440476
-0.25280335696740347
-0.253059268910227
-0.25331507492238187
-0.25357060925477354
-0.2538259820032326
-0.25408113943443195
-0.2543360800667915
-0.2545908613022394
-0.25484537095659276
-0.2550997766979413
-0.25535385650292686
-0.25560788167989856
-0.25586153852289717
-0.25611513538925856
-0.25636841882047834
-0.25662158848053696
-0.2568744991865716
-0.25712724273535814
-0.2573797813990616
-0.2576320999223761
-0.25788426722287167
-0.25813616179732934
-0.258387958410018
-0.2586394301030939
-0.2588908493212991
-0.25914190656973896
-0.2593929043499786
-0.2596435929145794
-0.25989417030085954
-0.2601444908422288
-0.260394648869583
-0.26064460204465195
-0.260894341739184
-0.2611439282012169
-0.261393250580143
-0.26164247097874593
-0.2618913770504375
-0.2621402320315667
-0.2623887227955922
-0.26263716337923343
-0.26288528944872824
-0.26313331606253626
-0.2633810786306136
-0.26362869225160906
-0.2638760919497118
-0.26412329354626674
-0.2643703310022297
-0.2646171215341073
-0.26486379737216637
-0.26511017779056073
-0.26535649263136024
-0.2656024638789343
-0.2658483866565723
-0.26609398135046075
-0.26633949620724945
-0.2665847317443436
-0.26682983960114437
-0.2670747165878023
-0.2673194183570901
-0.26756393739611817
-0.26780823398201886
-0.2680523956726791
-0.2682962879710058
-0.2685400929090224
-0.26878358180731166
-0.26902702375663506
-0.26927011696242786
-0.2695131566769433
-0.2697558948961183
-0.26999853324225404
-0.27024091705646114
-0.27048315489250363
-0.2707251848798922
-0.27096702305601966
-0.27120869979124523
-0.27145013914956123
-0.27169146320379234
-0.2719325045783604
-0.27217347651928603
-0.2724141207361622
-0.27265471960176896
-0.27289498900526366
-0.27313519178411017
-0.2733751107565533
-0.27361491825432244
-0.27385448734955
-0.27409390036403947
-0.2743331201324407
-0.27457213945359527
-0.2748110104421186
-0.27504963685206063
-0.27528815960422065
-0.2755263938772803
-0.2757645689331634
-0.27600241183590973
-0.2762402107535437
-0.2764776920234512
-0.2767151005509056
-0.2769522357242885
-0.2771892546084297
-0.27742604421172334
-0.27766267419176766
-0.27789911874800927
-0.27813536055555166
-0.2783714605843857
-0.27860731494342766
-0.2788430709611122
-0.27907853858809006
-0.2793139511075024
-0.27954903271131337
-0.279784071475984
-0.28001879852398565
-0.28025345215801195
-0.28048783722614057
-0.28072210641932593
-0.28095615000698837
-0.2811900354416989
-0.281423738044948
-0.2816572403961379
-0.2818906025076774
-0.28212372244291434
-0.28235674455210347
-0.2825894827315936
-0.28282216532445265
-0.28305452240106543
-0.28328683757464485
-0.28351884257957266
-0.2837507774580668
-0.2839824443847392
-0.28421399960247073
-0.28444532892359964
-0.2846765051076444
-0.2849074972926262
-0.2851382950628358
-0.28536895057775596
-0.285599370546781
-0.2858296898544188
-0.28605973262773077
-0.28628971618756277
-0.2865193823634757
-0.28674900737190934
-0.28697832080137337
-0.28720756993805435
-0.287436548978373
-0.2876654228235564
-0.28789406792104
-0.2881225670479036
-0.2883508786455811
-0.2885790036202458
-0.28880698215786876
-0.2890347335394173
-0.28926237945346317
-0.2894897577939609
-0.2897170715176374
-0.28994407736215083
-0.29017104258251525
-0.2903976932120145
-0.290624286582186
-0.2908506063013553
-0.2910768283487707
-0.291302817577774
-0.291528668822941
-0.2917543279786896
-0.29197980893520414
-0.2922051384313605
-0.29243024960592406
-0.292655249852905
-0.2928799917453414
-0.29310466315032063
-0.2933290362535922
-0.2935533690911855
-0.29377738402072817
-0.29400134863709754
-0.29422503592673493
-0.2944486327975849
-0.2946719928415505
-0.29489522243578375
-0.29511825562508326
-0.2953411184048159
-0.295563825127229
-0.29578632154780454
-0.29600870218788905
-0.29623083269789285
-0.29645288763698613
-0.2966746526782589
-0.29689637763387744
-0.2971177823021321
-0.29733914228082975
-0.29756022237280894
-0.2977812177994831
-0.29800197368366804
-0.29822260497652103
-0.2984430370181842
-0.29866330458873586
-0.2988834131499436
-0.29910331740304297
-0.2993231028426572
-0.2995426441764936
-0.29976210685017396
-0.2999812856562889
-0.30020042438380057
-0.300419242579792
-0.30063801919669936
-0.3008565156745402
-0.3010749305556987
-0.30129310565825734
-0.301511159171914
-0.3017290132388652
-0.3019467057466676
-0.30216423911449375
-0.3023815709715
-0.30259878397349305
-0.3028157555281801
-0.30303264849444245
-0.3032492600887145
-0.3034658314430004
-0.30368208531535795
-0.3038982970528109
-0.30411423186062186
-0.3043300843066611
-0.30454570036728223
-0.3047611938407842
-0.30497649146838934
-0.30519162628169455
-0.3054066057872746
-0.3056213822461942
-0.30583604393755764
-0.30605046234137967
-0.3062648065231545
-0.30647886716464967
-0.30669288723995053
-0.30690659730370995
-0.3071202598876068
-0.30733365333658036
-0.3075469587055025
-0.30776003583159955
-0.3079729842554787
-0.30818574534742976
-0.3083983370897041
-0.3086107824330619
-0.3088230177506801
-0.3090351476278194
-0.30924702677124427
-0.30945884146136193
-0.30967036467457326
-0.3098818468332318
-0.31009303197418614
-0.3103041584014898
-0.31051502917394735
-0.3107258000976211
-0.3109363567680676
-0.3111467724093633
-0.3113570152411067
-0.3115670758148047
-0.3117770050679744
-0.3119867107823841
-0.31219632671393094
-0.3124056777708925
-0.312614980634588
-0.31282397722947225
-0.3130329321210295
-0.31324160959761665
-0.31345021015420077
-0.3136585753051698
-0.3138668217059256
-0.3140748747723252
-0.3142827671899275
-0.31449050840962356
-0.31469804701027615
-0.3149054766179511
-0.31511266156138557
-0.3153197797885373
-0.3155266112280104
-0.31573340023738783
-0.3159398963852435
-0.3161463319558036
-0.3163525173985117
-0.3165585996672625
-0.3167644746235713
-0.31697020372103696
-0.31717576840650447
-0.31738114445672133
-0.31758639908371333
-0.31779142220422624
-0.31799636698191475
-0.31820103728377236
-0.3184056643120694
-0.3186099900058849
-0.3188142642185363
-0.3190182806713867
-0.31922220216312425
-0.31942590957139055
-0.31962947843043155
-0.3198328769872921
-0.32003609329533295
-0.32023918319076167
-0.3204420470229713
-0.32064482844373576
-0.32084733986874914
-0.32104980705941794
-0.32125197207831924
-0.321454086802296
-0.32165594388757424
-0.3218577061970632
-0.32205925552263726
-0.32226066546328025
-0.32246190719985096
-0.32266296481071866
-0.3228638991257661
-0.3230646044393497
-0.3232652314971306
-0.32346558453933205
-0.3236658922678884
-0.32386590529099923
-0.3240658606256009
-0.32426556686484753
-0.3244651698148042
-0.3246645694215221
-0.3248638199895166
-0.32506291311180285
-0.32526181129387965
-0.3254605980765909
-0.3256591438621453
-0.3258576244468938
-0.32605581781865905
-0.3262539646771786
-0.3264518332778457
-0.3266496275361495
-0.32684719034419285
-0.3270446319682126
-0.3272418891122339
-0.32743897806119204
-0.32763592966653177
-0.32783266589292764
-0.32802931208166125
-0.32822569553125724
-0.32842203132533065
-0.3286180670339975
-0.32881404981026896
-0.32900978044892576
-0.3292054101361385
-0.32940083581376095
-0.3295961123338642
-0.32979123315614284
-0.32998615642427653
-0.3301809724936128
-0.3303755424180908
-0.3305700538335924
-0.3307642703158854
-0.33095843771612177
-0.33115234010808114
-0.3313461537592761
-0.33153975177491857
-0.3317332115612205
-0.33192650528643464
-0.3321196110850826
-0.3323126006024407
-0.33250535228374517
-0.3326980376724985
-0.3328904350998219
-0.3330827821096458
-0.33327485946563296
-0.33346685185802116
-0.3336586253031798
-0.33385026292387326
-0.33404173252411923
-0.3342330152118353
-0.33442418102973814
-0.334615108616149
-0.33480597071092605
-0.33499654302063725
-0.33518706348593463
-0.33537731829867634
-0.3355674830660677
-0.33575743431316835
-0.3359472431892989
-0.3361368909165121
-0.3363263437008746
-0.3365156879505739
-0.33670478443548546
-0.3368938252466583
-0.3370825652172359
-0.33727125182210566
-0.3374596858596129
-0.3376480154698899
-0.33783614616545565
-0.338024118547917
-0.3382119459269234
-0.3383995608410505
-0.33858708492546247
-0.3387743421234156
-0.3389615446109473
-0.3391484621583654
-0.339335306400295
-0.33952192069844683
-0.33970840642824957
-0.3398947174853665
-0.3400808444290924
-0.3402668522499559
-0.3404526201262013
-0.3406383247121352
-0.3408237332320135
-0.34100908534180674
-0.3411941834479899
-0.3413791756101655
-0.34156397046457754
-0.34174860237110655
-0.3419330939611716
-0.3421173652964286
-0.3423015536060774
-0.34248546404680913
-0.3426693165851664
-0.3428528982717644
-0.34303638927267127
-0.34321966760961026
-0.34340279673025986
-0.34358577168742127
-0.3437685385772554
-0.34395121012098895
-0.34413361442166535
-0.34431595925837916
-0.3444980238601383
-0.3446800054118128
-0.34486176647792127
-0.3450433843662174
-0.34522484184881636
-0.34540609568747854
-0.3455872495351362
-0.34576813892995667
-0.34594896722729596
-0.3461295136364411
-0.3463099767397198
-0.346490219338105
-0.34667031683264266
-0.34685025555445803
-0.3470299870174804
-0.34720962179329967
-0.3473889867939002
-0.34756828898873515
-0.3477473156497718
-0.347926250576147
-0.3481049730611181
-0.34828354026714503
-0.34846195849206657
-0.3486401575175732
-0.34881827139479815
-0.3489961017712873
-0.34917386755591284
-0.34935137246010456
-0.34952876873226973
-0.3497059690037508
-0.3498829952734321
-0.3500598908098071
-0.3502365465784954
-0.3504131362901936
-0.3505894220343136
-0.3507656403359273
-0.3509416210154442
-0.3511174673864822
-0.35129314288409225
-0.3514686167954087
-0.35164398699005533
-0.3518190879038028
-0.3519941208297636
-0.3521688800402481
-0.35234353899903226
-0.35251799252075894
-0.3526922769519271
-0.3528664246487204
-0.353040333982952
-0.3532141737507124
-0.353387709373873
-0.35356117302684403
-0.35373440239365783
-0.3539074893394182
-0.35408041229841414
-0.35425312193547226
-0.3544257383313273
-0.35459807004906974
-0.35477033011310055
-0.3549423329012362
-0.3551142139641009
-0.35528590969989515
-0.35545741112719964
-0.35562879963980254
-0.3557999207878309
-0.3559709685801285
-0.3561417421181405
-0.3563124084981665
-0.3564828742769187
-0.35665315857661
-0.35682331640953263
-0.3569932179512945
-0.35716304437881025
-0.35733258574450494
-0.35750202822857047
-0.35767126106490654
-0.35784031890298745
-0.35800924300747283
-0.3581779154872835
-0.35834651103561466
-0.3585148170528581
-0.3586830260034271
-0.35885102265721375
-0.3590188442721749
-0.3591865313438814
-0.35935396487540916
-0.359521319597176
-0.3596883868325723
-0.3598553521759291
-0.3600221091489207
-0.36018868433983314
-0.36035513081544746
-0.3605213150696619
-0.36068741857234377
-0.36085324333178237
-0.3610189545457217
-0.36118446807807414
-0.36134978619213093
-0.361514988245849
-0.36167991243841374
-0.3618447538716252
-0.36200933219669446
-0.3621737782976467
-0.3623380443642963
-0.36250209428378544
-0.36266604782365686
-0.3628297007017486
-0.36299326874393895
-0.36315659640820086
-0.36331976593777476
-0.36348278024467856
-0.36364555037336854
-0.3638082341343908
-0.36397062086603665
-0.3641329037105914
-0.3642949762157159
-0.3644568572266393
-0.3646186152068731
-0.36478009345579016
-0.3649414831377378
-0.3651026111556621
-0.36526359649638784
-0.3654244090681419
-0.365584989109579
-0.3657454789644897
-0.3659056596918683
-0.3660657426214911
-0.36622560694181266
-0.36638528195778286
-0.3665448295418714
-0.3667040956440969
-0.36686326922868645
-0.36702218233488787
-0.3671809453126754
-0.3673395406682324
-0.3674978920079726
-0.3676561491158768
-0.36781410792413394
-0.36797195165154456
-0.3681295916540491
-0.3682870209379157
-0.3684443417738374
-0.3686013555388278
-0.3687582725992859
-0.36891495400115476
-0.3690714537295457
-0.3692278148547002
-0.36938389614296746
-0.36953987891045925
-0.3696955983395563
-0.3698511608015417
-0.3700065588019375
-0.37016169981693603
-0.37031674045079216
-0.37047149440889915
-0.3706261116769454
-0.3707805430119901
-0.37093473573860086
-0.37108882617811506
-0.37124261103936246
-0.3713962749638909
-0.37154973596480856
-0.3717029721638368
-0.3718561041227164
-0.37200891613197234
-0.3721616183357476
-0.372314105203954
-0.3724663764064561
-0.3726185376969536
-0.37277037663831747
-0.3729221085106613
-0.37307361731609745
-0.37322491481752973
-0.37337609670572647
-0.3735269585396492
-0.37367771123047466
-0.3738282379098972
-0.373978552764085
-0.3741287511419554
-0.37427862682535296
-0.3744283912390139
-0.3745779315942417
-0.37472725460716066
-0.37487646506477806
-0.3750253454707712
-0.3751741122597218
-0.3753226619558377
-0.37547098367920445
-0.37561919063429866
-0.3757670774143617
-0.3759148369726217
-0.3760623915361278
-0.3762097022607933
-0.3763568959469725
-0.3765037845341732
-0.3766505269905916
-0.37679708180751936
-0.3769433715566593
-0.37708954193797156
-0.37723542762361967
-0.37738114283493285
-0.3775266931489035
-0.3776719516710012
-0.3778170884348571
-0.3779619663665332
-0.37810664391021087
-0.37825118482044845
-0.37839540158206303
-0.3785394941319427
-0.37868335931147684
-0.37882698847834956
-0.3789704919541904
-0.3791136791159577
-0.37925671656389504
-0.37939956384529644
-0.3795421336319589
-0.37968457516991233
-0.37982674091971735
-0.37996871207855565
-0.38011053616588963
-0.3802520352668729
-0.38039340349280587
-0.3805345424335459
-0.38067543580895896
-0.38081619672666417
-0.38095664805387774
-0.38109693128128164
-0.3812370378622537
-0.38137684164452434
-0.3815165102290785
-0.3816559254096051
-0.38179511163121554
-0.3819341610042776
-0.3820728822013998
-0.3822114462444969
-0.3823498194665692
-0.3824878963457319
-0.3826258335163886
-0.38276350879193255
-0.3829009557502403
-0.3830382612769822
-0.3831752359040976
-0.3833120481186659
-0.3834486713932427
-0.3835849883793354
-0.3837211609473439
-0.38385707942970193
-0.38399275358448437
-0.38412828152162587
-0.38426349238788926
-0.3843985186733351
-0.3845333746570963
-0.38466789728885936
-0.3848022705829438
-0.3849364146215085
-0.38507028093480605
-0.3852039960298755
-0.3853374251742315
-0.3854706299052649
-0.3856036815063733
-0.38573639275654015
-0.38586893055324095
-0.38600128171524695
-0.3861333035809473
-0.3862651690012617
-0.3863967976723698
-0.38652814362721427
-0.3866593311373535
-0.3867902341878032
-0.3869208986382836
-0.3870514026109389
-0.3871815768580908
-0.3873115541161327
-0.3874413627514669
-0.3875708110364252
-0.38770009531754684
-0.3878291702752359
-0.38795792182837463
-0.3880865072498094
-0.3882148452125211
-0.3883428940875278
-0.3884707746663097
-0.3885983722618113
-0.38872571241105297
-0.38885288206206264
-0.3889797358626235
-0.38910636113517144
-0.3892328136691444
-0.3893589201909262
-0.38948482433054143
-0.38961055345203593
-0.38973590915447587
-0.3898610857975541
-0.3899860647447138
-0.39011068638805935
-0.39023512906153524
-0.39035935177077224
-0.3904832352486468
-0.39060693736785573
-0.39073040015402377
-0.39085353881044704
-0.3909764936769443
-0.3910991927959291
-0.3912215798598688
-0.3913437806592054
-0.3914657123072596
-0.39158734089038166
-0.39170878068983445
-0.39182994100290314
-0.3919508040972774
-0.3920714758435352
-0.3921918608965693
-0.39231195137232877
-0.39243184788913044
-0.39255145369539024
-0.39267076429834363
-0.3927898782840698
-0.39290870079441564
-0.39302722414361163
-0.3931455481688276
-0.3932635832710011
-0.39338131185624375
-0.3934988383611927
-0.3936160818790843
-0.3937330080583984
-0.3938497293504444
-0.393966177043351
-0.3940822930403965
-0.394198201291416
-0.3943138488532848
-0.39442914675471863
-0.3945442339984392
-0.3946590770571007
-0.3947735488098862
-0.39488780693917125
-0.39500184105555913
-0.3951154784642202
-0.39522889922829957
-0.395342102388041
-0.39545491461947846
-0.3955674896211222
-0.3956798439207751
-0.3957918358143663
-0.39590355650700193
-0.39601505334170684
-0.39612622021792004
-0.3962370779026905
-0.3963477085140211
-0.3964580456227586
-0.3965680314455218
-0.39667778691845684
-0.3967872894382028
-0.39689639438646884
-0.39700526564630273
-0.39711390214550957
-0.39722214358306474
-0.397330121392255
-0.3974378610155792
-0.39754525549218206
-0.3976523304471329
-0.39775916372541
-0.3978657061626695
-0.3979718686904498
-0.39807778598374366
-0.3981834568918255
-0.39828871158283624
-0.39839370307706023
-0.39849844453465616
-0.39860283415831216
-0.3987068898617806
-0.3988106918065964
-0.3989142110164053
-0.39901732075631496
-0.39912017294339586
-0.3992227663411271
-0.3993249697329514
-0.39942686173105835
-0.3995284910445399
-0.39962981030958306
-0.39973073149749533
-0.3998313860294806
-0.3999317726044466
-0.40003175510401073
-0.4001314239618394
-0.40023082078460254
-0.4003299049366158
-0.4004285770283279
-0.4005269729268227
-0.40062509126231094
-0.4007228169275386
-0.40082020052468814
-0.40091730228798717
-0.4010141148608263
-0.4011104745704567
-0.4012065480909918
-0.40130233397959003
-0.4013977655456757
-0.4014927989377684
-0.4015875402237196
-0.401681987916906
-0.4017760245701778
-0.40186970905947994
-0.4019630953590182
-0.40205618193676507
-0.4021488094685731
-0.4022411218630484
-0.40233312981198266
-0.40242480988368534
-0.40251603562945404
-0.4026069521113798
-0.40269755771407467
-0.40278780429466765
-0.40287761623245094
-0.40296711233892224
-0.4030562909486168
-0.40314508899320856
-0.40323346218297024
-0.40332151278579076
-0.4034092390842983
-0.40349657322297716
-0.40358348204491973
-0.40367006132986033
-0.4037563093066284
-0.40384216383798477
-0.40392758197135603
-0.40401266341675823
-0.4040974063472679
-0.40418176523175503
-0.4042656656329848
-0.40434922198768825
-0.404432432411169
-0.4045152792642973
-0.40459763414444266
-0.40467963740501284
-0.40476128710145154
-0.4048425812732362
-0.40492338598828653
-0.40500380737552005
-0.4050838673419397
-0.4051635638643625
-0.4052428169366151
-0.4053216268712977
-0.4054000672972806
-0.4054781361264686
-0.4055558199702433
-0.4056329880481348
-0.405709778290565
-0.40578618854219933
-0.4058622166295354
-0.4059377801613672
-0.40601288871836594
-0.4060876086413632
-0.4061619376864909
-0.40623587359078045
-0.40630928396310867
-0.4063822809124588
-0.40645487801038743
-0.4065270729202948
-0.40659884630268206
-0.40667008671141397
-0.40674091802657114
-0.4068113378352995
-0.4068813437038809
-0.4069509041674434
-0.4070199349044539
-0.4070885445364101
-0.40715673054981194
-0.4072244904092384
-0.40729180245944957
-0.40735856583978275
-0.4074248956308127
-0.40749078921365073
-0.40755624394638146
-0.4076212571638075
-0.4076857072360177
-0.4077496968296798
-0.4078132371267037
-0.4078763253736713
-0.4079389587927128
-0.4080010768383283
-0.40806266358554744
-0.408123787426631
-0.40818444549142224
-0.4082446348840889
-0.40830435268283977
-0.40836350086804274
-0.4084221426691749
-0.4084803044180211
-0.4085379830952553
-0.408595175654298
-0.40865187902101585
-0.4087079943903741
-0.40876359114775423
-0.4088186898539742
-0.4088732873318218
-0.4089273803751614
-0.4089809657486155
-0.4090339830894948
-0.4090864298924954
-0.4091383597448875
-0.4091897693023569
-0.40924065518989805
-0.40929101400147716
-0.4093408422996903
-0.4093900526251224
-0.4094387026877096
-0.40948681242795604
-0.40953437829213774
-0.40958139669361077
-0.4096278640124495
-0.40967377659508125
-0.40971907841678085
-0.40976377098554867
-0.4098078984468612
-0.40985145702293685
-0.40989444290068777
-0.4099368522313328
-0.40997868113000524
-0.41001992567535683
-0.4100605334296802
-0.41010050689445937
-0.41013988493993747
-0.41017866351074717
-0.41021683851324514
-0.41025440581509154
-0.4102913612448254
-0.4103277005914352
-0.41036341960392425
-0.41039847681133823
-0.4104328629017505
-0.41046661674015933
-0.4104997339294402
-0.4105322100305202
-0.4105640405619172
-0.41059522099927426
-0.4106257467748885
-0.410655613277235
-0.41068481585048494
-0.41071334979401924
-0.4107411729383104
-0.4107682911879653
-0.4107947277327753
-0.4108204777094056
-0.41084553620753395
-0.4108698982693336
-0.4108935588889511
-0.4109165130119779
-0.4109387555349157
-0.41096028130463674
-0.4109810851178369
-0.41100116172048323
-0.41102050580725513
-0.41103911202097937
-0.4110569749520583
-0.4110740742931397
-0.4110903942543911
-0.4111059560432435
-0.4111207540610877
-0.41113478265431874
-0.4111480361137295
-0.4111605086738972
-0.41117219451256265
-0.4111830877500028
-0.4111931824483961
-0.41120247261118037
-0.4112109521824039
-0.4112186150460684
-0.4112254550254651
-0.41123146588250303
-0.4112366413170297
-0.41124097496614365
-0.41124446040349966
-0.41124709113860586
-0.41124886061611254
-0.411249762215093
-0.41124978924831646
-0.4112489349615119
-0.41124719253262393
-0.4112445550710604
-0.41124101561693066
-0.4112365671402755
-0.41123120254028833
-0.4112249146445269
-0.4112176962081163
-0.41120953991294307
-0.41120043836683934
-0.41119038410275793
-0.4111793695779379
-0.41116738717306045
-0.4111544291913951
-0.4111404878579359
-0.41112555531852757
-0.41110962363898185
-0.4110926848041834
-0.41107473071718503
-0.41105572001725277
-0.41103565632151995
-0.41101454946019517
-0.410992390952637
-0.41096917223104207
-0.4109448846394673
-0.4109195194328407
-0.41089306777596113
-0.41086552074248556
-0.41083686931390556
-0.4108071043785112
-0.4107762167303427
-0.41074419706813065
-0.41071099589612386
-0.4106765870384349
-0.41064101388000585
-0.4106042666708506
-0.4105663355594112
-0.4105272105914108
-0.4104868817086931
-0.41044533874804895
-0.41040257144002834
-0.41035850085293313
-0.4103131223928275
-0.4102664837726278
-0.41021857422135555
-0.4101693828547672
-0.4101188986740689
-0.41006711056461664
-0.41001393346307347
-0.40995934246856425
-0.4099034086487111
-0.4098461203408658
-0.4097874657588312
-0.40972743299145364
-0.40966592144219816
-0.4096029064699513
-0.4095384715047554
-0.40947260404337615
-0.40940529144928256
-0.4093364748198504
-0.4092660182587301
-0.4091940721037658
-0.40912062308595315
-0.40904565779406116
-0.40896904372072845
-0.40889076185907725
-0.40881091642272605
-0.40872949332467995
-0.40864642616646996
-0.408561537806185
-0.40847502200654007
-0.408386863966771
-0.4082969808388926
-0.4082052005972456
-0.40811172571741766
-0.4080165406446201
-0.4079194561156833
-0.40782048315772684
-0.40771974483636564
-0.4076171895024054
-0.4075125294387969
-0.407406046563368
-0.4072977238691143
-0.4071872299869267
-0.40707480299107807
-0.4069604756610111
-0.40684392114280127
-0.4067253418093001
-0.40660479910425146
-0.4064819087329208
-0.4063569597846666
-0.4062299343540919
-0.4061004665699267
-0.4059689212410947
-0.4058350652434937
-0.40569883487833325
-0.4055604564646938
-0.4054194557199551
-0.4052762186420239
-0.4051305073547328
-0.404982284558746
-0.40483170358808257
-0.40467836388520445
-0.4045226922512221
-0.40436415599487324
-0.4042031742086263
-0.4040393495783155
-0.4038729159399142
-0.40370362224270645
-0.4035315904003201
-0.40335664009641214
-0.4031788588811891
-0.402998057318095
-0.4028143705731602
-0.4026275157098074
-0.4024377621131393
-0.40224464423352246
-0.4020486033757908
-0.4018490585305359
-0.40164641496060594
-0.40144036042316245
-0.4012308831610284
-0.40101813739813863
-0.4008015866620941
-0.40058166032734993
-0.40035808893827873
-0.40013069931060186
-0.39989971668460655
-0.3996648205741787
-0.39942596033071603
-0.39918327495267597
-0.3989365270686004
-0.3986855236629705
-0.39843044726023613
-0.3981712077386196
-0.3979074283214119
-0.39763922808002894
-0.39736659363643717
-0.39708942596593827
-0.3968074867346876
-0.39652065878071685
-0.3962290011251523
-0.39593240498674553
-0.39563075881384274
-0.3953239482133584
-0.39501178900359235
-0.39469412614246274
-0.3943709586050001
-0.39404216077190224
-0.39370760382949493
-0.3933671556889617
-0.3930206809037519
-0.39266804058513755
-0.39230909231590244
-0.3919436900621364
-0.3915716840831168
-0.3911929208392589
-0.39080724289811797
-0.3904144888384244
-0.3900144931521469
-0.3896070629938202
-0.38919182194563257
-0.3887687799708003
-0.3883377528114393
-0.3878985515634027
-0.3874509825655106
-0.3869944692613507
-0.38652907704814393
-0.3860546599436525
-0.3855707837166539
-0.3850770391437165
-0.3845735550101262
-0.38405964021400707
-0.38353518726015673
-0.3829999622703969
-0.3824533264169142
-0.3818953387664583
-0.3813252298915037
-0.38074292768662593
-0.3801479753593964
-0.3795397014147116
-0.37891809837455354
-0.3782824363202847
-0.37763209639103146
-0.37696687464390266
-0.37628619308530614
-0.3755894511070008
-0.3748760247813261
-0.37414515415365196
-0.37339636395985853
-0.37262896444807175
-0.3718421418319377
-0.37103506947559745
-0.37020704030424617
-0.3693572477508942
-0.36848485654812657
-0.3675885383332827
-0.3666674453252153
-0.3657207554103917
-0.3647466752721413
-0.3637446136668996
-0.3627129201159256
-0.3616500670190131
-0.36055486853901664
-0.35942562867050065
-0.3582605793652596
-0.35705788070012595
-0.35581562161381985
-0.35453182130112204
-0.35320436381539133
-0.35183021226715994
-0.35040788093551356
-0.3489335950572955
-0.34740523286334213
-0.34581959061553297
-0.34417334557154694
-0.3424631127203075
-0.3406854701619118
-0.3388361698625943
-0.3369119503015614
-0.3349080220228394
-0.332820834661928
-0.3306462114031742
-0.32838002406722394
-0.32601819704056684
-0.3235577061243079
-0.3209954165668376
-0.31832896650600573
-0.31555723962009335
-0.312680576580633
-0.3097002248346428
-0.30662004617334315
-0.30344532779134953
-0.30018364762333755
-0.2968447704528505
-0.29344040368671287
-0.2899838205422883
-0.28648937389824153
-0.2829719374888052
-0.2794463199641322
-0.2759266999241517
-0.27242612597830607
-0.26895611617460236
-0.26552668640416927
-0.2621457499254924
-0.25882004184882107
-0.2555541523893624
-0.2523515842562513
-0.24921459687637246
-0.24614400206247408
-0.24314039912909774
-0.24020339746029853
-0.23733191556307995
-0.23452511078637303
-0.23178088040795053
-0.2290977536670571
-0.2264735707471153
-0.22390656836478515
-0.22139482542122352
-0.2189363008306425
-0.21652886723149334
-0.21417034069189747
-0.21185936739440947
-0.20959341850229357
-0.2073715886838912
-0.20519150781622716
-0.203051668271994
-0.20095057123812898
-0.1988867328818169
-0.19685868964100503
-0.19486500271674315
-0.1929045761582114
-0.19097628620734397
-0.1890783789067762
-0.18721060095601494
-0.1853709226502104
-0.18355938512618702
-0.1817742212369994
-0.18001461637779836
-0.17828014311532756
-0.17656974030615177
-0.17488252643336077
-0.17321778883935096
-0.17157483186140973
-0.1699529768952397
-0.16835156240365073
-0.16676994387619443
-0.1652074937451091
-0.16366385987319282
-0.16213847850136337
-0.16063056463763706
-0.15913955318143636
-0.15766551236694107
-0.15620753768118967
-0.15476504655796675
-0.15333831482620766
-0.15192601900127353
-0.150528723332962
-0.14914507380915482
-0.1477757478067061
-0.14641944452038894
-0.1450765145050291
-0.14374632596020184
-0.14242835558524491
-0.14112300410347242
-0.1398294124376923
-0.13854728436959973
-0.13727658864003642
-0.1360172164932903
-0.13476860096684645
-0.1335305327497518
-0.13230280654798676
-0.1310852210221764
-0.12987780813485658
-0.12868013279055035
-0.1274919750319141
-0.1263131498990585
-0.12514347605129414
-0.12398277570575385
-0.12283087457636654
-0.12168760181323597
-0.12055278994246554
-0.11942627480647917
-0.11830789550486437
-0.11719749433577889
-0.1160949167379506
-0.11500001123329721
-0.11391278817275123
-0.11283305847692919
-0.11176059209919077
-0.11069524846582623
-0.10963688982965468
-0.10858538121644265
-0.10754072475296926
-0.10650295830804157
-0.105471676012143
-0.10444675270415918
-0.10342806575753712
-0.10241599465139238
-0.10140997505086503
-0.1004098580708792
-0.09941572110722782
-0.0984276890591435
-0.09744524310022674
-0.09646836458671768
-0.0954974493570176
-0.09453182005677455
-0.09357155371338197
-0.09261692782135202
-0.09166730326645933
-0.09072303092833933
-0.08978390806480432
-0.08884957746490986
-0.08792064711110104
-0.08699628014210518
-0.08607699352194202
-0.08516235641911091
-0.08425243543789514
-0.08334724256250697
-0.08244647559441576
-0.08155044989508704
-0.08065863090372034
-0.0797715036623392
-0.07888843204748772
-0.07800994263197378
-0.07713542308025434
-0.07626531870404386
-0.07539916104336082
-0.07453719653150886
-0.07367921558927239
-0.07282515315105569
-0.07197516861611422
-0.07112877762401842
-0.07028661391223578
-0.06944790572951069
-0.06861315681061021
-0.06778202915830364
-0.06695441385288393
-0.0661307019248728
-0.0653102821740704
-0.06449355575219727
-0.06368032592072763
-0.0628702973714865
-0.06206403817597752
-0.06126098173802419
-0.06046107526998983
-0.0596648417911071
-0.05887166078167563
-0.058081547461602726
-0.05729498466131282
-0.056511391457437686
-0.05573074465106455
-0.054953520823374916
-0.0541792377626559
-0.05340782172017664
-0.05263953891702607
-0.05187429793026464
-0.05111184720754213
-0.050352165204049254
-0.04959570312435286
-0.0488419614225147
-0.04809091490238882
-0.04734261618558881
-0.04659733601400335
-0.04585467990262682
-0.04511462783221448
-0.04437717277675653
-0.04364267039684049
-0.04291070389837445
-0.04218125406483075
-0.041454301848287765
-0.04073001797504242
-0.04000836201765948
-0.039289138945162484
-0.03857233046974884
-0.03785791846342689
-0.037146057286972664
-0.03643670147148013
-0.03572968063492298
-0.035024977369177826
-0.03432257441761544
-0.03362245467369544
-0.03292485663634536
-0.03222952431810482
-0.031536417316006475
-0.030845519198895176
-0.03015681367792118
-0.02947028460522021
-0.028786012554431487
-0.02810401859219901
-0.027424146559120607
-0.026746380941111193
-0.02607070635778523
-0.025397107561223115
-0.024725569434747244
-0.024056076991711597
-0.02338871033342912
-0.022723443925747766
-0.02206017276620458
-0.02139888245188288
-0.020739558703211633
-0.020082187362830607
-0.019426754394469063
-0.018773245881830915
-0.018121648027495392
-0.017471947151826178
-0.016824129691890656
-0.01617829624710146
-0.015534322107958638
-0.014892185950977693
-0.014251874736107397
-0.013613375534042533
-0.012976675525212589
-0.012341761998779233
-0.011708622351645255
-0.011077244087471181
-0.010447614815702675
-0.009819722250606231
-0.00919355421031576
-0.00856909861588784
-0.007946343490363371
-0.007325276957843564
-0.006705887242569762
-0.006088162668015441
-0.005472091655984493
-0.004857662725721731
-0.004244864493027744
-0.0036336856693852428
-0.0030241150610918425
-0.00241614156840363
-0.0018097541846848462
-0.0012049419955669567
-0.0006016941781142771
-1.007271980619556e-16
