-0.24997533153593238
-0.24792256779540453
-0.24586980405487668
-0.24381704031434884
-0.24176427657382096
-0.23971151283329312
-0.23765874909276527
-0.2356059853522374
-0.23355322161170952
-0.2315004578711817
-0.22944769413065383
-0.22739493039012598
-0.22534216664959814
-0.22328940290907026
-0.2212366391685424
-0.21918387542801457
-0.2171311116874867
-0.21507834794695882
-0.213025584206431
-0.21097282046590313
-0.20892005672537525
-0.2068672929848474
-0.20481452924431956
-0.20276176550379169
-0.20070900176326387
-0.198656238022736
-0.19660347428220812
-0.19455071054168027
-0.19249794680115243
-0.19044518306062455
-0.18839241932009673
-0.18633965557956886
-0.184286891839041
-0.18223412809851314
-0.18018136435798526
-0.17812860061745744
-0.17607583687692957
-0.17402307313640172
-0.17197030939587388
-0.169917545655346
-0.16786478191481813
-0.1658120181742903
-0.16375925443376244
-0.1617064906932346
-0.15965372695270674
-0.15760096321217887
-0.155548199471651
-0.15349543573112315
-0.1514426719905953
-0.14938990825006745
-0.1473371445095396
-0.14528438076901173
-0.14323161702848386
-0.141178853287956
-0.13912608954742817
-0.1370733258069003
-0.13502056206637245
-0.1329677983258446
-0.13091503458531673
-0.12886227084478888
-0.12680950710426103
-0.12475674336373317
-0.12270397962320533
-0.12065121588267745
-0.1185984521421496
-0.11654568840162176
-0.11449292466109388
-0.11244016092056604
-0.11038739718003818
-0.10833463343951033
-0.10628186969898247
-0.10422910595845461
-0.10217634221792675
-0.1001235784773989
-0.09807081473687104
-0.09601805099634318
-0.09396528725581534
-0.09191252351528748
-0.08985975977475961
-0.08780699603423178
-0.08575423229370391
-0.08370146855317605
-0.08164870481264822
-0.07959594107212034
-0.07754317733159248
-0.07549041359106465
-0.07343764985053677
-0.07138488611000891
-0.06933212236948108
-0.0672793586289532
-0.06522659488842535
-0.06317383114789749
-0.061121067407369646
-0.05906830366684178
-0.05701553992631391
-0.05496277618578608
-0.05291001244525821
-0.05085724870473035
-0.04880448496420251
-0.04675172122367465
-0.044698957483146784
-0.04264619374261895
-0.040593430002091084
-0.03854066626156322
-0.03648790252103535
-0.03443513878050752
-0.03238237503997965
-0.030329611299451786
-0.02827684755892395
-0.026224083818396086
-0.02417132007786822
-0.022118556337340382
-0.02006579259681252
-0.01801302885628465
-0.01596026511575682
-0.013907501375228953
-0.011854737634701086
-0.009801973894173251
-0.007749210153645386
-0.00569644641311752
-0.003643682672589686
-0.00159091893206182
0.0004618448084660458
0.0025146085489939117
0.004567357642590616
0.0066200898843863844
0.00867279757690757
0.01072545471284912
0.01277807190145823
0.014830646934532104
0.016883130428880032
0.018935548993847095
0.020987902294911615
0.023040142896806837
0.025092279240705936
0.027144327197604186
0.029196250153491452
0.031248020640954128
0.033299679598918955
0.03535121014130973
0.03740253108804942
0.039453717338725644
0.04150476665019319
0.04355556834475072
0.045606198115211806
0.04765666773800521
0.04970689001786958
0.05175687945962852
0.05380668550991498
0.055856253533009256
0.05790551871102202
0.05995457721373007
0.062003416109286814
0.06405187299094728
0.06610009986875798
0.06814809442743643
0.07019569917816525
0.07224301024049268
0.07429006558409326
0.07633675388331755
0.07838306481527918
0.08042909657287957
0.08247479342357979
0.08452001977495432
0.08656494343558839
0.08860956200891729
0.09065363097146148
0.09269736187305815
0.09474076407726924
0.09678365390143802
0.09882610721974479
0.10086820815845837
0.10290984368077116
0.10495093441826349
0.10699164901709707
0.10903195501912388
0.11107159799389679
0.11311084098934872
0.11514968147031389
0.11718785202906802
0.11922553795738332
0.12126279740735024
0.12329945013777624
0.12533549332379354
0.12737108597452776
0.1294061454399937
0.13144045998597229
0.1334742998418876
0.13550766233956316
0.137540190310446
0.13957219113740005
0.1416036903051351
0.14363443610716511
0.14566451142123218
0.14769406066568944
0.1497229486037476
0.1517510116599683
0.1537785241219653
0.15580547841967404
0.15783144220078038
0.1598568307440027
0.16188164117492856
0.16390555274554855
0.16592872994523658
0.16795130421271826
0.16997309232492683
0.17199397045653633
0.17401422070527942
0.17603380927235535
0.17805230030018976
0.18007013835887756
0.18208732038814293
0.1841034667638293
0.18611880413371223
0.18813346018813407
0.19014721637429693
0.19215996421775242
0.19417200531226092
0.19618329487145006
0.1981933640005107
0.20020270079476898
0.20221130198459245
0.2042187480467513
0.2062252908336361
0.20823107220669151
0.21023586007013348
0.2122395187641826
0.2142423900706743
0.21624444290678585
0.21824512703261142
0.22024499762783806
0.2222440511896539
0.2242418571694787
0.2262386360021937
0.22823457141083545
0.23022944976308998
0.2322230453638265
0.2342157709683993
0.2362076228950048
0.23819796490218328
0.24018738861681546
0.24217591181654533
0.24416313279928117
0.2461491620913555
0.24813426383793385
0.25011828620283955
0.2521008280811836
0.25408241518468827
0.2560630435568769
0.25804212220236955
0.2600201009973631
0.2619970935421905
0.2639727789708168
0.2659470553044365
0.26792031765788693
0.26989253177510925
0.2718630109951152
0.27383244828863196
0.27580083939962774
0.2777676997920509
0.27973321664052053
0.2816976590456056
0.28366085222397136
0.2856223527136636
0.28758275027020275
0.28954204041102
0.29149958527468484
0.2934558412940812
0.2954109610754936
0.2973646418291271
0.29931665906464977
0.3012675109982938
0.3032171929081534
0.30516492922833083
0.3071114152501928
0.3090567018337197
0.311000376102735
0.3129423975608612
0.31488318991159636
0.3168227226487382
0.31876018029089814
0.3206963788967487
0.32263131338288975
0.32456448440376484
0.3264959891345936
0.3284261994400883
0.33035502943761963
0.3322817395327859
0.3342071246240462
0.3361311793569882
0.3380533475329041
0.33997380572788494
0.34189290259056243
0.34381052908203663
0.3457259580376503
0.34763999440078597
0.349552632532578
0.35146329530374487
0.3533721678588744
0.35527961050812523
0.3571855297122581
0.3590891344590152
0.36099127732576486
0.3628919523755436
0.36479060408954256
0.36668734216358834
0.36858258001298044
0.37047628500400626
0.3723675125520565
0.37425720715460575
0.37614536256273906
0.37803149434490974
0.3799155389125298
0.38179801111188616
0.38367890450568237
0.3855572786799664
0.38743395980094325
0.3893090284779681
0.39118212810187686
0.39305290950151556
0.3949220444837436
0.39678952627690417
0.39865455929437504
0.4005176508115553
0.40237905468180213
0.4042386064398344
0.40609554391629094
0.40795075893886157
0.4098042443871052
0.41165541838939085
0.41350433281502025
0.41535148235483343
0.417196859678166
0.4190394681705334
0.42088016885152635
0.4227190614880528
0.42455585492891457
0.42638999294356866
0.4282222867140474
0.43005272853755383
0.4318806417169579
0.4337062215656034
0.43552991273050745
0.43735170728479195
0.4391705502278973
0.44098737440210006
0.44280226467962985
0.4446149548313325
0.4464247947730046
0.4482326631371272
0.45003855160074285
0.45184185296482393
0.45364258084940273
0.4554412905823097
0.4572379736022833
0.45903169386496145
0.460823104948156
0.4626124504844732
0.4643996760577743
0.4661836676090226
0.4679655543610596
0.4697453273319871
0.4715226492561744
0.4732969549399878
0.4750691069861316
0.4768390961598098
0.4786063196645465
0.480370727071184
0.482132931131812
0.48389292235324394
0.485649851716828
0.48740414548964395
0.4891561853198777
0.49090596145040605
0.4926523999833998
0.49439636175818696
0.4961380180870824
0.49787735297582536
0.49961310897234346
0.5013465173162368
0.5030775677855358
0.5048060818331545
0.506531112929444
0.5082537432793898
0.5099739623818373
0.5116914562386798
0.5134055356369563
0.5151171602377496
0.5168263192549806
0.5185325925441577
0.5202354902111531
0.5219358780530499
0.523633744993053
0.5253285962943766
0.5270200788986795
0.5287089956545895
0.5303953351887511
0.532078562022754
0.5337583928717364
0.535435600834003
0.5371101742337425
0.5387815730457854
0.5404495120221224
0.5421147700388989
0.5437773351119013
0.5454367012563737
0.5470925047541666
0.5487455681653977
0.5503958791914543
0.5520430069160769
0.5536864277765883
0.5553270483496067
0.5569648560160732
0.558599538446307
0.56023032589332
0.56185825175807
0.5634833030949565
0.5651053322185265
0.5667232317933402
0.5683382073772413
0.5699502456919442
0.5715593333613809
0.5731641658395598
0.5747659318020231
0.5763646966137149
0.5779604465578042
0.5795521358568156
0.5811404290234304
0.5827256559971238
0.5843078027140488
0.5858861369190247
0.5874606902154292
0.5890321110957306
0.5906003851427702
0.5921651511355613
0.5937256935210187
0.5952830360655913
0.5968371639924704
0.5983880624188248
0.5999344038376156
0.6014773917503717
0.6030170960323501
0.6045535014327318
0.6060857726018191
0.6076141254658635
0.6091391244365802
0.6106607538887309
0.6121787375736283
0.6136921707839749
0.6152021785680752
0.6167087449198021
0.618211853720478
0.6197104473162851
0.6212051737618525
0.6226963855633799
0.6241840662127929
0.6256678604972474
0.6271470111080714
0.6286225725442358
0.630094527901722
0.6315628601593147
0.6330265772348476
0.6344861880571636
0.635942116527551
0.6373943452202393
0.638842744090946
0.6402860995495782
0.641725695015106
0.6431615126505931
0.6445935344971913
0.6460211595041372
0.6474441112563251
0.6488632057302932
0.6502784245473335
0.6516897492041263
0.65309619789301
0.6544982524209482
0.6558963500000949
0.6572904716985376
0.6586805984570335
0.6600654651489555
0.6614461185121888
0.6628227128224005
0.6641952285829895
0.6655636405890905
0.666926521920652
0.6682852595536508
0.6696398335474332
0.6709902238291875
0.6723363360272052
0.6736768827670131
0.675013179276747
0.6763452050307468
0.6776729393684389
0.6789963370194021
0.6803140153118495
0.6816273342755881
0.6829362727883938
0.6842408095903655
0.685540923283264
0.6868353394012727
0.6881251331648578
0.689410434155332
0.6906912205018997
0.6919674701926553
0.6932382262649438
0.6945039357418004
0.6957650374482126
0.6970215088909367
0.6982733274328458
0.6995199976823634
0.7007610521535326
0.7019973811337827
0.7032289614958981
0.7044557699660088
0.7056777831229243
0.7068937420709783
0.7081047130042223
0.7093108141825439
0.7105120216838605
0.7117083114360051
0.7128992138708136
0.7140842293608263
0.715264251129474
0.7164392545950607
0.7176092150230542
0.7187741075254205
0.7199330742075508
0.7210864040238515
0.722234588023202
0.7233776007974118
0.724515416782056
0.7256480102558128
0.7267743512689931
0.7278950878170636
0.7290105220072187
0.7301206275874907
0.7312253781463101
0.7323247471118468
0.7334177655748988
0.7345049774628917
0.7355867259190342
0.7366629838305332
0.7377337239216665
0.7387989187531318
0.7398579107809825
0.7409106423773911
0.7419577448490662
0.742999190205634
0.7440349502905171
0.7450649967802917
0.7460892514531995
0.747106522454894
0.7481179939359831
0.7491236370121144
0.7501234226295213
0.7511173215643909
0.7521053044222363
0.7530869259183935
0.7540617562296071
0.7550305820453013
0.7559933733986252
0.7569501001495632
0.7579007319843212
0.7588452384147124
0.7597831806315478
0.7607141485520387
0.7616389001118444
0.7625574042394625
0.7634696296866038
0.7643755450276
0.7652751186588111
0.7661683187980384
0.767053963401083
0.7679331682789698
0.7688059057133673
0.7696721433266838
0.7705318485605068
0.7713849886750376
0.7722315307485298
0.7730711876434379
0.7739033288268616
0.774728775392154
0.7755474938125649
0.7763594503772725
0.7771646111908485
0.7779629421727271
0.7787544090566803
0.7795389773902969
0.7803156280114187
0.7810852503680764
0.7818478740792801
0.782603464075937
0.7833519851008609
0.7840934017082849
0.7848276782633786
0.7855547789417738
0.786274667729094
0.786986355343558
0.7876907366749832
0.7883878024480527
0.7890775160216256
0.7897598405629005
0.7904347390469841
0.7911021742564692
0.7917621087810193
0.7924145050169604
0.7930592448730323
0.7936955556271705
0.7943242208098821
0.7949452021825388
0.7955584613118286
0.7961639595693931
0.7967616581314768
0.7973515179785838
0.7979334998951442
0.7985075644691898
0.7990736720920394
0.7996317829579936
0.8001811786915923
0.8007223941127742
0.8012555005133025
0.8017804574446707
0.8022972242605055
0.8028057601163212
0.8033060239692836
0.8037979745779865
0.8042815705022389
0.8047567701028638
0.8052235315415098
0.805681812780474
0.8061315715825378
0.8065725362624243
0.8070044835453363
0.8074277906766527
0.8078424147734174
0.8082483127529845
0.8086454413329264
0.8090337570309571
0.8094132161648694
0.8097837748524848
0.8101453890116205
0.8104980143600705
0.8108416064156008
0.8111761204959614
0.811501511718914
0.8118177350022744
0.812124745063972
0.8124224964221275
0.8127109433951433
0.8129900401018152
0.8132595344174876
0.8135193938156852
0.8137697771723356
0.8140106379695112
0.8142419294907962
0.8144636048214956
0.814675616848863
0.8148779182623476
0.8150704615538608
0.8152531990180625
0.8154260827526684
0.8155890646587763
0.8157420964412146
0.8158851296089112
0.8160181154752841
0.8161410051586536
0.8162537495826768
0.8163562994768045
0.8164486053767614
0.8165306176250479
0.816602286371467
0.816663561573675
0.8167143929977547
0.816754730218815
0.8167845226216143
0.8168037194012094
0.8168122695636308
0.8168101219265823
0.8167972251201686
0.8167735275876484
0.8167389775862158
0.8166935231878079
0.8166371122799412
0.8165696925665757
0.8164912115690085
0.8164016166267944
0.8163008548986991
0.8161888733636786
0.816065618821892
0.8159310378957431
0.8157850770309529
0.8156276824976655
0.8154588003915828
0.8152783766351346
0.815086356978679
0.8148826870017373
0.8146673121142619
0.8144401775579382
0.8142012284075206
0.8139504095722047
0.8136876657970324
0.8134129416643354
0.8131261815952121
0.8128268353057905
0.812515317530012
0.8121915744542931
0.8118555497133523
0.8115071867892002
0.8111464290128682
0.8107732195661778
0.8103875014835498
0.8099892176538541
0.8095783108223008
0.8091547235923724
0.808718398427798
0.8082692776545709
0.8078073034630076
0.8073324179098518
0.8068445629204213
0.8063435555504315
0.8058287134542141
0.8053007026604014
0.8047594644460314
0.8042049399691586
0.8036370702713073
0.8030557962799705
0.8024610588111584
0.8018527985719948
0.8012309561633629
0.8005954720826023
0.799946286726253
0.7992826070651927
0.798604673865905
0.797912833895802
0.7972070270461101
0.7964871931232055
0.7957532718517077
0.7950052028776282
0.7942429257715721
0.7934663800319973
0.7926749382745
0.7918682740324875
0.7910471318487314
0.7902114508505794
0.789361170112175
0.7884962286580953
0.7876165654670509
0.786722119475643
0.7858119876433949
0.7848861754006745
0.7839453684956605
0.7829895056349102
0.7820185255047386
0.7810323667753869
0.7800309681052555
0.7790132617728681
0.7779793836600298
0.7769300522641434
0.775865206155939
0.7747847839189443
0.7736887241541532
0.7725764319672549
0.7714469222903223
0.7703015611110398
0.7691402870807046
0.7679630388952672
0.7667697553004579
0.7655592927485456
0.7643315838748485
0.7630876257144258
0.7618273572156408
0.7605507174064923
0.7592572788997582
0.7579453893952736
0.7566169153485571
0.7552717961309835
0.7539099712257774
0.7525309798541697
0.7511330815048979
0.7497182655072364
0.7482864718397744
0.7468376406275978
0.7453705067115791
0.7438847814950328
0.7423818087207171
0.7408615291726631
0.7393238524507887
0.737766013182264
0.736190659185399
0.734597732046214
0.7329871735667971
0.7313566549940385
0.729707728774263
0.7280409665736057
0.7263563111816074
0.724651439726335
0.7229277644650564
0.7211859946228828
0.7194260741382114
0.7176451524222053
0.7158455687321601
0.714027636847747
0.7121907333211256
0.7103326451055564
0.7084560144659158
0.7065607877927664
0.704644858701924
0.7027088523841292
0.7007540607627507
0.698779872451621
0.6967838253590827
0.694768807929396
0.6927347695929149
0.6906786423860004
0.6886027519905026
0.6865076618367196
0.6843910517800634
0.6822536564862581
0.6800968878123824
0.6779188464656769
0.675719331144634
0.6735002745114069
0.6712598694723855
0.6689976374327875
0.6667157023132569
0.6644120196353702
0.6620864943121321
0.6597411107946645
0.6573732574974895
0.6549838841937619
0.6525745047380267
0.6501416114087956
0.64768785908987
0.6452135768124414
0.6427151838183731
0.6401965469556902
0.6376557874445877
0.6350921577521745
0.6325081582153022
0.6299001277973276
0.6272708034693002
0.624619810904067
0.6219449314340618
0.6192494852878884
0.6165299267376457
0.6137886309528224
0.6110251958316556
0.6082378474817794
0.6054297650824959
0.6025965765886582
0.5997421889259748
0.5968642850241345
0.5939634197526739
0.5910404659424463
0.5880929641835184
0.5851245458662397
0.5821303571997969
0.5791151163121434
0.5760751635509227
0.5730129764122707
0.5699269791768884
0.566817737529664
0.5636854326434783
0.5605290442373921
0.5573501865881805
0.5541465757665821
0.5509209391745993
0.5476700474620215
0.5443974255530543
0.5410992122429581
0.5377794193248914
0.5344338620665893
0.5310667340079346
0.5276738293916039
0.5242592245003506
0.5208189886390143
0.5173567885400795
0.5138692576473742
0.5103593681568579
0.5068245991193778
0.5032669511137446
0.49968502205668675
0.4960795723349234
0.4924505831797314
0.48879731531645376
0.48512138832911555
0.48142031351653825
0.47769752284541095
0.47394875172174694
0.47017817080661317
0.46638286738556595
0.4625645810026896
0.4587229519355387
0.45485707539068776
0.45096935204517813
0.44705603193684373
0.44312097410118795
0.43916188582542354
0.4351796153712642
0.4311751306220671
0.42714587688270916
0.4230950032022014
0.4190203455334833
0.4149228499676286
0.4108036694107019
0.4066598685890045
0.4024946826251606
0.39830680473601615
0.3940958123105128
0.38986361596029007
0.3856080766870863
0.38133065888873185
0.377032264401651
0.3727102119254627
0.36836726924524765
0.3640032884448081
0.3596163207674262
0.35520889090880897
0.3507805367970243
0.346329904245927
0.3418591645953881
0.33736788778086585
0.3328548598093918
0.32832212938509076
0.32376949700691554
0.3191954855534871
0.3146022263939246
0.3099898534627372
0.30535648288768413
0.30070430084474975
0.29603352757104795
0.29134295754568296
0.28663360244948277
0.2819062291767121
0.27716041885733106
0.27239578402370723
0.2676137543318169
0.26281452162116437
0.25799689826536226
0.25316229754114056
0.24831118396019045
0.2434433926409896
0.23855844593888687
0.2336577252369359
0.22874146185947253
0.22380917151601262
0.21886125311816584
0.21389859470625233
0.2089214492611517
0.2039292465191813
0.19892277994621832
0.19390269014907272
0.18886925077324518
0.18382198073691663
0.1787617021195412
0.1736889955435429
0.16860415408264304
0.16350690485207042
0.1583978446376205
0.15327762496873074
0.14814655687381148
0.14300464162714138
0.1378521029358798
0.13268974042214546
0.12751788137025563
0.12233681812386532
0.11714635191104675
0.11194745770238512
0.1067404771304012
0.10152575517130918
0.09630334357239259
0.09107374115078788
0.0858375129516956
0.08059501564060445
0.07534659427087764
0.07009228826194049
0.06483285894957465
0.05956867238983752
0.05430009665996704
0.04902740537506028
0.043750960075322545
0.038471299785888355
0.03318879890858378
0.0279038330608845
0.022616702512805613
0.01732787724764958
0.012037778229637162
0.006746784195617781
0.0014552742646904981
-0.0038363510936626896
-0.009127675324403929
-0.014418318895229647
-0.019707902841941023
-0.024996020083158366
-0.030282188902625025
-0.0355661057129736
-0.04084739431053801
-0.04612567961654537
-0.051400452190408064
-0.05667130656477866
-0.061937981022546745
-0.06720010646184177
-0.07245731571520744
-0.07770889657937669
-0.08295472619737038
-0.08819449015117573
-0.09342783033491768
-0.09865423662391662
-0.10387311517028473
-0.10908444974793079
-0.11428789363093918
-0.11948310336214311
-0.12466918987176974
-0.12984619519312288
-0.135013892160495
-0.14017195138598212
-0.14531967640053906
-0.15045665275892503
-0.15558296034138486
-0.16069828576466116
-0.16580210422750244
-0.17089358176825456
-0.17597309459809035
-0.1810403470674894
-0.18609491574041584
-0.1911356813413871
-0.1961632572361242
-0.20117736701469083
-0.20617756503367377
-0.21116268613027026
-0.21613346906260641
-0.22108965793041596
-0.22603060505873313
-0.23095545021561964
-0.23586488998830613
-0.24075869001255173
-0.2456357624719046
-0.250496018564727
-0.25533988707044863
-0.26016715593997997
-0.2649759997414055
-0.2697676856730822
-0.2745420896802572
-0.27929817279565505
-0.2840355642988127
-0.28875504123451545
-0.2934562683511759
-0.2981373950492085
-0.30280002473570344
-0.3074440028971961
-0.31206744913186724
-0.31667145473067543
-0.32125629424938823
-0.3258204004411167
-0.3303641490741584
-0.3348882675323693
-0.3393913272906936
-0.3438733299988817
-0.34833528862560154
-0.35277571236456445
-0.3571946234321781
-0.36159312620523476
-0.3659694409627904
-0.3703240566396239
-0.3746579487985247
-0.37896879762874175
-0.3832580542851033
-0.38752631600359827
-0.39177046125196796
-0.39599343300418083
-0.4001942398174626
-0.4043714987475869
-0.4085273945937211
-0.4126596891682824
-0.41676935741831894
-0.42085723977395717
-0.42492035356857527
-0.4289618561090692
-0.43297971660791573
-0.4369742880922518
-0.4409468416043543
-0.4448942429848279
-0.44881990278973005
-0.4527212097346709
-0.45659945417511033
-0.4604547360295021
-0.4642854093698379
-0.4680943213997972
-0.47187740518025856
-0.47563862451303723
-0.47937513405154747
-0.48308858327755716
-0.4867783428069987
-0.4904439740265179
-0.49408683135087833
-0.49770462536574406
-0.5013004513386768
-0.504870416827758
-0.5084188725763019
-0.5119412774992199
-0.5154420248149205
-0.5189171846253775
-0.5223702986403738
-0.5257981621950508
-0.5292037428515037
-0.5325842795095534
-0.5359424506895881
-0.5392756497388381
-0.5425865583899678
-0.5458724284680663
-0.5491362437259307
-0.5523748122376299
-0.5555917245478439
-0.5587830370795961
-0.5619532573203799
-0.5650973770533465
-0.5682204634876393
-0.5713181427831233
-0.5743941395335569
-0.5774456799999954
-0.5804746906105952
-0.5834803680907003
-0.5864625117109064
-0.5894226186556086
-0.5923580294578614
-0.5952725545095204
-0.5981617006789048
-0.6010296933468097
-0.603874010992517
-0.6066956397005477
-0.6094954734111444
-0.6122709196598413
-0.6150256765653277
-0.6177560847669524
-0.6204649244207808
-0.6231517106639164
-0.6258148442308926
-0.6284574646100263
-0.6310760456027875
-0.6336732656417486
-0.6362491590652696
-0.6388012164645147
-0.6413329654528461
-0.6438419771756745
-0.6463289055174244
-0.6487956557097296
-0.6512385946612715
-0.6536608857047674
-0.6560627362214863
-0.6584408419390465
-0.6607990139020239
-0.6631362507427413
-0.6654506286580469
-0.6677452243483262
-0.6700187284786748
-0.6722699372640422
-0.6745015222601731
-0.6767121969251348
-0.678900816751462
-0.6810699776343977
-0.6832187458017568
-0.6853453766086693
-0.6874527192461091
-0.6895405211418635
-0.6916057809614906
-0.6936519288462193
-0.6956790146071075
-0.6976842429188296
-0.6996698355621098
-0.7016365487830121
-0.7035830191231892
-0.705508710503985
-0.707415709614012
-0.7093040694410869
-0.7111708615785324
-0.7130188175619847
-0.7148483266363475
-0.7166586285106616
-0.7184482234846268
-0.7202195674415809
-0.721972715947747
-0.7237063039219871
-0.725420177780793
-0.7271160561588583
-0.728793995837414
-0.7304525634602534
-0.7320918774852134
-0.7337134562596693
-0.7353173576151143
-0.7369026078747997
-0.7384685402449046
-0.7400170015561758
-0.7415480505340186
-0.7430616911776795
-0.7445554337524416
-0.7460319727282095
-0.7474913675762586
-0.7489336779327546
-0.7503578620172142
-0.7517636837764716
-0.7531526320874598
-0.7545247671626927
-0.755880149343678
-0.7572174693113362
-0.7585371852433741
-0.7598403609304858
-0.7611270571327524
-0.7623973347058208
-0.7636503743290147
-0.7648858099169624
-0.7661050404800196
-0.7673081271460538
-0.7684951311074683
-0.7696661136158705
-0.7708194433191754
-0.7719565603109251
-0.7730778698857531
-0.7741834334088151
-0.7752733122761589
-0.7763475679098611
-0.7774047905533104
-0.7784461536901152
-0.779472107299225
-0.7804827127722387
-0.7814780315010714
-0.7824581248735384
-0.7834227975385105
-0.784370964691987
-0.7853041191777903
-0.7862223222231867
-0.7871256350281055
-0.7880141187611468
-0.7888878345556511
-0.7897468435058288
-0.790590151552474
-0.7914184905179703
-0.7922323331970741
-0.7930317403729628
-0.7938167727694707
-0.7945874910476121
-0.7953439558021642
-0.7960862275583054
-0.7968141547525578
-0.797526992185106
-0.7982258441330977
-0.7989107706809393
-0.7995818318260226
-0.800239087475728
-0.8008825974444799
-0.8015124214508553
-0.8021286191147446
-0.802731249954561
-0.8033203733845029
-0.8038952018072485
-0.8044565321871169
-0.805004557462833
-0.8055393364618647
-0.8060609278934614
-0.8065693903462405
-0.807064782285821
-0.807547162052502
-0.8080165878589883
-0.808473117788161
-0.8089168097908929
-0.8093477216839083
-0.8097659111476864
-0.8101713268514291
-0.8105635860060426
-0.8109433175467838
-0.8113105784346709
-0.811665425483966
-0.8120079153603591
-0.8123381045791903
-0.8126560495037127
-0.812961806343394
-0.8132554311522576
-0.8135369798272614
-0.8138065081067145
-0.8140640715687321
-0.8143097256297263
-0.8145435255429341
-0.8147655263969821
-0.8149757831144852
-0.8151743504506814
-0.8153612829921025
-0.8155366351552773
-0.8157004611854691
-0.8158528151554484
-0.8159937509642962
-0.8161233223362412
-0.8162415828195297
-0.8163485857853264
-0.8164443844266469
-0.8165290317573212
-0.8166025806109874
-0.8166650836401174
-0.8167165933150685
-0.8167571619231692
-0.8167868415678299
-0.816805684167685
-0.816813741455761
-0.8168110649786746
-0.816797706095856
-0.8167737159788011
-0.8167391456103494
-0.8166940457839887
-0.8166384671031848
-0.8165724599807379
-0.8164960746381639
-0.8164093611050998
-0.8163123692187352
-0.8162051486232654
-0.8160877487693714
-0.8159602189137204
-0.8158226081184915
-0.8156749652509231
-0.8155173389828828
-0.8153497777904601
-0.8151723299535796
-0.8149850435556365
-0.8147879664831538
-0.8145811464254581
-0.8143646308743784
-0.8141384671239632
-0.8139027022702184
-0.8136573832108641
-0.8134025566451114
-0.813138269073457
-0.8128645667974974
-0.8125814959197609
-0.812289102343558
-0.8119874317728487
-0.8116765297121283
-0.8113564414663295
-0.8110272121407417
-0.8106888866409476
-0.8103415096727741
-0.8099849437276594
-0.8096190507459267
-0.8092442280658265
-0.8088605197497016
-0.8084679696597132
-0.8080666214578789
-0.8076565186061251
-0.8072377043663531
-0.8068102218005205
-0.8063741137707351
-0.8059294229393634
-0.8054761917691533
-0.8050144625233668
-0.8045442772659296
-0.8040656778615902
-0.8035787059760945
-0.8030829442501123
-0.8025786218673343
-0.8020660419972173
-0.8015452456604591
-0.8010162736792819
-0.8004791666776704
-0.7999339650816222
-0.7993807091194068
-0.7988194388218377
-0.7982501940225529
-0.7976730143583065
-0.7970879392692709
-0.7964947292444509
-0.7958931305856621
-0.7952837464968835
-0.7946666157784925
-0.794041777035373
-0.7934092686772696
-0.7927691289191512
-0.7921213957815834
-0.7914661070911075
-0.7908033004806307
-0.7901330133898218
-0.7894545498310127
-0.7887684667849395
-0.7880750087342645
-0.7873742124875661
-0.7866661146616905
-0.7859507516821911
-0.7852281597837755
-0.7844983750107587
-0.7837614332175228
-0.7830170177447512
-0.7822648497545444
-0.7815056266246623
-0.780739383587566
-0.7799661556875704
-0.7791859777813407
-0.7783988845383935
-0.7776049104416042
-0.776804089787719
-0.7759956932083454
-0.7751801996397173
-0.774357957848289
-0.7735290015197954
-0.7726933641558638
-0.7718510790745552
-0.7710021794109124
-0.7701466981175088
-0.7692839125420172
-0.7684142328270839
-0.7675380667476758
-0.7666554466560854
-0.7657664047243318
-0.7648709729447347
-0.7639691831304944
-0.7630609476350173
-0.7621453604459822
-0.7612235078809769
-0.7602954211628804
-0.7593611313377746
-0.7584206692755416
-0.7574740656704672
-0.7565213510418443
-0.7555614376586927
-0.7545953771610505
-0.7536232953274776
-0.7526452220993636
-0.7516611872455489
-0.7506712203629471
-0.7496752721777752
-0.7486722827936304
-0.7476634489498971
-0.7466487996748906
-0.7456283638275171
-0.7446021700979085
-0.7435702470080594
-0.7425320116315657
-0.7414874401214439
-0.7404372243427613
-0.7393813922604985
-0.7383199716740897
-0.7372529902180708
-0.7361803027003019
-0.7351009826142015
-0.7340161847031962
-0.7329259360547725
-0.7318302635941605
-0.7307291940849887
-0.7296227541299397
-0.728509658119639
-0.7273912376941444
-0.7262675274789686
-0.7251385535419729
-0.7240043417927622
-0.7228648672772535
-0.7217189183897745
-0.7205678107449089
-0.7194115697258033
-0.7182502205600659
-0.71708378832043
-0.7159119649358221
-0.7147340874456279
-0.7135512039952437
-0.7123633391414946
-0.7111705172890731
-0.7099727626912054
-0.7087692775804592
-0.7075603638435601
-0.7063465925706445
-0.7051279875097052
-0.7039045722600263
-0.7026762478742932
-0.7014419036813638
-0.7002028229907777
-0.6989590289052544
-0.6977105443815736
-0.6964573922312398
-0.6951986256325926
-0.6939348204532667
-0.6926664195019673
-0.6913934451044653
-0.6901159194440285
-0.6888332803419122
-0.6875453237270776
-0.6862528862408876
-0.6849559895896425
-0.6836546553399124
-0.682348567791923
-0.6810370211177014
-0.6797211057984328
-0.678400842932512
-0.6770762534813728
-0.675747138128667
-0.6744125512940469
-0.6730737054146049
-0.671730620992403
-0.6703833183953053
-0.6690315924940126
-0.667674504121909
-0.6663132637274689
-0.6649478912279897
-0.6635784064093255
-0.6622044838636126
-0.6608254215027132
-0.659442311612624
-0.6580551735374274
-0.6566640264925038
-0.6552683178891979
-0.6538677982163298
-0.6524633330264785
-0.6510549411020309
-0.6496426410993964
-0.6482255537440645
-0.646804082766831
-0.6453787658522261
-0.6439496212324145
-0.6425166670162943
-0.6410786049706946
-0.6396366782301517
-0.6381910027474906
-0.636741596216078
-0.6352880663887626
-0.6338298403295185
-0.6323679431026759
-0.6309023919926972
-0.6294332041655116
-0.6279593990677731
-0.6264815846479127
-0.6250001921498607
-0.6235152383392791
-0.6220264864034516
-0.6205330548423611
-0.6190361196685782
-0.6175356972540642
-0.6160318038569147
-0.6145234664718271
-0.6130112829245151
-0.611495684896533
-0.6099766882608156
-0.6084539178661736
-0.6069267759052964
-0.6053962909331462
-0.6038624784439895
-0.6023253538228195
-0.600783678427656
-0.5992385909271626
-0.5976902457371834
-0.5961386578724693
-0.5945830563543241
-0.5930236465553506
-0.5914610476520804
-0.5898952742954281
-0.5883259618105628
-0.5867525058243217
-0.5851759280974241
-0.5835962429233152
-0.5820134334002596
-0.580426203286395
-0.5788359175946494
-0.5772425902673223
-0.5756462351457978
-0.5740457602549103
-0.5724420334929372
-0.5708353297330049
-0.5692256624735345
-0.567612185018914
-0.5659952801836243
-0.5643754618344083
-0.562752743132946
-0.5611264730571495
-0.5594966493138942
-0.5578639744074566
-0.55622846116895
-0.55458960725128
-0.5529471199996862
-0.5513018428225396
-0.5496537882265152
-0.5480025580982891
-0.5463476590377613
-0.544690030196243
-0.5430296837620515
-0.541366283921997
-0.539699221116873
-0.5380294876021678
-0.5363570952538729
-0.5346817310836417
-0.5330027490279852
-0.5313211542807845
-0.5296369584116845
-0.5279498341914801
-0.5262591738735013
-0.5245659578482815
-0.5228701973850491
-0.5211715163093604
-0.5194694152754489
-0.5177648145043646
-0.516057724970797
-0.514347689164228
-0.5126343815825911
-0.5109186292389679
-0.509200442819337
-0.5074792533525296
-0.505754970076425
-0.5040282960378463
-0.5022992416398366
-0.5005670985454788
-0.4988320671760346
-0.4970946980870138
-0.4953550014042457
-0.49361210369315955
-0.49186654864177326
-0.4901187079760022
-0.48836859155013146
-0.48661513722743516
-0.4848592797777463
-0.4831011878999177
-0.48134080534969326
-0.47957705726364475
-0.47781111563307627
-0.47604298986027277
-0.47427237851618187
-0.47249871180106406
-0.47072290120192645
-0.4689449558645724
-0.46716431112937373
-0.4653809389221122
-0.4635954716222705
-0.4618079181246447
-0.4600174344552005
-0.4582245669902971
-0.45642965237339234
-0.4546326992536974
-0.45283257017741296
-0.45103041484687834
-0.44922625947210676
-0.4474198071882906
-0.44561053059340233
-0.4437992920062418
-0.44198609966768704
-0.44017032250204174
-0.4383521188087294
-0.43653199884998306
-0.4347099706355032
-0.43288505971759367
-0.4310581289303501
-0.4292293268196864
-0.42739843248696574
-0.42556480675993563
-0.4237293462585419
-0.4218920586084047
-0.4200523471502092
-0.41821034288014197
-0.4163665474775231
-0.4145209683508347
-0.41267262861685355
-0.41082243884513714
-0.4089705008447703
-0.4071165134356178
-0.4052600418276932
-0.40340185712615034
-0.40154196637903433
-0.3996796636197765
-0.3978153435583105
-0.39594935208587534
-0.39408160952411286
-0.39221126462604056
-0.39033928260537626
-0.38846567016433486
-0.3865899229654248
-0.3847120597747194
-0.38283259997166297
-0.3809515500634585
-0.3790679836252905
-0.37718278472043615
-0.37529602904977716
-0.37340735241224765
-0.37151652189891154
-0.3696241676350133
-0.3677302958046186
-0.3658341072616201
-0.36393626082549985
-0.3620369293890967
-0.36013583485866896
-0.35823260193610107
-0.3563279162690686
-0.3544217837325251
-0.3525134826193525
-0.35060354738032723
-0.34869219709797644
-0.3467791928944972
-0.3448641120381953
-0.3429476476678933
-0.34102980536324584
-0.3391098979663994
-0.33718842248038255
-0.33526560017885715
-0.33334119132584805
-0.3314148070234192
-0.32948710674083215
-0.3275580957760433
-0.32562708526346645
-0.3236946083608076
-0.3217608512197069
-0.3198255396739912
-0.3178883868699835
-0.31594998400101787
-0.31401033609675416
-0.31206872264748686
-0.31012577387475254
-0.30818160986727255
-0.3062358946486354
-0.3042884991843129
-0.30233991802857546
-0.3003901559559925
-0.29843843688984256
-0.29648553694662
-0.29453148527538126
-0.2925758625962449
-0.29061874164443763
-0.2886604979091232
-0.286701050581104
-0.2847398058300063
-0.2827774670008757
-0.280814038528948
-0.2788490019240287
-0.2768826644192181
-0.2749152656482594
-0.2729466010876205
-0.2709763607852888
-0.26900508736712486
-0.2670327850444167
-0.26505882550033805
-0.2630837725641289
-0.2611077185627748
-0.2591303267731841
-0.2571515889374633
-0.25517187766222327
-0.2531911316475801
-0.2512088030322511
-0.2492255283944063
-0.2472413116493924
