0.0
0.003040745128646159
0.006053674598435746
0.009039466513570633
0.011998778832749434
0.014932250008362293
0.01784049960426999
0.020724128892898694
0.023583721432359095
0.026419843624276233
0.029233045252994787
0.03202386000680294
0.034792805981797126
0.03754038616898956
0.04026708892524051
0.042973388428577744
0.0456587718278806
0.04832244102888497
0.05096693748493394
0.05359268923919379
0.056200111971290406
0.058789609378744015
0.06136157354588481
0.06391555456883183
0.0664495264907782
0.06896700378831533
0.07146834040378698
0.07395388014464194
0.07642395699296493
0.07887656418436836
0.08131204932488462
0.08373297329712528
0.08613963753519867
0.08853233489394208
0.09090868206905704
0.09326926343732858
0.09561668227415963
0.09795120279721262
0.10027297463649253
0.10257713676867342
0.10486913711350386
0.10714921393037574
0.10941759873045631
0.11166986891287616
0.11390996668222653
0.11613903027798787
0.11835726834763022
0.12055971755390651
0.12275114428845035
0.12493234834353087
0.12710262347954962
0.1292580067326777
0.13140373378875672
0.13353997867084938
0.13566348016826965
0.13777520360273401
0.1398779641563947
0.14197123476830142
0.14405034902793987
0.14612098837556
0.14818329745277037
0.15023258372020487
0.1522723923321589
0.1543043181106566
0.1563251532452157
0.1583353529839898
0.16033809031102095
0.1623311440191366
0.1643128919427011
0.1662875724510127
0.16825349172870416
0.17020788366867168
0.17215557925839062
0.17409498926375974
0.1760230631928102
0.17794478930890056
0.17985829419296048
0.1817610333950257
0.18365775211338092
0.18554593581133957
0.18742427186712113
0.18929689480145956
0.19116032178645717
0.19301513738599765
0.19486452842690477
0.1967037444280922
0.19853587602132397
0.20036285391801656
0.2021783866047526
0.20398862690021097
0.2057925103411732
0.20758632732872995
0.20937542764992897
0.2111563868361913
0.21292954702997596
0.21469821953830712
0.21645673977565086
0.21820993253773244
0.2199574102970291
0.22169540301582039
0.22342928178759186
0.2251550189013956
0.22687412405067256
0.22858915922454204
0.23029375129858892
0.231994568324825
0.23368852719480687
0.23537522616273726
0.2370583233117801
0.23873163075469178
0.24040098639685367
0.24206412310774564
0.24371996941039314
0.24537250287336496
0.24701559963995087
0.24865497265919348
0.2502881969190856
0.2519146258852877
0.253538003422094
0.2551517695629771
0.25676252632845625
0.25836670371956266
0.2599650414240212
0.26155972155497076
0.26314583674113723
0.26472923968866163
0.26630519376180695
0.2678766652318979
0.26944338756232317
0.2710031107678562
0.27256032617325326
0.2741088403964221
0.27565457715483876
0.2771941122009446
0.2787285410980643
0.280259178378107
0.2817824657938015
0.28330351279312294
0.2848165933755739
0.28632674143879067
0.2878311604394543
0.2893305646322449
0.29082639816064876
0.2923152095194668
0.293802012213997
0.2952808980312239
0.29675732591563647
0.2982278469906575
0.29969404078298856
0.30115626821787284
0.30261236494407023
0.30406636863160724
0.30551250170816524
0.3069568885476797
0.3083946496622729
0.3098292628151236
0.31125900276483676
0.3126839664385626
0.31410575043681815
0.3155211855223616
0.316935038573441
0.3183411017936357
0.3197455965150931
0.3211438926861055
0.3225391415321794
0.32392973142153014
0.3253158437913885
0.32669878708877426
0.32807586939052874
0.3294512247205611
0.33081938043336895
0.3321861840318391
0.33354653510226123
0.334904555020023
0.336257487728592
0.3376068200296452
0.33895238886110785
0.3402931268995865
0.34163138533216075
0.3429636198058186
0.34429462032191416
0.3456184393239313
0.3469410842908656
0.3482577224896971
0.34957207100052157
0.35088160285770986
0.35218773644251045
0.35349021055813507
0.3547882083243604
0.35608367235160615
0.3573736110282686
0.3586621116823
0.35994406566268167
0.3612249797684852
0.36249969011211486
0.3637727175130893
0.36504059908523867
0.3663058083145831
0.36756690416126137
0.36882436156539994
0.3700787138346335
0.37132848360910503
0.372576133558101
0.3738182777820941
0.37505926578412957
0.37629384445368547
0.3775274993395824
0.37875528106462464
0.37998144650486404
0.3812026821640247
0.38242141295043275
0.3836361394447601
0.3848474884003038
0.3860557417773324
0.38725975978318194
0.3884615752422259
0.38965831126358036
0.39085372316076844
0.392043224271459
0.39323187303764545
0.3944145775303933
0.39559604809763227
0.39677244708428877
0.3979467818134796
0.39911690632265184
0.4002841457659747
0.4014480260044264
0.4026082089242442
0.40376587428040733
0.4049190376670022
0.40607051671423805
0.4072166958023881
0.4083620163019998
0.40950124458640275
0.41063965928634016
0.41177274273994596
0.41290424312053053
0.4140312464644605
0.4151558616837134
0.41627680945618606
0.4173945669805134
0.4185094829190236
0.4196204085331713
0.4207293155760129
0.4218334333918803
0.4229363536794213
0.42403368614373477
0.425130198909066
0.42622120892028753
0.42731095650522727
0.42839604140371207
0.42947904208938664
0.43055822083156664
0.4316344912531388
0.4327077820001528
0.43377733714899697
0.43484475726646354
0.43590761049117555
0.436969176548712
0.4380253395549454
0.43908064571596733
0.4401305501745531
0.4411791704168382
0.44222326573969206
0.4432652076277149
0.4443035071905128
0.4453387766350077
0.44637129301115985
0.4473998942632063
0.4484266392218197
0.4494485748656892
0.45046955936926314
0.45148483031401276
0.4524991767442341
0.4535086699856631
0.4545163399430928
0.4555201007502482
0.4565210908736167
0.457519126954111
0.4585134321641107
0.4595057504033414
0.4604933638879703
0.4614799703451599
0.46246088354370196
0.4634407882887157
0.4644159860332686
0.4653891644995225
0.466358663638731
0.4673251027541603
0.46828890599715683
0.4692485908682
0.4702067000737643
0.471159613962449
0.47211143115615795
0.4730581544327763
0.47400316226362305
0.4749441919180736
0.47588236883719714
0.47681770326631306
0.4777490257802644
0.4786786624986645
0.47960310513888593
0.48052634578735093
0.48144457606224084
0.4823608850214274
0.4832734047610004
0.4841827513504508
0.48508955446358704
0.48599190589707636
0.48689295882852174
0.48778830671677775
0.4886823013304453
0.48957190874782325
0.49045880664916636
0.49134266375893093
0.4922224242901496
0.49310052029454565
0.4939731004880419
0.4948442406445836
0.49571077814740533
0.49657465865101263
0.4974353967808893
0.49829196843989887
0.49914689244477245
0.4999961035621832
0.5008437465748253
0.501686993988043
0.5025271831629203
0.5033645660345467
0.5041972428631826
0.5050282495211189
0.505853845529356
0.5066772356132151
0.5074969071416984
0.5083126148362432
0.509126339722911
0.5099342962848062
0.510740424300304
0.5115421849339433
0.5123404408052613
0.513136181545482
0.5139264884515592
0.5147148408767126
0.5154984604634195
0.5162787296270899
0.5170562455673167
0.5178283459252226
0.5185983540126082
0.5193635704145695
0.5201252609153282
0.5208842789247304
0.5216375568515272
0.5223885913894907
0.5231351089615842
0.5238775663201332
0.5246176840275247
0.5253515541684131
0.5260829196264938
0.526810407547953
0.5275329086699115
0.5282528944305096
0.5289674939363779
0.5296784219299454
0.5303865123776477
0.5310882587569119
0.5317872959494625
0.5324822312301232
0.5331718732311056
0.533858682260516
0.5345402695219504
0.5352174563057293
0.5358916787018452
0.5365597125481002
0.5372240712998908
0.5378852473634015
0.5385395879669425
0.5391907223088673
0.5398380122755311
0.5404788620612883
0.5411163503469
0.5417495152766175
0.5423764357281429
0.542999829209755
0.5436186157909927
0.5442311401771409
0.5448399610362773
0.5454441009917076
0.5460417323159941
0.5466354715464616
0.5472246810030151
0.5478068897994981
0.5483850049317035
0.5489589600390454
0.5495252057167046
0.5500871183708851
0.5506446501046565
0.5511951828887593
0.5517402761437522
0.5522807518417457
0.5528152277476162
0.5533428433106631
0.5538655876521847
0.554383374957216
0.5548930789251935
0.5553973707850162
0.5558964263551296
0.5563891287432635
0.5568741978055027
0.5573537307408357
0.5578276239319769
0.558294040502028
0.5587532053952368
0.559206399564916
0.5596535072693166
0.5600926300639556
0.5605241963649307
0.5609493102886922
0.5613678422867519
0.5617785819185214
0.5621806804557892
0.5625757919758101
0.562963771228963
0.5633444684611857
0.5637155170603214
0.564078502027941
0.5644337426100717
0.5647810705391985
0.565120312153218
0.5654493505222568
0.5657694328878158
0.5660808999436469
0.5663835562205783
0.5666771998064238
0.5669616220844729
0.5672345030389419
0.5674977280275849
0.5677511062057335
0.567994402312512
0.568227373097835
0.5684497669999816
0.5686613238101603
0.5688607375074689
0.5690482298077587
0.5692241190296068
0.5693881111738438
0.5695399019542725
0.5696791763832576
0.5698056083403754
0.569918860123389
0.5700185819807809
0.5701044116250432
0.5701759737258865
0.5702328793824955
0.5702747255739158
0.5703010945866206
0.5703115534182597
0.5703056531565509
0.5702829283322305
0.5702428962449256
0.5701850562607684
0.5701088890805155
0.5700138559768846
0.5698993979997634
0.5697649351478886
0.569609865505531
0.5694335643426638
0.5692353831770203
0.5690146487963872
0.568770662239406
0.5685001983899731
0.5682043025327276
0.5678825494898283
0.5675341077608579
0.5671581134037579
0.5667512472821834
0.566312407017182
0.5658427610455572
0.5653412774507812
0.564802282396351
0.5642269535222894
0.5636158705350854
0.5629622806009248
0.5622672590309962
0.5615307435823734
0.5607436575482331
0.5599125994549652
0.559025360458146
0.5580890124259704
0.5570900229448269
0.5560349195430713
0.5549122916933249
0.5537219014909168
0.5524612323805111
0.5511196053894285
0.5496943655859662
0.5481809303011225
0.5465719302567228
0.5448593039815856
0.543034234083235
0.5410870785826037
0.5390072971975315
0.5367833725462466
0.5344027263586084
0.5318447137701163
0.5290927388373236
0.5261272966839947
0.5229213572212909
0.5194407359868237
0.5156546239555702
0.5115192305807612
0.5069824147966231
0.5019725251396294
0.4964211614324462
0.49022635139659465
0.4832699334529026
0.47540082704222514
0.466447630013259
0.4562085694858453
0.44449449116269707
0.43118598135507274
0.4163552316795506
0.40036750359107365
0.38385727270260483
0.3675128498990117
0.35184499798152136
0.33711019998933583
0.32336996016127
0.3105892452050718
0.29868537450018545
0.287550819505392
0.27710347433100313
0.26725922392130225
0.25794159769942826
0.24909748868600554
0.2406728644472029
0.23262020563518596
0.22490761020623426
0.21749950442677063
0.21036075658391917
0.20348276612795435
0.19683019535979324
0.190386965233708
0.1841439003326089
0.17808169064801704
0.1721866162640363
0.16644743241669002
0.1608536484388041
0.15539622673702966
0.15007173572058255
0.14486680466361915
0.13977336428823492
0.1347854727514104
0.129905967316037
0.12511791851137116
0.12042296824958329
0.11581587616877503
0.11128945255093224
0.10684496207946853
0.10247390839644376
0.09817555273960865
0.09394790049353229
0.08978132368798812
0.08568577111831774
0.08164747757276335
0.07766444264341177
0.07374480166474247
0.06987675325490389
0.0660588074833583
0.06229180291447648
0.05857714110629601
0.05490800710273901
0.05128317888030502
0.04770147219694386
0.044162646769391044
0.04066832585275821
0.03721332051359043
0.03379660559608631
0.030417187233871382
0.02707410183824663
0.02376641512001916
0.02049322114386887
0.017253641414230476
0.01404682399169097
0.010871942638925176
0.007728195995210301
0.004614806778590311
0.0015310210147842914
-0.0015238927080554094
-0.004550643959584838
-0.007549921163352805
-0.01052239226954325
-0.013468705405156801
-0.01638948950240594
-0.01928535490606241
-0.02215689396047624
-0.025004681576965684
-0.027829275782253696
-0.0306312182486032
-0.033411034806284254
-0.03616923593898732
-0.03890631726277097
-0.04162275998911829
-0.04431903137265596
-0.04699303026784459
-0.04964705880300287
-0.05228213018457229
-0.05489866622547006
-0.05749707656738229
-0.06007775905588502
-0.06264110010326511
-0.06518462488382212
-0.06771030460496714
-0.07021966795948417
-0.07271306378293697
-0.0751908309320362
-0.07765326456600097
-0.08009614608270822
-0.0825243124132243
-0.08493806938151832
-0.08733771409901675
-0.08972337076141568
-0.09209063488225766
-0.09444460148025208
-0.09678553860668652
-0.0991137067039836
-0.1014265910865073
-0.10372464211270797
-0.10601065133773827
-0.10828485362106867
-0.11054561535439572
-0.11279131034489168
-0.11502586457109472
-0.11724948969542738
-0.11946011046865362
-0.12165672071224141
-0.12384301228024766
-0.12601917579755578
-0.12818153320358455
-0.13033206629178706
-0.13247303081912326
-0.13460420723130204
-0.1367204722013078
-0.13882769435526107
-0.14092603242276167
-0.1430118604659265
-0.14508671892803163
-0.14715317531957264
-0.14920968175983743
-0.15125348163864044
-0.15328933237666875
-0.1553172166025547
-0.1573311935342234
-0.15933764688575675
-0.16133669811490486
-0.16332290842716388
-0.16530110865523226
-0.16727229701620316
-0.16923153120171877
-0.17118256209501062
-0.1731269477515904
-0.1750598256403819
-0.17698471383533848
-0.17890330118378225
-0.18081042180022866
-0.1827101399088608
-0.18460388062289393
-0.18648582296744767
-0.18836129252324274
-0.19023085680413304
-0.1920884122163708
-0.19394050644982078
-0.1957857250338822
-0.19762045859755123
-0.1994500050520505
-0.20127141006123528
-0.20308412297779482
-0.20489190597592888
-0.20669001196432374
-0.20848146355352243
-0.21026810767212417
-0.2120435311058071
-0.21381444105742092
-0.21557852641419809
-0.2173338731784862
-0.2190849236770125
-0.22082692359363787
-0.22256285397239786
-0.22429398380203885
-0.22601506400799024
-0.22773220388016505
-0.22944192937050512
-0.23114462948271167
-0.23284357215626977
-0.23453232888642417
-0.23621722300053374
-0.23789565423357795
-0.23956674028439393
-0.2412343726069269
-0.24289246195381087
-0.24454664867057288
-0.24619471825118922
-0.24783568349843213
-0.2494734699057239
-0.2511017940711667
-0.25272669485313787
-0.2543452901551532
-0.25595751423087976
-0.2575664744655239
-0.25916622540511913
-0.26076315364171304
-0.262353118979189
-0.26393787645147915
-0.2655184789441072
-0.2670912554123728
-0.26866142452822755
-0.2702235631757416
-0.27178203141605267
-0.27333506618570913
-0.2748820104415165
-0.2764260248143325
-0.2779616174212091
-0.2794948838363225
-0.28102110233837946
-0.2825432691488312
-0.2840607094677224
-0.2855719372994618
-0.2870806774967231
-0.2885811228124878
-0.2900794859059173
-0.2915710548390944
-0.2930588620353453
-0.2945419572693791
-0.29601935435910043
-0.2974940488412423
-0.29896117780308823
-0.30042643543341
-0.3018845423329651
-0.30333973540438874
-0.3047896530545843
-0.3062349138017032
-0.30767671031162275
-0.30911216747132225
-0.3105459097804575
-0.31197168866893915
-0.3133958350268127
-0.31481366514993764
-0.3162283103837976
-0.31763828025679464
-0.319043540972185
-0.32044571300397723
-0.32184170265848616
-0.32323613816039426
-0.3246229671304383
-0.32600835992337696
-0.32738750197508915
-0.3287638877534455
-0.3301354707545888
-0.3315029520790609
-0.33286703307974086
-0.3342257096657976
-0.3355823446813641
-0.33693231345692115
-0.3382810056311073
-0.33962291264083383
-0.3409630297405961
-0.34229765271645796
-0.34362928462617454
-0.3449566755565975
-0.3462799095762359
-0.34760011946932295
-0.34891504036394727
-0.35022811925741165
-0.35153480930509406
-0.3528403821404321
-0.3541393453140501
-0.3554367973983777
-0.3567287739579084
-0.35801818131397395
-0.35930321750880767
-0.360584653840212
-0.3618627949944816
-0.3631363317263365
-0.36440762224706374
-0.36567332856521917
-0.3669378119501767
-0.36819575483903866
-0.36945272195592993
-0.37070371796329754
-0.3719530083453546
-0.37319732232919467
-0.3744389974502583
-0.37567666934438115
-0.3769107886080113
-0.3781418574721217
-0.37936847824296754
-0.3805929822688795
-0.3818121599027637
-0.3830301364203485
-0.38424192429307874
-0.38545282923993546
-0.3866578593108716
-0.38786144064000994
-0.3890600500761193
-0.39025635622443744
-0.3914485789620633
-0.392637656484614
-0.3938235256239829
-0.39500541921689203
-0.3961849670265091
-0.39735971954869914
-0.3985329774694882
-0.39970062996321676
-0.40086745114786015
-0.4020282203226291
-0.40318798920910326
-0.4043425578899537
-0.4054953109955554
-0.4066437073494592
-0.4077894794423931
-0.40893173082567535
-0.4100705549400274
-0.4112066879010068
-0.4123385953505691
-0.4134686356319482
-0.41459365602290116
-0.4157176285639091
-0.416835789806362
-0.4179531383897528
-0.4190650470630393
-0.42017556473120615
-0.4212814756786787
-0.4223851861087374
-0.42348512107220165
-0.42458204627905277
-0.4256760262038337
-0.4267661865462463
-0.42785423158184155
-0.4289376457673886
-0.4300197752678705
-0.43109646035671473
-0.4321723109771311
-0.43324266428840497
-0.434311798031874
-0.4353762890979492
-0.4364387188898587
-0.43749736388209176
-0.4385531010047949
-0.4396059152973412
-0.4406549693883465
-0.44170196755703767
-0.44274434660600304
-0.4437855424269663
-0.44482125277148554
-0.44585607629307294
-0.446885705539673
-0.44791385668674055
-0.448937720098032
-0.4499592010223036
-0.45097730915653444
-0.45199212033119585
-0.4530044829360455
-0.45401262314556257
-0.4550192491551616
-0.4560207154838057
-0.45702122448380966
-0.4580164008345374
-0.4590102184963158
-0.45999968013892156
-0.4609867991923353
-0.4619705517713799
-0.462950963191242
-0.4639290115186333
-0.46490270450674404
-0.46587505255705197
-0.46684201452281043
-0.46780792592255094
-0.46876888196785155
-0.4697280302705273
-0.4706832928871216
-0.47163566085302716
-0.4725852306133071
-0.4735307991241975
-0.4744746757352672
-0.4754134237677407
-0.47635102472231694
-0.47728351066216923
-0.478214246190768
-0.4791410328441
-0.4800648769253182
-0.48098596046954467
-0.48190288506183604
-0.4828182607731537
-0.48372823578018087
-0.4846369490317077
-0.48554089125956057
-0.4864425958992738
-0.48734081063170487
-0.4882354711090472
-0.4891279499317964
-0.49001552849412344
-0.49090174072873105
-0.4917827186960046
-0.492661778009515
-0.4935369891088573
-0.494408851849213
-0.4952782838213045
-0.49614290395848065
-0.49700603965525536
-0.4978638726299821
-0.49871968158014424
-0.4995716926728002
-0.5004201224176115
-0.5012662953441126
-0.5021072908392104
-0.5029466682538924
-0.5037811118328074
-0.5046129563439693
-0.5054415066260505
-0.5062657561373595
-0.5070882811458396
-0.5079049821931026
-0.5087198021704559
-0.5095305450770646
-0.5103375903504602
-0.5111423512731801
-0.51194154913673
-0.5127388568829138
-0.5135315777271889
-0.5143209105514003
-0.5151075709680543
-0.5158888477727898
-0.5166681027718002
-0.5174425555902397
-0.5182136131896418
-0.5189819163952326
-0.5197446864241252
-0.5205052903883236
-0.521261196488571
-0.5220133563659024
-0.5227630124116153
-0.52350662819803
-0.5242479195291158
-0.524984965896381
-0.5257175400686014
-0.5264476888692174
-0.5271719704492177
-0.5278932180518702
-0.5286110556029325
-0.5293232841663492
-0.5300329028535735
-0.5307377219208568
-0.531438118300101
-0.5321357870877826
-0.5328274039255015
-0.5335156342991161
-0.534200577323171
-0.5348792308879224
-0.5355549406335364
-0.5362263827933988
-0.5368922771959146
-0.5375550893896881
-0.5382128155650716
-0.5388655588132836
-0.5395150726175612
-0.540158854277172
-0.5407980294822504
-0.5414338184130069
-0.5420634130777382
-0.5426885766501336
-0.5433101867151031
-0.543925337389049
-0.5445360170999154
-0.5451429647975351
-0.5457433993649262
-0.5463390922626198
-0.5469308624310948
-0.5475162930171256
-0.5480964631876143
-0.5486725066925141
-0.5492426289858917
-0.5498067051449684
-0.550366436392788
-0.5509209289276777
-0.5514683018318529
-0.5520110960959157
-0.5525492334138139
-0.5530796391526336
-0.5536048296965497
-0.5541251063834685
-0.554638998539763
-0.5551458735224057
-0.5556475590141652
-0.5561439607938697
-0.5566323489244076
-0.5571146626983992
-0.5575913888926602
-0.5580622543144107
-0.5585243621832766
-0.5589805559768928
-0.5594307215893669
-0.5598744667269268
-0.5603092118130231
-0.560737567881083
-0.561159407275891
-0.5615745985162109
-0.5619804956572055
-0.5623791185676226
-0.5627706823876486
-0.5631550396383288
-0.5635311715929213
-0.5638979672804585
-0.5642571007600062
-0.5646084063811602
-0.5649517132061839
-0.5652861379827762
-0.5656104566466655
-0.5659262553982576
-0.5662333418949639
-0.5665315174781592
-0.5668205769167256
-0.5670992694016839
-0.5673673319842907
-0.5676256624882206
-0.567874029530211
-0.568112193894293
-0.5683399082156669
-0.5685569166518404
-0.5687627293630994
-0.5689559160583124
-0.5691376429420775
-0.5693076210084363
-0.5694655511654761
-0.5696111238291235
-0.5697440185003548
-0.5698639033251024
-0.5699704346361059
-0.5700632564759263
-0.5701420001003022
-0.5702062834609948
-0.5702557106672238
-0.5702898714247681
-0.5703083404517487
-0.5703106768700836
-0.5702964235715462
-0.570265106557322
-0.5702162342499025
-0.5701492967761105
-0.5700637652199919
-0.5699590908442603
-0.5698347042789201
-0.5696900146756353
-0.5695244088263506
-0.5693372502446075
-0.5691278782079315
-0.5688956067595995
-0.56863870116704
-0.5683554318722372
-0.5680467093833573
-0.5677117179315743
-0.5673496099610053
-0.5669594269517894
-0.5665356149232427
-0.5660814982987991
-0.5655960650266153
-0.565076912317312
-0.564519011834516
-0.5639259574276342
-0.5632951128669459
-0.5626197192487118
-0.5619047267603501
-0.5611426003809085
-0.5603337226745903
-0.5594753970630065
-0.5585633050301374
-0.5575963326922423
-0.5565705472651329
-0.5554806972051018
-0.5543280673386398
-0.5531004376232204
-0.5517986791345002
-0.5504182075554004
-0.5489525066179649
-0.5473903919321098
-0.5457292705391604
-0.5439609719597381
-0.5420763927476651
-0.5400655817430473
-0.5379176648902955
-0.5356141818907133
-0.5331449713627638
-0.5304962853812523
-0.5276376168458806
-0.5245578919665669
-0.5212167100522185
-0.5175884726322564
-0.5136335455028384
-0.5093052978242246
-0.5045392605231663
-0.49927406157996795
-0.493412782561309
-0.48685619875478514
-0.4794589505269606
-0.4710716645073115
-0.4615058266860742
-0.4505501669415005
-0.438040773248493
-0.4239454599941317
-0.40847188977090754
-0.3921324937251907
-0.3756264606110472
-0.35957291738758723
-0.3443504243916407
-0.330116996766582
-0.3168646827587117
-0.30453439950246997
-0.29302720835967283
-0.282248560927816
-0.27210897103675447
-0.2625388273258966
-0.25346247632882146
-0.24483609383358573
-0.2366025745710678
-0.22872257897374965
-0.22116801139034753
-0.2138980191195805
-0.20689335246982588
-0.2001256239139638
-0.19358528124674387
-0.1872454375582172
-0.18109262508846816
-0.1751142462925827
-0.1692985316383419
-0.16363449630270288
-0.15811189663484795
-0.1527211870513427
-0.14745347786408064
-0.1423034500401191
-0.13726846897353812
-0.13233449163392905
-0.12749802332953067
-0.12276076579234978
-0.11810627961424945
-0.11354368960951358
-0.1090557310148989
-0.10465110297296791
-0.10031313697395186
-0.09605398185624724
-0.09185708710843878
-0.08772613449644387
-0.08365961888457775
-0.07964915013443667
-0.07569805473047249
-0.07180442725500434
-0.0679616042243074
-0.06416819306726666
-0.060428703148096806
-0.0567369604055754
-0.05309012965492905
-0.049487007919372765
-0.045926429384722044
-0.04241050654104027
-0.03893597355366541
-0.03550023959010209
-0.03210229526787013
-0.028741161983778764
-0.02541589091909608
-0.022125562077775385
-0.01886928335670822
-0.015646189646988266
-0.012455441965195053
-0.009296226613739975
-0.0061677543693222535
-0.0030692596985730214
-1.3968627552774498e-16
