0.0
0.0001169951970965608
0.00023389638035375022
0.0003507027317889333
0.0004674134409928124
0.0005840277050810866
0.0007005447286458578
0.0008169637237067933
0.0009332839096620577
0.0010495045132390217
0.001165624768444761
0.0012816439165163544
0.0013975612058709896
0.0015133758920558903
0.0016290872376980721
0.0017446945124539378
0.001860196992958718
0.001975593962775776
0.002090884712345776
0.002206068538935728
0.0023211447465879198
0.002436112646068747
0.0025509715548174407
0.002665720796894712
0.002780359702931318
0.002894887610076554
0.0030093038619466903
0.003123607808573346
0.003237798806351826
0.0033518762179894157
0.0034658394124536473
0.0035796877649205425
0.0036934206567228456
0.003807037475298242
0.003920537614137583
0.004033920472733118
0.004147185456526736
0.004260331976858237
0.004373359450913621
0.004486267301673425
0.004599054957861095
0.004711721853891399
0.004824267429818908
0.004936691131286534
0.005048992409474124
0.005161170721047145
0.005273225528105432
0.005385156298132029
0.005496962503942114
0.005608643623632027
0.005720199140528398
0.005831628543137371
0.005942927745009554
0.006054098015706475
0.006165140514886846
0.006276054750518047
0.0063868402355166855
0.006497496487698361
0.006608023029727552
0.006718419389067665
0.006828685097931216
0.006938819693230175
0.007048822716526458
0.007158693713982585
0.007268432236312496
0.007378037838732537
0.007487510080912624
0.007596848526927564
0.0077060527452085725
0.007815122308494966
0.007924056793786036
0.008032855782293109
0.008141518859391817
0.00825004561457453
0.008358431118254905
0.008466675842043695
0.008574782868189471
0.00868275180186944
0.00879058225215996
0.008898273831989998
0.009005826158094787
0.009113238850969691
0.009220511534824297
0.009327643837536724
0.009434635390608162
0.009541485829117617
0.009648194791676888
0.009754761920385784
0.00986118686078754
0.009967469261824511
0.01007360877579404
0.010179603378594188
0.010285445705772356
0.010391143947849664
0.010496697770073173
0.010602106840841513
0.010707370831661945
0.010812489417107735
0.010917462274775714
0.01102228908524411
0.011126969532030616
0.0112315033015507
0.011335890083076179
0.011440129568694
0.011544221453265327
0.011648165434384824
0.011751959139538788
0.011855594062614333
0.011959080014341058
0.012062416703010432
0.012165603839458167
0.012268641137024803
0.012371528311516576
0.012474265081166482
0.012576851166595644
0.012679286290774897
0.01278157017898665
0.01288370255878697
0.012985683159967941
0.013087511714520278
0.013189178320883586
0.013290687788765305
0.013392044242670695
0.013493247423329776
0.013594297073495836
0.013695192937909325
0.013795934763262014
0.013896522298161424
0.013996955293095479
0.014097233500397408
0.014197356674210918
0.014297324570455587
0.014397132963944926
0.014496773875992576
0.014596258614198072
0.014695586941661279
0.014794758623094458
0.014893773424788951
0.014992631114582135
0.015091331461824597
0.015189874237347554
0.015288259213430511
0.015386486163769175
0.015484554863443566
0.015582454748569449
0.015680189072048847
0.015777764306880868
0.01587518023386865
0.015972436635047854
0.01606953329365607
0.01616646999410239
0.0162632465219373
0.01635986266382272
0.01645631820750231
0.016552612941772012
0.0166487363651106
0.0167446903320951
0.016840482694530305
0.016936113245690162
0.01703158177975938
0.01712688809180512
0.01722203197774894
0.017317013234338943
0.01741183165912212
0.01750648705041694
0.017600979207286115
0.01769528841807467
0.017789433699123468
0.017883414984032595
0.017977232075177894
0.01807088477554774
0.018164372888716935
0.01825769621882081
0.018350854570529533
0.018443847749022597
0.01853667555996351
0.018629320870629972
0.018721796463904115
0.018814105950626103
0.018906249138782406
0.01899822583672015
0.01909003585312286
0.019181678996986386
0.019273155077595
0.019364463904497704
0.01945560528748468
0.019546558114310806
0.019637342076785233
0.019727957872205645
0.019818405311754314
0.019908684206739143
0.019998794368571157
0.0200887356087421
0.020178507738802177
0.020268110570338043
0.020357535534183055
0.020446776366731676
0.020535847186422988
0.020624747805447676
0.020713478035923875
0.020802037689876002
0.02089042657921375
0.02097864451571122
0.021066691310986235
0.021154566760999603
0.021242247030474226
0.021329755448267304
0.021417091825854703
0.02150425597445312
0.021591247705000188
0.021678066828134772
0.021764713154177318
0.021851186493110426
0.021937486654559475
0.022023593382302857
0.022109521995598565
0.022195276719650332
0.022280857363157044
0.02236626373436377
0.022451495641043165
0.022536552890477
0.02262143528943782
0.022706142644170726
0.02279065470953723
0.022874986013054727
0.022959141554825837
0.02304312113950328
0.023126924571120817
0.02321055165307573
0.023294002188111333
0.023377275978299677
0.02346037282502429
0.023543269199108624
0.02362598546518126
0.02370852406030857
0.023790884783649515
0.023873067433587764
0.02395507180771504
0.024036897702814593
0.02411854491484477
0.024200010330818436
0.02428127291838186
0.02436235608334903
0.024443259618919355
0.024523983317384347
0.02460452697011174
0.02468489036752967
0.024765073299110964
0.024845075553357472
0.0249248858562142
0.02500449884667117
0.02508393040292565
0.025163180310145167
0.025242248352447226
0.02532113431288416
0.025399837973428048
0.02547835911495568
0.02555669751723364
0.025634831543642086
0.025712775954018427
0.025790536847287996
0.0258681139993344
0.025945507184855526
0.026022716177349022
0.02609974074909785
0.02617658067115589
0.02625323044772055
0.026329672110305045
0.026405928323978662
0.026481998855446633
0.026557883470112502
0.026633581932064106
0.026709094004059644
0.02678441944751375
0.02685955802248365
0.026934491276648938
0.027009226644577642
0.027083774317390327
0.027158134050292052
0.027232305597060812
0.027306288710034033
0.0273800831400951
0.027453688636659944
0.02752710199020968
0.02760029979048402
0.0276733078038332
0.027746125774392734
0.02781875344476347
0.027891190555998455
0.02796343684758987
0.028035492057455987
0.02810735592192815
0.028179011405456512
0.028250462342985727
0.028321721048399962
0.028392787252286108
0.028463660683579466
0.028534341069550977
0.028604828135794548
0.028675121606214368
0.028745220397625403
0.02881509617666929
0.028884777441396572
0.02895426390957214
0.029023555297208608
0.02909265131855391
0.029161551686078903
0.02923025611046502
0.029298764300591935
0.029367062380353515
0.029435147307563067
0.029503035043347225
0.0295707252900182
0.029638217748026142
0.02970551211594706
0.02977260809047075
0.029839505366388738
0.029906203636582265
0.029972677423636213
0.030038946656477765
0.03010501588509335
0.030170884795386856
0.030236553071293814
0.030302020394769612
0.03036728644577772
0.03043235090227795
0.030497208641571686
0.03056183878250603
0.03062626629187688
0.030690490840319433
0.030754512096409163
0.030818329726650318
0.03088194339546444
0.03094535276517892
0.031008557496015537
0.03107154515532356
0.031134309377716027
0.031196867878193174
0.03125922030927728
0.03132136632133126
0.031383305562547446
0.031445037678936485
0.03150656231431618
0.03156787911030037
0.03162897135474424
0.03168984120885658
0.03175050209228768
0.03181095363859644
0.03187119547908653
0.031931227242795464
0.031991048556483846
0.03205065904462459
0.03211005832939219
0.032169229141241665
0.03222817479882875
0.032286908071389765
0.03234542857270963
0.03240373591422616
0.03246182970501965
0.032519709551802445
0.03257737505890858
0.0326348258282835
0.032692048476464286
0.03274903867110045
0.032805812894023845
0.032862370738478294
0.032918711795273246
0.03297483565277389
0.033030741896891175
0.03308643011107197
0.03314189987628924
0.033197146890514596
0.03325214886183981
0.03330693109610006
0.03336149316527944
0.03341583463884578
0.03346995508374117
0.03352385406437265
0.03357753114260293
0.03363098587774114
0.03368421782653366
0.033737208469721044
0.0337899642250515
0.03384249584352392
0.03389480287260688
0.033946884857168035
0.033998741339465476
0.03405037185913913
0.034101775953202206
0.03415295315603277
0.03420390299936538
0.034254600435636676
0.03430506532531597
0.034355301440843825
0.034405308304426785
0.034455085435594654
0.03450463235119272
0.0345539485653741
0.03460303358959212
0.03465188693259284
0.03470050810040767
0.03474887437173198
0.034797001457248726
0.034844894887373384
0.034892554158403574
0.034939978763894805
0.03498716819465384
0.03503412193873208
0.035080839481419136
0.0351273203052365
0.03517356388993133
0.03521955991026784
0.03526529990996639
0.03531080112373148
0.03535606302142178
0.03540108507010092
0.03544586673403216
0.03549040747467318
0.03553470675067096
0.035578764017856916
0.03562257872924207
0.03566615033501244
0.03570946553593735
0.03575252261258503
0.035795334962397056
0.035837902025566575
0.035880223239449706
0.03592229803856199
0.03596412585457491
0.036005706116312666
0.03604703824974906
0.03608812167800461
0.036128955821343865
0.03616953904621045
0.036209847253687394
0.036249904480431035
0.03628971013669121
0.036329263629860005
0.036368564364470245
0.03640761174219423
0.03644640516184263
0.036484944019363655
0.03652322770784237
0.03656125561750035
0.0365990271356954
0.03663654164692169
0.03667377690746996
0.036710751298941906
0.03674746689941103
0.03678392308345218
0.036820119222789105
0.03685605468629601
0.03689172883999932
0.036927141047079684
0.03696229066787433
0.036997177059879593
0.03703179957775381
0.03706615757332041
0.037100250395571334
0.03713405950291072
0.03716759738488559
0.03720086822336141
0.037233871357665
0.03726660612432134
0.037299071857058795
0.037331267886814574
0.03736319354174054
0.03739484814720931
0.037426231025820725
0.03745734149740863
0.037488178879047984
0.03751874248506233
0.037549031627031576
0.037579038276272944
0.037608755784765975
0.03763819687006184
0.03766736083455705
0.037696246977955934
0.037724854597280526
0.03775318298688083
0.037781231438445514
0.0378089992410129
0.0378364856809824
0.03786369004212639
0.037890611605602434
0.03791724964996587
0.037943603451182945
0.0379696722826442
0.03799545541517845
0.03802095211706706
0.03804614569012827
0.03807104945251497
0.03809566472523453
0.0381199907683146
0.03814402683931845
0.03816777219336179
0.038191226083130074
0.0382143877588963
0.03823725646853923
0.03825983145756212
0.038282111969111944
0.03830409724399906
0.038325786520717386
0.03834717903546513
0.03836827402216593
0.038389070712490536
0.03840956833587906
0.03842976611956369
0.038449663288591895
0.03846925906585026
0.03848854177966757
0.03850751834119151
0.03852619135295503
0.03854456003126768
0.03856262359040602
0.03858038124264036
0.03859783219826224
0.038614975665612304
0.038631810851108894
0.0386483369592771
0.03866455319277847
0.03868045875244131
0.038696052837291474
0.03871133464458389
0.03872630336983462
0.03874095820685346
0.038755298347777294
0.03876932298310398
0.038783031301726834
0.038796422490969776
0.038809495736623144
0.038822250222980054
0.038834685132873484
0.03884679964771394
0.038858592947527824
0.03887006421099642
0.03888121261549552
0.03889203733713578
0.03890253755080369
0.03891271243020321
0.038922558115341586
0.038932072473815915
0.03894125924996881
0.03895011761489973
0.03895864673873613
0.03896684579067878
0.03897471393904793
0.03898225035133011
0.03898945419422556
0.03899632463369653
0.03900286083501614
0.03900906196281802
0.03901492718114666
0.039020455653508465
0.03902564654292355
0.03903049901197825
0.039035012222878335
0.039039185337503016
0.03904301751745963
0.039046507924139065
0.03904965571877197
0.039052460062485625
0.039054920116361656
0.0390570350414944
0.03905880399905009
0.03906022615032672
0.039061300656814735
0.03906202668025842
0.03906240338271806
0.03906242992663285
0.03906210547488458
0.03906142919086207
0.03906040023852634
0.039059017782476536
0.0390572809880167
0.03905518902122321
0.039052741049012955
0.039049936239212414
0.03904677376062734
0.039043252783113304
0.039039372477646966
0.03903513201639809
0.03903053057280235
0.03902556732163485
0.03902024143908449
0.039014552102828975
0.03900849849211067
0.039002079787813136
0.0389952951725385
0.03898814383068547
0.038980624948528234
0.03897273771429594
0.03896448131825309
0.03895585495278051
0.03894685781245719
0.0389374890941428
0.038927747997060926
0.03891763291207533
0.03890713618063498
0.03889626437358133
0.038885016699868075
0.03887339237127298
0.0388613906024859
0.03884901061119757
0.03883625161818899
0.03882311284742155
0.03880959352612784
0.03879569288490311
0.03878141015779745
0.038766744582408585
0.03875169539997536
0.03873626185547185
0.038720443197702153
0.03870423867939581
0.03868764755730379
0.03867066909229522
0.03865330254945457
0.03863554719817964
0.03861740231227993
0.03859886717007579
0.03857994105449798
0.03856062325318795
0.038540913058598546
0.038520809768095375
0.03850031268405862
0.03847942111398547
0.038458121685524094
0.038436421574842554
0.03841432461689579
0.03839183014124389
0.038368937483129764
0.038345645983584746
0.0383219549895348
0.03829786385390707
0.03827337193573687
0.03824847860027508
0.0382231832190959
0.03819748517020504
0.038171383838148186
0.038144878614119894
0.03811796889607274
0.03809065408882686
0.03806293360417969
0.03803480686101613
0.03800625925201001
0.037977295169143624
0.037947922825384686
0.03791814167051616
0.03788795116201508
0.03785735076516435
0.03782633995316457
0.037794918207246
0.037763085016780745
0.03773083987939492
0.03769818230108098
0.037665111796310095
0.037631627888144566
0.03759773010835027
0.037563414040730735
0.0375286598328151
0.03749349011950113
0.037457904470689654
0.03742190246560251
0.037385483692894884
0.03734864775076745
0.03731139424707834
0.03727372279945509
0.037235633035406175
0.03719712459243251
0.03715819711813865
0.037118850270343715
0.037079061786932786
0.037038844211454064
0.03699820604394748
0.03695714698711862
0.03691566675449373
0.036873765070528544
0.03683144167071668
0.0367886963016976
0.03674552872136397
0.036701938698968685
0.03665792601523125
0.036613469874472414
0.036568577370627284
0.036523261393453875
0.03647752177413212
0.036431358355886415
0.03638477099408807
0.03633775955635707
0.03629032392266298
0.0362424639854252
0.03619417964961237
0.03614545424256678
0.036096284590727515
0.03604669014051141
0.03599667085214578
0.035946226698943054
0.035895357667394434
0.03584406375726255
0.03579234498167309
0.03574020136720547
0.03568763209878527
0.035634600707045404
0.03558114448061064
0.03552726350530483
0.03547295788088961
0.03541822772114756
0.035363073153964225
0.03530749432140881
0.03525149137981364
0.035195058751005336
0.035138168198953074
0.03508085397393131
0.035023116295057936
0.03496495539613296
0.03490637152570893
0.03484736494715993
0.03478793593874897
0.03472808479369398
0.03466778240358451
0.03460704662030987
0.034545889592690004
0.034484311679722185
0.03442231325569971
0.03435989471026738
0.03429705644847522
0.034233798890830426
0.03417009510013903
0.034105957953621965
0.03404140282739997
0.0339764302098972
0.03391104060525638
0.03384523453337919
0.033779012529964535
0.033712375146545105
0.03364528494024774
0.033577775448154955
0.03350985232857064
0.033441516202502436
0.03337276770696484
0.033303607495002885
0.03323403623571375
0.033164038530105154
0.033093603681526314
0.03302275992880476
0.03295150801136521
0.03287984868477367
0.032807782720745395
0.03273531090715078
0.03266243117563855
0.03258910624181787
0.0325153779960722
0.03244124729692525
0.03236671501905631
0.032291782053292015
0.03221644930659556
0.03214071770205399
0.03206454699591962
0.031987976714317634
0.031911010561953924
0.0318336495322637
0.03175589463470202
0.03167774689471633
0.03159920735371665
0.03152023518189366
0.031440871634230705
0.031361119664590216
0.031280980383857196
0.03120045491868106
0.03111954441143105
0.031038245708918815
0.030956525251020495
0.030874423463139965
0.030791941555902917
0.03070908075537467
0.030625842303000705
0.03054222745554498
0.030458222872257138
0.03037381632176241
0.030289037465796285
0.03020388762742742
0.03011836814466915
0.030032480370403222
0.029946225672301423
0.02985957753988654
0.029772551240378888
0.029685162471648714
0.029597412665153665
0.02950930326667648
0.029420835736232533
0.029332009683934082
0.02924278915431178
0.02915321524957069
0.029063289490892503
0.02897301341315083
0.0288823885648054
0.028791416507794303
0.028700079806549837
0.02860837809927136
0.028516334273363107
0.028423949948413425
0.028331226756865956
0.028238166343899543
0.02814477036730615
0.028051004334361123
0.027956903664685707
0.027862472833276877
0.027767713551576322
0.027672627542940333
0.027577216542506545
0.02748146729812773
0.027385374149824074
0.02728896166128648
0.027192231617485844
0.027095185814416865
0.02699782605895474
0.026900154168710298
0.02680214074567764
0.02670381433789661
0.026605181712091922
0.026506244730931466
0.026407005267001717
0.026307465202654295
0.0262076155791822
0.026107445640698113
0.026006981224531517
0.025906224253687046
0.02580517666007382
0.025703840384344822
0.025602217375735325
0.025500285674667292
0.025398062615599
0.025295559157647987
0.025192777285354823
0.025089718990941316
0.024986386274143388
0.024882778237757586
0.024778871770596702
0.02467469737204835
0.0245702570723539
0.024465552908341827
0.024360586923256683
0.02425536116658756
0.024149866281561915
0.024044098252927
0.023938077096167857
0.023831804885593423
0.023725283700810784
0.02361851562655148
0.023511502752497554
0.023404230805069842
0.023296707792900325
0.023188946744217915
0.023080949767758624
0.022972718976254705
0.022864256486260295
0.022755564417977096
0.022646627145048327
0.0225374575602918
0.022428065247474614
0.022318452340076504
0.022208620974273913
0.02209857328876702
0.021988311424607023
0.02187782183711267
0.02176711539830683
0.021656201685316637
0.021545082846753653
0.021433761032643783
0.021322238394257634
0.021210517083941303
0.021098588796933018
0.020986456008536925
0.020874131474773266
0.020761617349954097
0.020648915788554836
0.020536028945049564
0.02042295897374722
0.020309705552087963
0.020196257192720536
0.020082632622990072
0.019968833993760902
0.01985486345485394
0.019740723154888687
0.019626415241126287
0.01951194185931365
0.01939729619543976
0.019282482086335664
0.019167509380422148
0.019052380214149907
0.018937096721625565
0.018821661034463134
0.018706075281636536
0.01859034158933337
0.018474452276313256
0.018358415098522627
0.018242236769890514
0.018125919401832627
0.018009465102206444
0.017892875975173538
0.01777615412106319
0.017659301636237412
0.01754231443839354
0.01742519508911011
0.017307951781438614
0.017190586591927928
0.01707310159245319
0.016955498850090317
0.016837780426991866
0.016719948380264547
0.016602004761848112
0.0164839422714977
0.01636577207809364
0.016247496819162342
0.016129118521755883
0.01601063920713289
0.01589206089064777
0.0157733855816414
0.015654615283333454
0.015535751992716396
0.015416790688956888
0.015297739875707659
0.015178602376272263
0.015059380158326733
0.01494007518277821
0.01482068940366952
0.014701224768085452
0.014581683216060683
0.014462066680489279
0.014342375641104655
0.014222609198686951
0.01410277384982318
0.013982871494335244
0.013862904024450081
0.01374287332472003
0.013622781271945028
0.013502629735096165
0.013382420575241189
0.013262155645471507
0.013141836790830858
0.013021462686816643
0.012901037860424127
0.012780564876701367
0.012660045543965675
0.0125394816621381
0.012418875022682812
0.012298227408548194
0.012177540594109502
0.012056816345113153
0.011936056418622592
0.01181526256296583
0.011694435807898442
0.011573577319292224
0.011452690332768599
0.01133177655725785
0.011210837692708931
0.011089875430047181
0.010968891451133743
0.010847887428726378
0.010726865026441882
0.010605825898720023
0.010484771690788968
0.010363704038632196
0.010242624568956943
0.010121534719900925
0.010000436053733654
0.009879330582971519
0.009758219892964591
0.009637105559653646
0.00951598914954801
0.009394872219704833
0.00927375631770974
0.009152642981658911
0.00903153374014249
0.008910430112229348
0.008789333607453263
0.0086682457258003
0.008547167957697726
0.008426101784003964
0.008305048676000092
0.008184010873808429
0.00806298923059605
0.007941985137332947
0.00782100002311677
0.007700035307456667
0.0075790924002728235
0.007458172701897018
0.007337277603074529
0.007216408484967086
0.0070955667191569954
0.00697475366765244
0.006853970682893909
0.006733219107761631
0.00661250027558425
0.00649181551014847
0.00637116612570986
0.0062505534270045305
0.006129978709262093
0.0060094432582194785
0.005888948350135799
0.005768496581128612
0.0056480882269997375
0.005527724245119483
0.00540740587056789
0.005287134329058052
0.0051669108369571315
0.005046736601308136
0.004926612819852698
0.004806540681054647
0.004686521364124452
0.0045665560390445005
0.004446645866595226
0.004326791998381985
0.004206995576862754
0.004087257735376635
0.003967579598173095
0.0038479622804419434
0.003728406888344045
0.003608914519042814
0.003489486260736314
0.003370123192690129
0.003250826385270896
0.0031315968999804577
0.003012435789490704
0.0028933440976790896
0.0027743228596646663
0.0026553731018448
0.002536495841932476
0.0024176920889941718
0.0022989628434882895
0.0021803090973041388
0.0020617318338015146
0.0019432320278507092
0.0018248106458730981
0.0017064686458822416
0.0015882069775253918
0.0014700265821255846
0.001351928392724103
0.0012339133341234183
0.001115982322930587
0.0009981362676010556
0.0008803760684828274
0.0007627026178611449
0.0006451168000034459
0.0005276194912047417
0.00041021155983332505
0.00029289386637693375
0.0001756672634890644
5.853259603580238e-05
-5.850929885713441e-05
-0.0001754575917570474
-0.0002923114608765983
-0.00040907009202585047
-0.0005257326785640397
-0.0006422984213511867
-0.0007587665286992906
-0.0008751362163233834
-0.0009914067072924282
-0.0011075772319798609
-0.0012236470280139605
-0.0013396153402281204
-0.0014554814206108192
-0.0015712445282554616
-0.0016869039293100686
-0.0018024588969267953
-0.0019179087112112681
-0.002033252659171874
-0.0021484900346688206
-0.0022636201383631417
-0.002378642277665599
-0.00249355576668541
-0.00260835992617897
-0.0027230540834984485
-0.002837637572540315
-0.0029521097336938007
-0.003066469913789293
-0.003180717466046736
-0.003294851750023886
-0.0034088721315646098
-0.0035227779827471575
-0.0036365686818323945
-0.0037502436132119954
-0.003863802167356705
-0.003977243740764551
-0.0040905677359090575
-0.004203773561187538
-0.004316860630869363
-0.004429828365044246
-0.004542676189570636
-0.004655403536024084
-0.0047680098416456925
-0.004880494549290635
-0.004992857107376709
-0.0051050969698329856
-0.005217213596048512
-0.00532920645082112
-0.005441075004306292
-0.005552818731966171
-0.005664437114518571
-0.005775929637886228
-0.005887294850468267
-0.005998528820850841
-0.006109635267604854
-0.006220613696204205
-0.006331463617097183
-0.006442184545656172
-0.006552776002127447
-0.006663237511581188
-0.006773568603861568
-0.00688376881353705
-0.006993837679850739
-0.007103774746671007
-0.007213579562442239
-0.007323251680135685
-0.007432790657200563
-0.00754219605551533
-0.007651467441339017
-0.007760604385262936
-0.007869606462162376
-0.007978473251148652
-0.008087204335521174
-0.008195799302719898
-0.0083042572442042
-0.008412570667524669
-0.00852074659209032
-0.008628784621111262
-0.008736684361720076
-0.008844445424925265
-0.008952067425564685
-0.009059549982259397
-0.009166892717367599
-0.009274095256938843
-0.009381157230668458
-0.009488078271852178
-0.009594858017341022
-0.009701496107496372
-0.009807992186145312
-0.009914345900536164
-0.010020556901294275
-0.01012662484237803
-0.010232542531774535
-0.010338312858445041
-0.010443938932241591
-0.010549420419992399
-0.01065475699165575
-0.010759948320277239
-0.010864994081947195
-0.010969893955758411
-0.011074647623764066
-0.011179254770935931
-0.011283715085122829
-0.011388028257009268
-0.011492193980074398
-0.011596211950551218
-0.01170008186738594
-0.011803795204162911
-0.011907355678188174
-0.012010767034689849
-0.012114028983236469
-0.012217141235921063
-0.012320103507321904
-0.012422915514463454
-0.012525576976777595
-0.012628087616065086
-0.0127304471564573
-0.012832655324378191
-0.012934711848506543
-0.013036616459738401
-0.013138366288285637
-0.01323995216528709
-0.013341385158717257
-0.013442665008280936
-0.01354379145572431
-0.013644764244798735
-0.013745583121224784
-0.013846247832656556
-0.013946758128646146
-0.014047113760608515
-0.014147314481786468
-0.014247360047215961
-0.014347250213691619
-0.014446972926828864
-0.01454653578167004
-0.014645942344015355
-0.014745192377775045
-0.01484428564845506
-0.014943221923123888
-0.015042000970379589
-0.015140622560317119
-0.015239086464495875
-0.015337392455907456
-0.015435540308943691
-0.015533527997430607
-0.015631341782641278
-0.01572899658927483
-0.01582649219750659
-0.015923828388759793
-0.016021004945674874
-0.016118021652078963
-0.01621487829295561
-0.016311574654414733
-0.016408110523662818
-0.016504485688973353
-0.016600698844770292
-0.016696733536214783
-0.016792606726823426
-0.016888318209404122
-0.016983867777689756
-0.01707925522630979
-0.01717448035076206
-0.01726954294738488
-0.01736444281332924
-0.017459179746531276
-0.017553753545684978
-0.0176481543409294
-0.017742381545740378
-0.017836444853461662
-0.017930344066153
-0.018024078986499763
-0.01811764941778679
-0.01821105516387238
-0.018304296029162483
-0.018397371818585105
-0.01849028233756488
-0.01858302084414469
-0.018675579418570454
-0.018767971982593713
-0.018860198344011432
-0.01895225831099347
-0.019044151692058173
-0.01913587829604823
-0.01922743793210667
-0.019318830409653074
-0.01941005553835998
-0.01950110312947383
-0.019591971104623147
-0.01968267100718153
-0.019773202648259894
-0.01986356583910617
-0.019953760391082646
-0.02004378611564349
-0.02013364282431243
-0.02022333032866066
-0.020312848440284786
-0.020402177190328708
-0.020491333039921136
-0.020580318782759337
-0.020669134231000377
-0.020757779196718163
-0.020846253491882377
-0.020934556928337508
-0.021022689317782096
-0.02111065047174809
-0.021198428365423922
-0.021286022732607875
-0.02137344515387936
-0.02146069544058716
-0.02154777340381091
-0.021634678854341324
-0.021721411602660494
-0.021807971458922364
-0.02189435823293335
-0.021980563926850636
-0.022066579413167108
-0.02215242110572585
-0.022238088813445654
-0.02232358234480083
-0.02240890150780255
-0.02249404610998034
-0.022579015958363643
-0.02266381085946354
-0.022748423208004725
-0.022832842319328764
-0.022917085766353488
-0.02300115335403445
-0.02308504488671709
-0.02316876016811912
-0.023252299001313013
-0.023335661188708605
-0.023418846532035843
-0.023501844502022737
-0.02358464952849037
-0.02366727698414767
-0.02374972666853499
-0.023831998380425736
-0.023914091917809677
-0.023996007077876358
-0.024077743656998628
-0.024159301450716226
-0.024240664039534662
-0.02432183694159392
-0.024402830317769113
-0.024483643960807693
-0.024564277662541278
-0.024644731213869765
-0.02472500440474559
-0.02480509702415806
-0.024885008860117703
-0.024964715017331572
-0.02504423731747632
-0.025123578076132646
-0.025202737077944966
-0.025281714106500087
-0.02536050894431209
-0.025439121372807294
-0.025517551172309246
-0.025595790589254624
-0.025673826674507245
-0.025751679354271213
-0.025829348405017518
-0.02590683360203872
-0.02598413471943441
-0.026061251530096686
-0.02613818380569576
-0.026214931316665604
-0.026291474445596198
-0.026367823412806295
-0.026443986814619964
-0.026519964417093343
-0.026595755984973875
-0.026671361281686325
-0.02674678006931883
-0.026822012108609055
-0.026897053283127626
-0.026971882407258483
-0.027046523958139886
-0.027120977691685335
-0.027195243362388048
-0.027269320723307417
-0.027343209526055533
-0.027416909520783742
-0.027490420456169205
-0.027563724597780552
-0.027636827536479964
-0.027709740560512994
-0.02778246341324946
-0.02785499583651794
-0.02792733757059268
-0.027999488354180535
-0.028071447924407945
-0.02814321393339191
-0.02821476088646135
-0.028286115741506978
-0.028357278229936722
-0.02842824808151329
-0.028499025024341377
-0.02856960878485499
-0.028639999087804752
-0.02871019565624528
-0.028780182583865336
-0.028849961140921275
-0.028919545042761317
-0.028988934006275762
-0.02905812774659643
-0.02912712597708427
-0.029195928409316965
-0.029264534753076613
-0.029332944716337392
-0.029401129474353385
-0.0294691158429453
-0.02953690487149993
-0.02960449626139997
-0.029671889712160008
-0.029739084921414454
-0.029806081584905463
-0.029872879396470924
-0.029939467903250416
-0.030005837021030792
-0.03007200629089882
-0.030137975399738122
-0.030203744032469896
-0.030269311872041068
-0.03033467859941253
-0.030399843893547412
-0.030464807431399288
-0.030529549020479125
-0.03059407788667404
-0.03065840395687981
-0.030722526900703203
-0.030786446385685513
-0.03085016207729107
-0.030913673638895783
-0.03097698073177565
-0.03104008301509539
-0.031102952960125885
-0.031165614364860893
-0.03122806987421095
-0.03129031913962002
-0.03135236181036716
-0.03141419753355523
-0.031475825954099854
-0.031537246714718255
-0.03159845817758144
-0.03165943238032082
-0.031720197794757134
-0.031780754055572895
-0.03184110079520074
-0.03190123764381261
-0.031961164229308926
-0.03202088017730778
-0.032080385111134216
-0.03213967678811635
-0.03219872849411643
-0.032257568007321075
-0.03231619494268484
-0.03237460891282042
-0.03243280952798815
-0.032490796396085646
-0.0325485691226374
-0.032606127310784445
-0.032663470561274034
-0.032720570544919024
-0.03277745280439157
-0.03283411888907693
-0.03289056839100298
-0.032946800899758294
-0.03300281600248216
-0.03305861328385474
-0.03311419232608715
-0.03316955270891173
-0.03322467531665737
-0.03327956747279518
-0.03333423967817403
-0.03338869150352106
-0.03344292251704239
-0.03349693228441374
-0.033550720368771166
-0.03360428633070173
-0.033657629728234315
-0.03371074668144109
-0.03376361433631166
-0.03381625807961732
-0.0338686774601238
-0.03392087202400029
-0.033972841314810764
-0.03402458487350529
-0.0340761022384115
-0.0341273929452261
-0.03417845652700641
-0.03422928234907072
-0.034279861447487514
-0.03433021200964828
-0.03438033355909498
-0.034430225616696765
-0.034479887700642156
-0.03452931932643131
-0.03457852000686836
-0.03462748925205397
-0.03467622656937777
-0.034724723364860426
-0.0347729670900399
-0.03482097741065228
-0.03486875382436372
-0.03491629582610163
-0.03496360290804799
-0.035010674559632665
-0.03505751026752697
-0.035104109515637236
-0.03515047178509857
-0.03519659655426869
-0.03524245972533399
-0.035288080398159005
-0.03533346202032893
-0.035378604060305595
-0.03542350598375311
-0.03546816725353258
-0.03551258732969697
-0.035556765669486075
-0.0356007017273217
-0.035644394954802955
-0.03568784480070165
-0.03573102463023844
-0.03577395941326698
-0.03581664918991083
-0.035859093398945094
-0.03590129147630604
-0.035943242855087584
-0.03598494696553798
-0.03602640323505659
-0.03606761108819093
-0.036108569946633876
-0.036149279229221
-0.03618972448579279
-0.0362299072764433
-0.03626983879184254
-0.03630951844081169
-0.036348945629313366
-0.03638811976045026
-0.03642704023446401
-0.036465706448734134
-0.03650411779777733
-0.036542273673246965
-0.03658017346393273
-0.03661781655576061
-0.03665519285977338
-0.03669229641310362
-0.036729141487074055
-0.03676572745768556
-0.03680205369808726
-0.03683811957857793
-0.036873924466607644
-0.03690946772677967
-0.03694474872085264
-0.036979766807742995
-0.03701452134352771
-0.03704901168144723
-0.03708323717190884
-0.0371171906263042
-0.03715086178315305
-0.03718426622578724
-0.03721740329493632
-0.037250272328525576
-0.037282872661681
-0.0373152036267347
-0.03734726455323044
-0.03737905476792968
-0.03741057359481782
-0.03744182035511086
-0.037472794367262266
-0.03750349494697033
-0.03753392140718578
-0.0375640730581198
-0.03759393153992432
-0.03762351092385057
-0.03765281353611502
-0.0376818386777669
-0.037710585647168136
-0.03773905374000343
-0.03776724224929075
-0.03779515046539219
-0.037822777676025175
-0.037850123166274105
-0.037877186218602366
-0.03790396611286482
-0.0379304621263206
-0.03795667353364637
-0.03798259960695008
-0.038008239615784985
-0.03803358585587319
-0.03805863358637847
-0.038083393196273456
-0.03810786394682423
-0.03813204509682416
-0.03815593590261059
-0.03817953561808193
-0.03820284349471514
-0.03822585878158377
-0.0382485807253765
-0.038271008570415994
-0.03829314155867842
-0.03831497892981337
-0.0383365199211643
-0.03835776376778943
-0.03837870970248323
-0.03839935695579832
-0.03841970475606797
-0.03843975232942907
-0.03845949889984565
-0.0384789399120863
-0.03849806795524908
-0.038516892839726015
-0.038535413782853085
-0.03855362999992004
-0.03857154070419692
-0.038589145106961174
-0.03860644241752538
-0.038623431843265436
-0.03864011258964937
-0.038656483860266766
-0.03867254485685872
-0.03868829477934841
-0.03870373282587228
-0.038718858192811755
-0.038733670074825644
-0.03874816766488312
-0.038762350154297256
-0.03877621673275928
-0.038789766588373374
-0.03880299890769218
-0.038815912875752805
-0.03882850767611365
-0.03884078249089169
-0.03885273650080056
-0.03886436888518917
-0.03887567882208107
-0.038886665488214386
-0.03889732805908256
-0.038907665708975546
-0.03891767761102187
-0.03892735619060184
-0.03893670686146551
-0.038945729535681796
-0.038954423383858516
-0.03896278757565406
-0.03897082127982315
-0.03897852366426326
-0.0389858938960618
-0.03899293114154396
-0.03899963456632125
-0.03900600333534081
-0.039012036612935334
-0.03901773356287388
-0.039023093348413154
-0.03902811513234979
-0.03903279807707315
-0.039037141344618914
-0.03904114409672348
-0.03904480549487899
-0.039048124700389125
-0.03905110087442571
-0.039053733178085935
-0.039056020772450434
-0.03905796281864205
-0.039059558477885364
-0.039060806911566964
-0.039061707281296494
-0.03906225874896842
-0.03906246047682457
-0.03906231162751744
-0.03906181136417423
-0.039060958850461645
-0.0390597532506515
-0.039058193729687
-0.03905627945324987
-0.039054009587828155
-0.039051383300784885
-0.039048399760427406
-0.03904505813607752
-0.03904135759814238
-0.03903729731818615
-0.039032876469002394
-0.03902809422468727
-0.03902294976071345
-0.03901744225400479
-0.03901157088301181
-0.03900533482778786
-0.03899873327006606
-0.03899176539333703
-0.038984430382927315
-0.038976727426078585
-0.038968655712027594
-0.03896021443208681
-0.038951402779725884
-0.03894221995065379
-0.038932665142901696
-0.03892273755690659
-0.038912431381258494
-0.038901747211065374
-0.038890687569388266
-0.038879251666581925
-0.03886743871586913
-0.03885524793342905
-0.038842678538486324
-0.03882972975340083
-0.038816400803758165
-0.03880269091846078
-0.03878859932981978
-0.03877412527364743
-0.03875926798935029
-0.03874402672002301
-0.0387284007125428
-0.03871238921766451
-0.03869599149011635
-0.03867920678869624
-0.03866203437636879
-0.038644473520362856
-0.03862652349226974
-0.03860818356814197
-0.03858945302859259
-0.038570331158895146
-0.03855081724908416
-0.038530910594056146
-0.03851061049367125
-0.038489916252855326
-0.03846882313418083
-0.03844732119396989
-0.03842542274381177
-0.03840312711046472
-0.03838043362631705
-0.03835734162949265
-0.038333850463956855
-0.03830995947962287
-0.03828566803245854
-0.0382609754845935
-0.038235881204426815
-0.03821038456673488
-0.03818448495277981
-0.0381581817504181
-0.03813147435420966
-0.03810436216552712
-0.03807684459266553
-0.038048921050952283
-0.03802058836962777
-0.03799182820850231
-0.03796266006444331
-0.03793308338342845
-0.03790309761907376
-0.03787270223274527
-0.03784189669367071
-0.03781068047905151
-0.03777905307417485
-0.03774701397252578
-0.03771456267589955
-0.03768169869451393
-0.0376484215471216
-0.03761473076112259
-0.037580625872676736
-0.03754608884770549
-0.03751112694143125
-0.03747574931355099
-0.037439955538612
-0.037403745200538754
-0.03736711789274517
-0.03733007321824666
-0.0372926107897721
-0.037254730229875535
-0.037216431171047754
-0.037177713255827624
-0.03713857613691309
-0.0370990129484981
-0.03705900555419631
-0.03701857772053749
-0.03697772914485783
-0.036936459535259626
-0.036894768610720295
-0.03685265610120098
-0.036810121747754755
-0.036767165302634304
-0.03672378652939907
-0.036679985203021966
-0.0366357573799212
-0.03659107654569696
-0.036545972327038954
-0.036500444549143515
-0.03645449304919994
-0.03640811767649334
-0.036361318292506675
-0.03631409477102216
-0.036266446998221805
-0.036218374872787236
-0.0361698783059987
-0.036120922513449914
-0.036071540468207944
-0.03602173360307305
-0.03597150188480333
-0.03592084529328895
-0.035869763821645306
-0.03581825747630517
-0.03576632627710985
-0.035713970257399204
-0.03566116951207404
-0.03560792569312656
-0.03555425708065915
-0.03550016376745406
-0.035445645860273066
-0.03539070347994008
-0.03533533676142247
-0.035279545853911125
-0.03522333092089929
-0.035166666447223695
-0.03510956403221178
-0.03505203805195851
-0.03499408873291393
-0.03493571631624562
-0.03487692105790835
-0.03481770322871234
-0.034758063114389906
-0.03469799222057421
-0.03463746718933171
-0.03457652073996359
-0.034515153223840404
-0.03445336500760041
-0.03439115647320583
-0.034328528017997455
-0.03426548005474751
-0.034202006782663406
-0.03413807880425724
-0.034073732607815495
-0.03400896867391865
-0.03394378749884499
-0.033878189594611835
-0.03381217548901476
-0.03374574572566515
-0.03367888438629051
-0.03361158193582617
-0.03354386555336112
-0.03347573585190906
-0.03340719346047796
-0.03333823902409479
-0.03326887320382804
-0.03319909667680848
-0.03312887226441735
-0.033058232872347534
-0.03298718494383027
-0.032915729226359804
-0.03284386648357591
-0.0327715974952708
-0.032698923057393955
-0.03262581917574529
-0.03255229247965666
-0.03247836289888498
-0.032404031300032686
-0.032329298565853946
-0.032254165595245105
-0.03217863330323303
-0.032102683379123156
-0.03202631140042707
-0.03194954306026708
-0.03187237934405884
-0.03179482125325081
-0.03171686980529781
-0.03163852603363244
-0.03155977095465308
-0.03148060202962272
-0.031401044133097335
-0.03132109836806365
-0.031240765853294324
-0.031160047723304423
-0.031078945128305595
-0.03099743322127686
-0.030915521948026443
-0.030833229948173106
-0.03075055844006961
-0.030667508657478932
-0.03058408184951366
-0.030500279280573143
-0.030416066217299673
-0.030331473349622627
-0.030246508836135742
-0.03016117400738942
-0.030075470208840865
-0.029989398800776775
-0.02990295432029068
-0.029816109787689588
-0.02972890207553733
-0.029641332608095056
-0.029553402823994365
-0.029465114176145994
-0.029376468131646346
-0.029287443685548954
-0.029198046279079366
-0.029108296256363818
-0.02901819514544305
-0.02892774448799708
-0.02883694583923843
-0.028745800767803316
-0.028654271818458178
-0.02856239885022438
-0.028470184571540626
-0.028377630608437805
-0.028284738599742305
-0.028191510196954893
-0.028097930327013586
-0.02800399537623618
-0.02790972941251367
-0.027815134141281003
-0.027720211279953715
-0.02762496255779553
-0.02752938971578432
-0.027433460752631325
-0.02733720771178388
-0.027240636221801073
-0.027143748073183524
-0.027046545067384197
-0.02694902901666426
-0.02685118853847516
-0.026753015935065242
-0.02665453618606476
-0.026555751149125183
-0.026456662691892823
-0.026357272691855987
-0.026257583036190996
-0.026157567539486046
-0.026057250122347896
-0.0259566391879065
-0.025855736663638752
-0.02575454448584583
-0.025653064599492112
-0.025551291436592776
-0.025449209318722656
-0.02534684581263201
-0.02524420289895838
-0.025141282566103765
-0.02503808681006796
-0.024934617634281123
-0.024830858622228665
-0.02472681793601224
-0.024622510332694976
-0.024517937845833147
-0.02441310251548465
-0.024308006388037814
-0.024202651516039488
-0.02409701403769258
-0.02399111918604485
-0.023884972242754234
-0.023778575284800457
-0.023671930394374582
-0.023565039658705097
-0.023457902389617903
-0.02335049918518432
-0.023242856891422935
-0.023134977615006234
-0.023026863466690133
-0.02291851656113965
-0.022809939016754453
-0.022701127748471432
-0.02259207032691004
-0.022482789111613524
-0.022373286234648314
-0.022263563830864117
-0.022153624037720882
-0.022043468995115844
-0.021933096657683986
-0.021822494661211108
-0.021711684316831684
-0.021600667772386277
-0.021489447177214845
-0.02137802468198682
-0.02126640243853168
-0.02115458259967005
-0.021042546505539522
-0.02093031757518729
-0.020817897976592812
-0.020705289864170397
-0.020592495392415356
-0.020479516715739644
-0.020366355988308393
-0.020253003533165084
-0.02013946679969907
-0.0200257549314227
-0.019911870078698424
-0.0197978143907661
-0.019683590015585634
-0.01956919909968046
-0.019454643107943315
-0.019339909099104546
-0.01922501542439873
-0.019109964221392512
-0.018994757625383208
-0.01887939776924965
-0.01876388678330414
-0.018648226795145606
-0.01853241727288686
-0.018416451463371803
-0.01830034344601652
-0.018184095333963687
-0.018067709236867253
-0.01795118726075385
-0.017834531507885887
-0.017717744076625762
-0.017600826978471484
-0.017483770388513734
-0.017366588800180504
-0.01724928429230995
-0.017131858939129885
-0.0170143148101314
-0.016896653969944168
-0.016778878478213088
-0.016660990389476365
-0.016542987333616765
-0.01642487043490056
-0.01630664745499368
-0.01618832042380276
-0.016069891365497146
-0.01595136229839709
-0.015832735234863792
-0.01571401218119091
-0.015595195137497655
-0.015476282971535912
-0.015357276241347065
-0.015238181838625965
-0.015119001734396812
-0.0149997378929632
-0.01488039227181193
-0.014760966821518453
-0.014641463485653875
-0.014521884200693783
-0.014402230895928582
-0.014282501152234886
-0.014162700018644888
-0.01404283092946411
-0.013922895780727005
-0.013802896460833084
-0.013682834850468105
-0.013562712822527022
-0.01344253224203846
-0.013322294966091023
-0.013202002843761117
-0.013081656473634308
-0.012961256406632768
-0.012840807275013124
-0.012720310891267555
-0.012599769059522944
-0.012479183575479374
-0.012358556226350358
-0.012237888790804811
-0.012117183038910422
-0.011996440732078796
-0.0118756636230121
-0.011754853455651451
-0.0116340102329928
-0.011513137281251933
-0.011392236687178802
-0.011271310155218338
-0.011150359380812911
-0.011029386050360739
-0.010908391841176064
-0.010787378421450777
-0.010666347450217566
-0.010545300577314625
-0.010424239443351808
-0.010303165679678336
-0.010182080908351977
-0.010060986336842936
-0.009939884069622297
-0.00981877579165654
-0.00969766308359397
-0.009576547516662304
-0.009455430652647291
-0.00933431404387264
-0.009213199233181412
-0.009092087753918766
-0.008970981129916017
-0.008849880875476114
-0.008728788495360504
-0.008607705484777179
-0.00848663332937008
-0.00836557350521003
-0.008244527827431136
-0.008123497948151669
-0.0080024849006775
-0.007881490118899907
-0.007760515027122438
-0.007639561040059762
-0.007518629562837665
-0.007397721990994414
-0.007276839710483048
-0.007155984097675003
-0.007035156519364812
-0.006914358332775927
-0.006793590885567679
-0.006672855515843381
-0.006552153552159427
-0.006431486313535541
-0.006310855109466037
-0.006190261239932064
-0.006069705995415161
-0.005949190656911396
-0.005828717009257544
-0.005708286935092043
-0.005587900612116273
-0.005467559280101234
-0.005347264169441025
-0.005227016501173027
-0.005106817486999569
-0.004986668329310067
-0.004866570221204266
-0.004746524346516196
-0.004626531879839064
-0.004506593986550988
-0.00438671182284143
-0.004266886535738539
-0.004147119263137271
-0.0040274111338282105
-0.003907763267527168
-0.003788176774905611
-0.0036686527576217263
-0.003549192308352162
-0.003429796510824612
-0.003310466439850924
-0.003191203161361058
-0.003072007732437473
-0.002952881201350354
-0.0028338246075934248
-0.0027148389819202476
-0.0025959253463813427
-0.0024770847143616307
-0.0023583180906187246
-0.0022396264713215614
-0.002121010844089747
-0.002002472188033268
-0.0018840114737928508
-0.0017656296635807768
-0.001647327711222267
-0.0015291065621971778
-0.0014109671536823246
-0.0012929104145941674
-0.0011749372656320116
-0.0010570486193216648
-0.0009392453800592568
-0.0008215284441558099
-0.0007038986998820335
-0.0005863570275134734
-0.0004689042993759777
-0.0003515413798918503
-0.00023426912562585052
-0.0001170883853318852
-9.567553118338697e-18
