0.0
0.0006102219725539963
0.0012204421872870064
0.001830658886383108
0.0024408703120365064
0.0030510747064565963
0.003661270311873028
0.0042714553705407695
0.004881628124745171
0.005491786816807023
0.006101929689087631
0.006712054983993862
0.007322160943983227
0.007932245811568926
0.008542307829324922
0.009152345239891
0.009762356285977825
0.010372339210372011
0.010982292255941184
0.011592213665639034
0.012202101682510381
0.012811954549696244
0.013421770510438894
0.014031547808086905
0.014641284686100237
0.015250979388055282
0.015860630157649918
0.016470235238708587
0.01707979287518733
0.01768930131117887
0.018298758790917646
0.018908163558784895
0.01951751385931369
0.020126807937194003
0.020736044037277773
0.021345220404583934
0.021954335284303503
0.022563386921804613
0.02317237356263757
0.023781293452539917
0.024390144837441494
0.02499892596346944
0.025607635076953336
0.026216270424430158
0.026824830252649395
0.027433312808578077
0.028041716339405835
0.02865003909254992
0.029258279315660288
0.029866435256624642
0.030474505163573445
0.031082487284885017
0.03169037986919054
0.032298181165379115
0.032905889422602835
0.03351350289028177
0.03412101981810907
0.03472843845605597
0.03533575705437684
0.03594297386361422
0.036550087134603886
0.037157095118479845
0.03776399606667941
0.03837078823094824
0.03897746986334533
0.03958403921624808
0.040190494542357354
0.04079683409470243
0.04140305612664615
0.04200915889188986
0.04261514064447845
0.04322099963880543
0.04382673412961792
0.044432342372021684
0.04503782262148618
0.04564317313384952
0.046248392165323594
0.04685347797249901
0.04745842881235015
0.048063242942240195
0.048667918619926115
0.04927245410356373
0.04987684765171271
0.05048109752334155
0.05108520197783267
0.051689159274987365
0.052292967675030826
0.05289662543861716
0.05350013082683442
0.05410348210120959
0.054706677523713575
0.05530971535676625
0.05591259386324147
0.056515311306471985
0.05711786595025458
0.05772025605885496
0.0583224798970128
0.05892453572994676
0.05952642182335944
0.06012813644344238
0.060729677856881104
0.06133104433086008
0.06193223413306768
0.06253324553170121
0.06313407679547194
0.06373472619360995
0.06433519199586928
0.06493547247253281
0.06553556589441728
0.06613547053287827
0.06673518465981519
0.06733470654767619
0.06793403446946322
0.068533166698737
0.06913210150962193
0.06973083717681111
0.07032937197557129
0.07092770418174787
0.07152583207176981
0.07212375392265467
0.07272146801201348
0.07331897261805581
0.07391626601959464
0.07451334649605132
0.07511021232746062
0.07570686179447562
0.0763032931783726
0.07689950476105613
0.07749549482506386
0.07809126165357166
0.07868680353039835
0.07928211874001084
0.07987720556752893
0.08047206229873033
0.08106668722005554
0.08166107861861285
0.08225523478218323
0.08284915399922528
0.08344283455888014
0.08403627475097643
0.0846294728660352
0.08522242719527483
0.08581513603061591
0.08640759766468631
0.08699981039082587
0.08759177250309153
0.0881834822962621
0.08877493806584327
0.08936613810807247
0.08995708071992371
0.0905477641991127
0.09113818684410148
0.09172834695410355
0.09231824282908861
0.09290787276978757
0.09349723507769735
0.09408632805508586
0.09467515000499688
0.0952636992312548
0.09585197403846973
0.09643997273204229
0.09702769361816835
0.09761513500384421
0.0982022951968712
0.09878917250586065
0.09937576524023885
0.0999620717102518
0.10054809022697009
0.10113381910229383
0.10171925664895752
0.10230440118053477
0.10288925101144332
0.10347380445694986
0.10405805983317477
0.10464201545709714
0.10522566964655948
0.10580902072027264
0.10639206699782065
0.1069748067996655
0.10755723844715204
0.10813936026251282
0.1087211705688729
0.10930266769025464
0.10988384995158258
0.11046471567868829
0.11104526319831515
0.11162549083812313
0.1122053969266937
0.11278497979353455
0.11336423776908454
0.11394316918471835
0.11452177237275131
0.11510004566644437
0.11567798740000873
0.11625559590861066
0.11683286952837636
0.11740980659639669
0.11798640545073204
0.118562664430417
0.11913858187546529
0.11971415612687437
0.12028938552663043
0.12086426841771293
0.12143880314409955
0.12201298805077092
0.12258682148371532
0.12316030178993354
0.12373342731744358
0.12430619641528538
0.12487860743352569
0.12545065872326275
0.12602234863663095
0.12659367552680578
0.12716463774800843
0.12773523365551054
0.12830546160563897
0.12887531995578055
0.12944480706438677
0.13001392129097855
0.1305826609961509
0.13115102454157768
0.13171901029001643
0.13228661660531288
0.13285384185240579
0.13342068439733162
0.13398714260722933
0.13455321485034488
0.13511889949603612
0.13568419491477748
0.1362490994781645
0.13681361155891872
0.13737772953089222
0.13794145176907235
0.13850477664958644
0.13906770254970655
0.13963022784785387
0.1401923509236037
0.14075407015769
0.14131538393200996
0.14187629062962884
0.14243678863478446
0.14299687633289196
0.14355655211054844
0.1441158143555376
0.1446746614568343
0.1452330918046093
0.145791103790234
0.14634869580628473
0.14690586624654772
0.1474626135060236
0.14801893598093202
0.1485748320687162
0.14913030016804776
0.1496853386788311
0.15023994600220808
0.1507941205405627
0.1513478606975257
0.151901164877979
0.15245403148806047
0.15300645893516845
0.15355844562796633
0.1541099899763872
0.15466109039163825
0.15521174528620563
0.15576195307385876
0.15631171216965511
0.1568610209899445
0.15740987795237402
0.15795828147589225
0.158506229980754
0.15905372188852485
0.15960075562208562
0.16014732960563696
0.16069344226470397
0.16123909202614053
0.16178427731813405
0.16232899657020983
0.1628732482132357
0.1634170306794265
0.1639603424023486
0.16450318181692436
0.1650455473594367
0.16558743746753363
0.16612885058023263
0.16666978513792532
0.16721023958238182
0.1677502123567552
0.16828970190558612
0.16882870667480732
0.16936722511174776
0.16990525566513756
0.17044279678511223
0.170979846923217
0.17151640453241157
0.17205246806707447
0.17258803598300732
0.17312310673743955
0.17365767878903265
0.1741917505978848
0.17472532062553506
0.175258387334968
0.17579094919061808
0.17632300465837403
0.17685455220558324
0.17738559030105633
0.1779161174150714
0.17844613201937848
0.17897563258720403
0.17950461759325517
0.18003308551372418
0.1805610348262929
0.18108846401013712
0.18161537154593071
0.18214175591585055
0.18266761560358033
0.1831929490943152
0.18371775487476613
0.18424203143316417
0.18476577725926488
0.18528899084435269
0.1858116706812452
0.18633381526429754
0.18685542308940667
0.18737649265401576
0.1878970224571186
0.1884170109992637
0.1889364567825588
0.18945535831067511
0.1899737140888517
0.19049152262389968
0.19100878242420646
0.1915254919997404
0.1920416498620547
0.1925572545242917
0.19307230450118765
0.19358679830907632
0.19410073446589374
0.19461411149118232
0.1951269279060951
0.1956391822334
0.19615087299748415
0.1966619987243581
0.19717255794166003
0.19768254917866002
0.19819197096626429
0.1987008218370194
0.19920910032511666
0.199716804966396
0.20022393429835045
0.20073048686013045
0.2012364611925476
0.2017418558380794
0.20224666934087318
0.20275090024675024
0.20325454710321011
0.20375760845943489
0.20426008286629316
0.20476196887634432
0.20526326504384276
0.20576396992474194
0.20626408207669852
0.20676360005907676
0.20726252243295243
0.2077608477611169
0.20825857460808161
0.20875570154008186
0.20925222712508115
0.20974814993277519
0.21024346853459608
0.21073818150371643
0.21123228741505343
0.21172578484527302
0.21221867237279382
0.21271094857779152
0.21320261204220275
0.21369366134972906
0.21418409508584138
0.21467391183778375
0.21516311019457754
0.21565168874702548
0.21613964608771574
0.21662698081102594
0.2171136915131272
0.21759977679198836
0.21808523524737958
0.218570065480877
0.21905426609586626
0.21953783569754667
0.2200207728929353
0.22050307629087096
0.22098474450201816
0.22146577613887117
0.221946169815758
0.2224259241488443
0.2229050377561375
0.2233835092574908
0.22386133727460694
0.22433852043104233
0.224815057352211
0.22529094666538854
0.225766186999716
0.22624077698620407
0.2267147152577366
0.22718800044907494
0.22766063119686172
0.22813260613962474
0.22860392391778092
0.22907458317364027
0.22954458255140972
0.23001392069719698
0.23048259625901474
0.23095060788678418
0.231417954232339
0.23188463394942943
0.23235064569372602
0.23281598812282334
0.23328065989624422
0.23374465967544325
0.2342079861238108
0.23467063790667694
0.23513261369131505
0.23559391214694597
0.23605453194474155
0.23651447175782872
0.236973730261293
0.23743230613218275
0.23789019804951253
0.23834740469426724
0.23880392474940573
0.23925975689986467
0.23971489983256236
0.24016935223640246
0.24062311280227774
0.24107618022307395
0.24152855319367356
0.2419802304109594
0.24243121057381853
0.24288149238314605
0.24333107454184869
0.2437799557548485
0.24422813472908692
0.24467561017352812
0.2451223807991629
0.24556844531901242
0.24601380244813184
0.24645845090361404
0.24690238940459333
0.24734561667224916
0.24778813142980968
0.24822993240255573
0.248671018317824
0.2491113879050112
0.2495510398955775
0.2499899730230501
0.2504281860230271
0.25086567763318085
0.25130244659326195
0.25173849164510254
0.25217381153262014
0.2526084050018212
0.2530422708008045
0.25347540767976545
0.25390781439099863
0.2543394896889024
0.2547704323299818
0.25520064107285256
0.25563011467824426
0.25605885190900435
0.25648685153010137
0.2569141123086288
0.2573406330138083
0.25776641241699333
0.258191449291673
0.2586157424134751
0.2590392905601703
0.2594620925116747
0.2598841470500544
0.2603054529595283
0.26072600902647175
0.26114581403942033
0.261564866789073
0.2619831660682955
0.2624007106721246
0.26281749939777044
0.26323353104462077
0.2636488044142444
0.264063318310394
0.2644770715390104
0.26489006290822553
0.26530229122836585
0.26571375531195596
0.266124453973722
0.2665343860305947
0.2669435503017136
0.2673519456084294
0.26775957077430834
0.2681664246251349
0.26857250598891547
0.2689778136958818
0.2693823465784941
0.26978610347144455
0.2701890832116609
0.27059128463830934
0.2709927065927981
0.27139334791878106
0.2717932074621604
0.27219228407109064
0.27259057659598146
0.2729880838895012
0.2733848048065803
0.27378073820441434
0.27417588294246736
0.2745702378824756
0.2749638018884499
0.27535657382667983
0.2757485525657365
0.27613973697647604
0.2765301259320425
0.27691971830787165
0.2773085129816938
0.2776965088335368
0.27808370474573013
0.27847009960290736
0.2788556922920095
0.27924048170228843
0.2796244667253101
0.2800076462549573
0.2803900191874333
0.28077158442126493
0.2811523408573056
0.2815322873987387
0.28191142295108046
0.2822897464221833
0.28266725672223897
0.28304395276378175
0.2834198334616913
0.2837948977331962
0.2841691444978767
0.28454257267766797
0.2849151811968634
0.2852869689821172
0.285657934962448
0.28602807806924196
0.2863973972362552
0.2867658913996175
0.28713355949783526
0.2875004004717943
0.2878664132647632
0.2882315968223962
0.28859595009273614
0.2889594720262177
0.28932216157567037
0.28968401769632135
0.29004503934579867
0.29040522548413417
0.29076457507376646
0.2911230870795439
0.29148076046872773
0.29183759421099487
0.2921935872784408
0.2925487386455829
0.2929030472893631
0.29325651218915083
0.2936091323267462
0.2939609066863824
0.2943118342547295
0.29466191402089636
0.2950111449764345
0.2953595261153401
0.2957070564340577
0.2960537349314826
0.2963995606089638
0.296744532470307
0.29708864952177755
0.29743191077210307
0.2977743152324764
0.2981158619165586
0.2984565498404814
0.2987963780228507
0.2991353454847486
0.29947345124973684
0.2998106943438593
0.300147073795645
0.30048258863611055
0.30081723789876347
0.3011510206196046
0.3014839358371307
0.3018159825923379
0.30214715992872376
0.3024774668922904
0.30280690253154713
0.3031354658975133
0.30346315604372087
0.30378997202621727
0.30411591290356793
0.3044409777368594
0.3047651655897015
0.3050884755282305
0.30541090662111153
0.3057324579395413
0.3060531285572509
0.30637291755050844
0.30669182399812145
0.30700984698144
0.307326985584359
0.30764323889332074
0.30795860599731795
0.30827308598789616
0.3085866779591561
0.308899381007757
0.3092111942329183
0.3095221167364229
0.3098321476226195
0.3101412859984253
0.3104495309733282
0.3107568816593901
0.3110633371712487
0.3113688966261203
0.3116735591438026
0.31197732384667715
0.31228018985971134
0.31258215631046177
0.3128832223290761
0.31318338704829596
0.31348264960345906
0.3137810091325022
0.3140784647759632
0.3143750156769837
0.3146706609813118
0.3149653998373039
0.3152592313959279
0.315552154810765
0.3158441692380125
0.3161352738364862
0.3164254677676229
0.31671475019548245
0.31700312028675054
0.3172905772107409
0.31757712013939776
0.3178627482472983
0.3181474607116549
0.3184312567123175
0.3187141354317762
0.31899609605516327
0.31927713777025574
0.3195572597674777
0.3198364612399026
0.3201147413832555
0.32039209939591556
0.32066853447891824
0.3209440458359575
0.32121863267338835
0.3214922942002289
0.3217650296281628
0.32203683817154144
0.3223077190473862
0.32257767147539057
0.32284669467792293
0.323114787880028
0.3233819503094298
0.3236481811965332
0.32391347977442697
0.3241778452788851
0.3244412769483696
0.3247037740240325
0.32496533574971803
0.32522596137196474
0.32548565014000796
0.3257444013057814
0.32600221412392
0.32625908785176155
0.326515021749349
0.3267700150794326
0.32702406710747217
0.3272771771016389
0.3275293443328176
0.3277805680746091
0.3280308476033316
0.32828018219802374
0.32852857114044587
0.3287760137150824
0.329022509209144
0.32926805691256944
0.3295126561180277
0.3297563061209201
0.32999900621938233
0.330240755714286
0.33048155390924167
0.3307214001105998
0.33096029362745316
0.33119823377163915
0.3314352198577413
0.3316712512030915
0.3319063271277716
0.3321404469546162
0.3323736100092135
0.3326058156199082
0.33283706311780287
0.33306735183675995
0.33329668111340405
0.3335250502871233
0.33375245870007164
0.33397890569717065
0.3342043906261113
0.3344289128373559
0.33465247168414003
0.33487506652247456
0.3350966967111469
0.3353173616117235
0.33553706058855154
0.33575579300876046
0.33597355824226405
0.3361903556617623
0.33640618464274297
0.3366210445634836
0.3368349348050532
0.33704785475131405
0.3372598037889236
0.3374707813073361
0.3376807866988042
0.337889819358381
0.33809787868392177
0.3383049640760855
0.33851107493833665
0.3387162106769471
0.33892037070099756
0.33912355442237946
0.33932576125579667
0.33952699061876684
0.3397272419316237
0.3399265146175181
0.3401248081024201
0.34032212181512045
0.3405184551872322
0.3407138076531925
0.34090817865026385
0.34110156761853644
0.341293974000929
0.3414853972431907
0.34167583679390295
0.34186529210448074
0.3420537626291742
0.34224124782507037
0.34242774715209456
0.3426132600730121
0.34279778605342975
0.3429813245617972
0.34316387506940876
0.3433454370504048
0.3435260099817733
0.3437055933433511
0.343884186617826
0.34406178929073744
0.3442384008504788
0.34441402078829825
0.34458864859830046
0.3447622837774482
0.3449349258255635
0.3451065742453292
0.34527722854229065
0.34544688822485653
0.345615552804301
0.34578322179476445
0.3459498947132554
0.3461155710796515
0.3462802504167013
0.3464439322500251
0.34660661610811705
0.3467683015223457
0.3469289880269561
0.34708867515907044
0.34724736245869
0.34740504946869605
0.34756173573485133
0.3477174208058014
0.34787210423307596
0.3480257855710899
0.34817846437714484
0.34833014021143033
0.34848081263702513
0.3486304812198983
0.34877914552891076
0.34892680513581636
0.34907345961526304
0.3492191085447941
0.34936375150484955
0.34950738807876724
0.34965001785278393
0.34979164041603666
0.34993225536056394
0.35007186228130666
0.3502104607761096
0.3503480504457224
0.3504846308938008
0.35062020172690755
0.35075476255451404
0.35088831298900075
0.35102085264565885
0.3511523811426914
0.35128289810121405
0.3514124031452561
0.3515408959017623
0.3516683760005929
0.3517948430745256
0.35192029675925607
0.35204473669339925
0.35216816251849026
0.3522905738789856
0.35241197042226385
0.3525323517986272
0.35265171766130177
0.3527700676664394
0.3528874014731179
0.3530037187433427
0.35311901914204713
0.35323330233709394
0.3533465679992761
0.35345881580231764
0.3535700454228747
0.3536802565405363
0.3537894488378256
0.35389762200020036
0.3540047757160543
0.3541109096767177
0.3542160235764583
0.35432011711248235
0.3544231899849354
0.354525241896903
0.35462627255441187
0.35472628166643055
0.35482526894487015
0.3549232341045855
0.35502017686337556
0.35511609694198465
0.35521099406410284
0.35530486795636707
0.3553977183483619
0.35548954497262003
0.35558034756462337
0.3556701258628037
0.35575887960854335
0.3558466085461759
0.35593331242298726
0.3560189909892161
0.35610364399805433
0.35618727120564847
0.35626987237109986
0.35635144725646545
0.35643199562675854
0.3565115172499494
0.3565900118969661
0.3566674793416949
0.35674391936098115
0.35681933173462965
0.3568937162454058
0.3569670726790355
0.35703940082420643
0.3571107004725682
0.35718097141873334
0.3572502134602775
0.3573184263977403
0.3573856100346259
0.3574517641774032
0.357516888635507
0.3575809832213382
0.3576440477502642
0.3577060820406197
0.3577670859137072
0.3578270591937974
0.3578860017081297
0.3579439132869127
0.358000793763325
0.3580566429735152
0.3581114607566025
0.35816524695467755
0.35821800141280247
0.3582697239790113
0.35832041450431074
0.35837007284268035
0.3584186988510732
0.3584662923894158
0.358512853320609
0.35855838151052827
0.35860287682802394
0.35864633914492167
0.3586887683360227
0.35873016427910454
0.35877052685492083
0.35880985594720227
0.3588481514426564
0.3588854132309683
0.3589216412048006
0.3589568352597941
0.35899099529456796
0.3590241212107199
0.3590562129128266
0.35908727030844373
0.3591172933081067
0.3591462818253305
0.35917423577660995
0.3592011550814203
0.3592270396622171
0.3592518894444365
0.35927570435649564
0.35929848432979267
0.359320229298707
0.3593409392005995
0.3593606139758127
0.35937925356767103
0.3593968579224807
0.3594134269895302
0.35942896072109026
0.359443459072414
0.3594569220017371
0.3594693494702779
0.3594807414422375
0.35949109788479994
0.3595004187681322
0.35950870406538427
0.3595159537526893
0.35952216780916363
0.3595273462169069
0.3595314889610021
0.3595345960295156
0.359536667413497
0.35953770310697936
0.35953770310697936
0.359536667413497
0.3595345960295156
0.3595314889610021
0.3595273462169069
0.35952216780916363
0.3595159537526893
0.35950870406538427
0.3595004187681322
0.3594910978848
0.3594807414422375
0.3594693494702779
0.3594569220017371
0.359443459072414
0.35942896072109026
0.3594134269895302
0.3593968579224807
0.35937925356767103
0.35936061397581276
0.3593409392005995
0.359320229298707
0.35929848432979267
0.35927570435649564
0.3592518894444365
0.35922703966221714
0.3592011550814203
0.35917423577660995
0.3591462818253305
0.3591172933081067
0.35908727030844373
0.3590562129128266
0.3590241212107199
0.35899099529456796
0.3589568352597941
0.3589216412048006
0.3588854132309683
0.3588481514426564
0.35880985594720227
0.35877052685492083
0.35873016427910454
0.3586887683360227
0.35864633914492167
0.35860287682802394
0.3585583815105283
0.358512853320609
0.3584662923894158
0.3584186988510732
0.35837007284268035
0.35832041450431074
0.3582697239790113
0.35821800141280247
0.35816524695467755
0.35811146075660255
0.3580566429735152
0.358000793763325
0.3579439132869127
0.3578860017081297
0.3578270591937974
0.3577670859137072
0.35770608204061977
0.3576440477502642
0.3575809832213382
0.357516888635507
0.3574517641774032
0.3573856100346259
0.35731842639774036
0.3572502134602775
0.35718097141873334
0.35711070047256827
0.35703940082420643
0.3569670726790355
0.3568937162454058
0.3568193317346297
0.35674391936098115
0.3566674793416949
0.3565900118969661
0.3565115172499494
0.35643199562675854
0.35635144725646545
0.35626987237109986
0.35618727120564847
0.35610364399805433
0.3560189909892161
0.3559333124229873
0.35584660854617595
0.35575887960854335
0.3556701258628037
0.3555803475646234
0.3554895449726201
0.3553977183483619
0.3553048679563671
0.35521099406410284
0.35511609694198465
0.3550201768633756
0.3549232341045855
0.3548252689448702
0.35472628166643055
0.35462627255441187
0.354525241896903
0.3544231899849354
0.35432011711248235
0.35421602357645837
0.35411090967671777
0.3540047757160543
0.3538976220002004
0.3537894488378256
0.3536802565405363
0.3535700454228747
0.3534588158023177
0.3533465679992761
0.353233302337094
0.35311901914204713
0.3530037187433427
0.352887401473118
0.3527700676664394
0.35265171766130177
0.3525323517986272
0.3524119704222639
0.3522905738789856
0.3521681625184903
0.3520447366933993
0.35192029675925607
0.35179484307452563
0.3516683760005929
0.3515408959017623
0.3514124031452562
0.35128289810121405
0.3511523811426915
0.3510208526456589
0.35088831298900075
0.35075476255451404
0.3506202017269076
0.3504846308938008
0.3503480504457224
0.3502104607761096
0.35007186228130666
0.34993225536056394
0.3497916404160367
0.34965001785278393
0.34950738807876724
0.3493637515048496
0.34921910854479415
0.34907345961526304
0.3489268051358164
0.3487791455289108
0.3486304812198983
0.34848081263702513
0.3483301402114304
0.3481784643771449
0.34802578557108993
0.34787210423307596
0.3477174208058015
0.3475617357348514
0.3474050494686961
0.34724736245869
0.3470886751590705
0.3469289880269561
0.3467683015223458
0.3466066161081171
0.3464439322500252
0.3462802504167013
0.3461155710796516
0.34594989471325543
0.3457832217947645
0.345615552804301
0.3454468882248566
0.34527722854229065
0.34510657424532926
0.3449349258255635
0.3447622837774482
0.3445886485983005
0.3444140207882983
0.3442384008504788
0.3440617892907375
0.34388418661782605
0.34370559334335116
0.3435260099817733
0.3433454370504049
0.3431638750694088
0.3429813245617972
0.3427977860534298
0.3426132600730121
0.3424277471520946
0.3422412478250704
0.3420537626291742
0.3418652921044808
0.341675836793903
0.34148539724319077
0.34129397400092903
0.3411015676185365
0.3409081786502639
0.3407138076531925
0.3405184551872322
0.34032212181512045
0.34012480810242013
0.3399265146175181
0.33972724193162374
0.3395269906187669
0.3393257612557967
0.3391235544223795
0.3389203707009976
0.3387162106769472
0.33851107493833676
0.3383049640760855
0.3380978786839218
0.3378898193583811
0.33768078669880425
0.33747078130733615
0.3372598037889237
0.3370478547513141
0.3368349348050532
0.3366210445634836
0.336406184642743
0.33619035566176236
0.3359735582422641
0.3357557930087605
0.3355370605885516
0.3353173616117236
0.33509669671114695
0.33487506652247456
0.33465247168414014
0.33442891283735593
0.3342043906261113
0.33397890569717065
0.3337524587000717
0.33352505028712337
0.33329668111340405
0.33306735183676
0.33283706311780287
0.3326058156199082
0.33237361000921356
0.33214044695461625
0.3319063271277717
0.33167125120309154
0.33143521985774144
0.33119823377163926
0.3309602936274533
0.3307214001105998
0.3304815539092417
0.3302407557142861
0.32999900621938233
0.32975630612092016
0.3295126561180277
0.3292680569125695
0.32902250920914405
0.32877601371508247
0.3285285711404459
0.3282801821980238
0.3280308476033317
0.3277805680746091
0.32752934433281766
0.32727717710163895
0.3270240671074723
0.3267700150794327
0.32651502174934904
0.32625908785176155
0.3260022141239201
0.3257444013057815
0.32548565014000796
0.32522596137196486
0.32496533574971803
0.3247037740240325
0.32444127694836966
0.32417784527888516
0.323913479774427
0.3236481811965333
0.3233819503094298
0.32311478788002806
0.32284669467792304
0.3225776714753907
0.3223077190473862
0.32203683817154155
0.3217650296281629
0.3214922942002289
0.3212186326733884
0.32094404583595754
0.32066853447891824
0.3203920993959157
0.3201147413832556
0.3198364612399026
0.3195572597674778
0.3192771377702558
0.31899609605516327
0.31871413543177624
0.31843125671231753
0.3181474607116549
0.3178627482472984
0.3175771201393978
0.3172905772107409
0.3170031202867506
0.31671475019548256
0.3164254677676229
0.3161352738364864
0.3158441692380125
0.315552154810765
0.315259231395928
0.31496539983730404
0.31467066098131186
0.31437501567698384
0.31407846477596324
0.31378100913250223
0.3134826496034591
0.31318338704829596
0.31288322232907617
0.3125821563104619
0.3122801898597114
0.31197732384667715
0.31167355914380274
0.31136889662612033
0.3110633371712487
0.3107568816593902
0.3104495309733283
0.3101412859984253
0.3098321476226196
0.309522116736423
0.3092111942329183
0.3088993810077571
0.30858667795915623
0.30827308598789616
0.30795860599731806
0.3076432388933208
0.307326985584359
0.3070098469814401
0.30669182399812156
0.30637291755050844
0.306053128557251
0.30573245793954135
0.30541090662111153
0.3050884755282306
0.30476516558970157
0.30444097773685946
0.30411591290356804
0.3037899720262173
0.3034631560437209
0.30313546589751345
0.3028069025315472
0.30247746689229044
0.3021471599287238
0.30181598259233794
0.30148393583713073
0.30115102061960464
0.3008172378987636
0.30048258863611055
0.30014707379564504
0.2998106943438594
0.29947345124973684
0.2991353454847487
0.29879637802285075
0.2984565498404815
0.2981158619165587
0.2977743152324765
0.2974319107721031
0.29708864952177766
0.2967445324703071
0.29639956060896383
0.2960537349314827
0.2957070564340578
0.29535952611534017
0.2950111449764346
0.2946619140208965
0.2943118342547295
0.29396090668638253
0.2936091323267462
0.2932565121891509
0.2929030472893632
0.292548738645583
0.2921935872784408
0.2918375942109949
0.2914807604687278
0.29112308707954393
0.2907645750737665
0.2904052254841342
0.2900450393457987
0.28968401769632146
0.2893221615756704
0.28895947202621775
0.2885959500927362
0.28823159682239624
0.2878664132647633
0.2875004004717944
0.28713355949783537
0.28676589139961756
0.2863973972362553
0.286028078069242
0.2856579349624481
0.28528696898211725
0.28491518119686343
0.2845425726776681
0.28416914449787684
0.2837948977331963
0.28341983346169136
0.28304395276378186
0.282667256722239
0.2822897464221833
0.2819114229510805
0.2815322873987388
0.2811523408573057
0.28077158442126504
0.28039001918743334
0.28000764625495733
0.27962446672531016
0.27924048170228855
0.2788556922920095
0.2784700996029075
0.2780837047457302
0.27769650883353686
0.27730851298169384
0.27691971830787177
0.27653012593204257
0.2761397369764761
0.27574855256573655
0.27535657382667983
0.27496380188845
0.2745702378824756
0.2741758829424675
0.27378073820441445
0.2733848048065804
0.27298808388950124
0.2725905765959815
0.2721922840710907
0.27179320746216046
0.27139334791878117
0.2709927065927982
0.27059128463830934
0.270189083211661
0.26978610347144466
0.2693823465784941
0.2689778136958819
0.2685725059889156
0.26816642462513496
0.26775957077430845
0.26735194560842945
0.2669435503017136
0.2665343860305948
0.26612445397372203
0.26571375531195607
0.265302291228366
0.26489006290822564
0.26447707153901046
0.2640633183103941
0.26364880441424443
0.2632335310446208
0.26281749939777055
0.26240071067212467
0.26198316606829564
0.26156486678907304
0.2611458140394204
0.2607260090264718
0.2603054529595284
0.25988414705005447
0.25946209251167474
0.25903929056017033
0.2586157424134752
0.258191449291673
0.25776641241699344
0.25734063301380833
0.2569141123086288
0.25648685153010153
0.2560588519090044
0.25563011467824426
0.2552006410728527
0.2547704323299819
0.25433948968890246
0.25390781439099874
0.2534754076797655
0.2530422708008046
0.2526084050018213
0.25217381153262025
0.2517384916451026
0.25130244659326206
0.25086567763318096
0.25042818602302713
0.24998997302305023
0.2495510398955776
0.24911138790501128
0.24867101831782412
0.2482299324025558
0.24778813142980977
0.2473456166722493
0.24690238940459344
0.24645845090361412
0.24601380244813195
0.2455684453190125
0.24512238079916293
0.24467561017352824
0.244228134729087
0.24377995575484854
0.2433310745418488
0.24288149238314613
0.2424312105738186
0.2419802304109595
0.24152855319367364
0.24107618022307403
0.24062311280227786
0.2401693522364025
0.23971489983256242
0.2392597568998648
0.2388039247494058
0.23834740469426727
0.23789019804951267
0.23743230613218283
0.2369737302612931
0.23651447175782883
0.23605453194474169
0.23559391214694603
0.23513261369131516
0.23467063790667703
0.23420798612381086
0.2337446596754434
0.23328065989624436
0.23281598812282342
0.23235064569372613
0.23188463394942951
0.23141795423233902
0.2309506078867843
0.23048259625901482
0.23001392069719703
0.22954458255140983
0.22907458317364035
0.228603923917781
0.2281326061396249
0.2276606311968618
0.227188000449075
0.2267147152577367
0.22624077698620415
0.2257661869997161
0.22529094666538865
0.2248150573522111
0.2243385204310424
0.22386133727460708
0.22338350925749093
0.22290503775613757
0.2224259241488444
0.22194616981575804
0.2214657761388712
0.2209847445020183
0.22050307629087107
0.22002077289293537
0.2195378356975468
0.21905426609586637
0.2185700654808771
0.21808523524737972
0.21759977679198844
0.2171136915131273
0.21662698081102608
0.21613964608771588
0.21565168874702556
0.2151631101945777
0.21467391183778387
0.21418409508584144
0.2136936613497292
0.2132026120422028
0.2127109485777916
0.21221867237279396
0.2117257848452731
0.2112322874150535
0.2107381815037166
0.2102434685345962
0.20974814993277527
0.20925222712508132
0.20875570154008197
0.20825857460808167
0.20776084776111703
0.2072625224329525
0.20676360005907685
0.20626408207669866
0.20576396992474205
0.20526326504384285
0.20476196887634449
0.2042600828662933
0.20375760845943497
0.20325454710321028
0.20275090024675033
0.20224666934087324
0.20174185583807955
0.20123646119254773
0.20073048686013048
0.20022393429835061
0.1997168049663961
0.1992091003251167
0.19870082183701956
0.19819197096626437
0.1976825491786601
0.1971725579416602
0.19666199872435824
0.19615087299748424
0.19563918223340016
0.1951269279060952
0.1946141114911824
0.1941007344658939
0.1935867983090764
0.19307230450118773
0.1925572545242919
0.1920416498620548
0.19152549199974048
0.19100878242420663
0.19049152262389973
0.18997371408885178
0.18945535831067528
0.1889364567825589
0.18841701099926375
0.18789702245711876
0.18737649265401587
0.18685542308940672
0.18633381526429768
0.18581167068124535
0.18528899084435277
0.18476577725926505
0.18424203143316428
0.18371775487476621
0.18319294909431535
0.18266761560358047
0.18214175591585063
0.18161537154593077
0.18108846401013717
0.180561034826293
0.18003308551372418
0.17950461759325528
0.17897563258720411
0.1784461320193785
0.17791611741507152
0.1773855903010564
0.17685455220558327
0.17632300465837414
0.17579094919061816
0.17525838733496804
0.17472532062553517
0.17419175059788486
0.17365767878903268
0.17312310673743964
0.17258803598300737
0.1720524680670745
0.1715164045324117
0.17097984692321708
0.17044279678511223
0.1699052556651377
0.16936722511174782
0.16882870667480732
0.16828970190558626
0.16775021235675527
0.16721023958238185
0.16666978513792546
0.16612885058023272
0.16558743746753363
0.16504554735943683
0.16450318181692444
0.16396034240234864
0.16341703067942662
0.1628732482132358
0.16232899657020985
0.16178427731813416
0.16123909202614062
0.160693442264704
0.1601473296056371
0.1596007556220857
0.15905372188852487
0.15850622998075412
0.15795828147589233
0.15740987795237404
0.15686102098994464
0.15631171216965517
0.1557619530738588
0.15521174528620574
0.15466109039163833
0.1541099899763872
0.15355844562796647
0.15300645893516854
0.1524540314880605
0.1519011648779791
0.1513478606975258
0.15079412054056274
0.1502399460022082
0.14968533867883116
0.14913030016804782
0.14857483206871636
0.1480189359809321
0.14746261350602363
0.14690586624654786
0.14634869580628482
0.14579110379023402
0.14523309180460944
0.14467466145683439
0.1441158143555376
0.14355655211054857
0.14299687633289201
0.14243678863478448
0.14187629062962895
0.14131538393201004
0.14075407015769004
0.14019235092360383
0.13963022784785395
0.13906770254970657
0.1385047766495866
0.1379414517690724
0.13737772953089222
0.13681361155891883
0.13624909947816458
0.1356841949147775
0.13511889949603625
0.13455321485034494
0.13398714260722935
0.13342068439733176
0.13285384185240587
0.13228661660531293
0.13171901029001656
0.13115102454157776
0.1305826609961509
0.1300139212909787
0.12944480706438685
0.12887531995578058
0.1283054616056391
0.12773523365551062
0.12716463774800846
0.12659367552680592
0.126022348636631
0.12545065872326278
0.12487860743352583
0.12430619641528547
0.12373342731744359
0.12316030178993367
0.1225868214837154
0.12201298805077096
0.12143880314409969
0.120864268417713
0.12028938552663045
0.11971415612687451
0.11913858187546537
0.11856266443041703
0.11798640545073215
0.11740980659639677
0.11683286952837639
0.11625559590861079
0.11567798740000881
0.11510004566644441
0.11452177237275145
0.11394316918471843
0.11336423776908458
0.11278497979353469
0.11220539692669378
0.11162549083812316
0.11104526319831529
0.1104647156786884
0.10988384995158262
0.10930266769025478
0.10872117056887298
0.10813936026251288
0.10755723844715218
0.10697480679966558
0.1063920669978207
0.10580902072027278
0.10522566964655956
0.10464201545709718
0.10405805983317491
0.10347380445694994
0.10288925101144336
0.10230440118053491
0.1017192566489576
0.10113381910229388
0.10054809022697021
0.09996207171025188
0.09937576524023889
0.09878917250586079
0.09820229519687128
0.09761513500384425
0.09702769361816849
0.09643997273204237
0.09585197403846978
0.09526369923125494
0.09467515000499696
0.09408632805508593
0.09349723507769749
0.09290787276978765
0.09231824282908865
0.09172834695410369
0.09113818684410156
0.09054776419911274
0.08995708071992385
0.08936613810807253
0.0887749380658433
0.08818348229626224
0.08759177250309161
0.0869998103908259
0.08640759766468645
0.08581513603061601
0.08522242719527486
0.08462947286603534
0.08403627475097651
0.08344283455888017
0.08284915399922542
0.08225523478218333
0.0816610786186129
0.08106668722005568
0.08047206229873041
0.07987720556752897
0.07928211874001098
0.07868680353039845
0.07809126165357169
0.077495494825064
0.07689950476105621
0.07630329317837264
0.07570686179447576
0.07511021232746073
0.07451334649605136
0.07391626601959478
0.07331897261805591
0.07272146801201353
0.07212375392265481
0.07152583207176991
0.07092770418174792
0.07032937197557143
0.0697308371768112
0.06913210150962197
0.06853316669873714
0.06793403446946332
0.06733470654767623
0.06673518465981533
0.06613547053287837
0.06553556589441732
0.06493547247253295
0.06433519199586936
0.06373472619360998
0.06313407679547207
0.06253324553170131
0.061932234133067705
0.06133104433086022
0.060729677856881194
0.06012813644344242
0.05952642182335958
0.05892453572994685
0.05832247989701284
0.0577202560588551
0.05711786595025467
0.05651531130647203
0.05591259386324161
0.05530971535676635
0.05470667752371361
0.05410348210120973
0.053500130826834524
0.0528966254386172
0.05229296767503097
0.051689159274987455
0.051085201977832714
0.05048109752334169
0.0498768476517128
0.04927245410356377
0.04866791861992626
0.048063242942240285
0.04745842881235019
0.04685347797249915
0.046248392165323685
0.04564317313384955
0.04503782262148632
0.044432342372021774
0.04382673412961796
0.04322099963880558
0.04261514064447855
0.0420091588918899
0.041403056126646305
0.04079683409470253
0.04019049454235739
0.03958403921624823
0.038977469863345424
0.038370788230948284
0.037763996066679566
0.03715709511847994
0.03655008713460392
0.03594297386361437
0.03533575705437693
0.03472843845605601
0.03412101981810922
0.03351350289028187
0.03290588942260287
0.03229818116537927
0.03169037986919063
0.031082487284885055
0.030474505163573595
0.029866435256624732
0.029258279315660333
0.028650039092550067
0.02804171633940593
0.027433312808578122
0.02682483025264954
0.02621627042443025
0.025607635076953374
0.024998925963469594
0.024390144837441584
0.023781293452539962
0.023172373562637714
0.022563386921804703
0.021954335284303544
0.021345220404584083
0.020736044037277867
0.020126807937194048
0.01951751385931384
0.01890816355878499
0.018298758790917687
0.017689301311179018
0.017079792875187426
0.01647023523870863
0.015860630157650067
0.015250979388055377
0.014641284686100282
0.014031547808087056
0.013421770510438987
0.012811954549696289
0.01220210168251053
0.01159221366563913
0.010982292255941228
0.010372339210372162
0.00976235628597792
0.009152345239891042
0.008542307829325073
0.007932245811569023
0.007322160943983271
0.006712054983994012
0.006101929689087727
0.0054917868168070675
0.004881628124745321
0.004271455370540867
0.003661270311873072
0.0030510747064567464
0.0024408703120366035
0.0018306588863831522
0.0012204421872871567
0.0006102219725540934
4.401860820291148e-17
-0.0006102219725538457
-0.001220442187286909
-0.001830658886383064
-0.0024408703120363555
-0.0030510747064564987
-0.003661270311872984
-0.004271455370540619
-0.0048816281247450735
-0.005491786816806979
-0.006101929689087479
-0.006712054983993765
-0.007322160943983182
-0.007932245811568775
-0.008542307829324825
-0.009152345239890955
-0.009762356285977674
-0.010372339210371914
-0.01098229225594114
-0.011592213665638881
-0.012202101682510284
-0.012811954549696202
-0.013421770510438741
-0.014031547808086806
-0.014641284686100193
-0.01525097938805513
-0.01586063015764982
-0.016470235238708542
-0.01707979287518718
-0.017689301311178768
-0.0182987587909176
-0.018908163558784743
-0.019517513859313593
-0.02012680793719396
-0.02073604403727762
-0.021345220404583837
-0.021954335284303454
-0.02256338692180446
-0.02317237356263747
-0.023781293452539872
-0.02439014483744134
-0.024998925963469348
-0.02560763507695329
-0.026216270424430005
-0.026824830252649298
-0.027433312808578036
-0.028041716339405682
-0.02865003909254982
-0.029258279315660246
-0.02986643525662449
-0.03047450516357335
-0.03108248728488497
-0.031690379869190384
-0.03229818116537902
-0.03290588942260279
-0.03351350289028162
-0.03412101981810897
-0.03472843845605592
-0.03533575705437668
-0.03594297386361412
-0.03655008713460384
-0.03715709511847969
-0.037763996066679316
-0.038370788230948194
-0.038977469863345174
-0.03958403921624798
-0.0401904945423573
-0.040796834094702285
-0.041403056126646055
-0.04200915889188981
-0.0426151406444783
-0.04322099963880533
-0.04382673412961787
-0.04443234237202153
-0.04503782262148607
-0.04564317313384946
-0.046248392165323435
-0.04685347797249891
-0.0474584288123501
-0.048063242942240035
-0.04866791861992602
-0.049272454103563686
-0.04987684765171255
-0.050481097523341456
-0.051085201977832624
-0.05168915927498721
-0.05229296767503072
-0.05289662543861712
-0.053500130826834275
-0.05410348210120949
-0.05470667752371352
-0.055309715356766105
-0.055912593863241364
-0.05651531130647194
-0.05711786595025443
-0.05772025605885486
-0.05832247989701275
-0.05892453572994661
-0.05952642182335933
-0.06012813644344233
-0.06072967785688096
-0.06133104433085997
-0.06193223413306763
-0.06253324553170106
-0.06313407679547184
-0.0637347261936099
-0.06433519199586912
-0.0649354724725327
-0.06553556589441724
-0.06613547053287813
-0.06673518465981508
-0.06733470654767613
-0.06793403446946308
-0.06853316669873691
-0.06913210150962189
-0.06973083717681096
-0.0703293719755712
-0.07092770418174782
-0.07152583207176967
-0.07212375392265456
-0.07272146801201344
-0.07331897261805566
-0.07391626601959453
-0.07451334649605128
-0.07511021232746048
-0.07570686179447553
-0.07630329317837256
-0.07689950476105598
-0.07749549482506377
-0.07809126165357161
-0.07868680353039821
-0.07928211874001075
-0.07987720556752888
-0.08047206229873018
-0.08106668722005544
-0.08166107861861281
-0.08225523478218308
-0.08284915399922518
-0.08344283455888009
-0.08403627475097628
-0.0846294728660351
-0.08522242719527477
-0.08581513603061577
-0.08640759766468621
-0.08699981039082583
-0.08759177250309137
-0.088183482296262
-0.08877493806584323
-0.0893661381080723
-0.08995708071992362
-0.09054776419911266
-0.09113818684410133
-0.09172834695410345
-0.09231824282908857
-0.09290787276978742
-0.09349723507769725
-0.09408632805508582
-0.09467515000499671
-0.09526369923125469
-0.09585197403846969
-0.09643997273204213
-0.09702769361816825
-0.09761513500384417
-0.09820229519687103
-0.09878917250586056
-0.09937576524023882
-0.09996207171025163
-0.10054809022696999
-0.10113381910229378
-0.10171925664895735
-0.10230440118053467
-0.10288925101144328
-0.1034738044569497
-0.10405805983317466
-0.1046420154570971
-0.10522566964655934
-0.10580902072027254
-0.10639206699782061
-0.10697480679966534
-0.10755723844715194
-0.10813936026251278
-0.10872117056887275
-0.10930266769025453
-0.10988384995158254
-0.11046471567868815
-0.11104526319831505
-0.11162549083812309
-0.11220539692669354
-0.11278497979353445
-0.11336423776908451
-0.11394316918471818
-0.1145217723727512
-0.11510004566644433
-0.11567798740000859
-0.11625559590861057
-0.1168328695283763
-0.11740980659639652
-0.11798640545073193
-0.11856266443041695
-0.11913858187546512
-0.11971415612687428
-0.12028938552663038
-0.12086426841771276
-0.12143880314409945
-0.12201298805077086
-0.12258682148371516
-0.12316030178993344
-0.12373342731744351
-0.12430619641528522
-0.12487860743352558
-0.1254506587232627
-0.12602234863663078
-0.12659367552680567
-0.12716463774800837
-0.1277352336555104
-0.12830546160563888
-0.1288753199557805
-0.1294448070643866
-0.13001392129097844
-0.13058266099615082
-0.13115102454157754
-0.13171901029001634
-0.13228661660531282
-0.13285384185240565
-0.13342068439733154
-0.13398714260722927
-0.13455321485034472
-0.13511889949603603
-0.13568419491477743
-0.13624909947816435
-0.1368136115589186
-0.13737772953089217
-0.1379414517690722
-0.13850477664958638
-0.1390677025497065
-0.13963022784785373
-0.14019235092360363
-0.14075407015768995
-0.14131538393200982
-0.14187629062962873
-0.1424367886347844
-0.1429968763328918
-0.14355655211054832
-0.14411581435553752
-0.14467466145683414
-0.14523309180460925
-0.14579110379023394
-0.14634869580628457
-0.1469058662465476
-0.14746261350602355
-0.14801893598093185
-0.14857483206871613
-0.14913030016804774
-0.14968533867883094
-0.15023994600220797
-0.15079412054056265
-0.15134786069752557
-0.1519011648779789
-0.15245403148806042
-0.15300645893516832
-0.15355844562796625
-0.1541099899763871
-0.1546610903916381
-0.15521174528620552
-0.1557619530738587
-0.15631171216965495
-0.1568610209899444
-0.15740987795237396
-0.15795828147589208
-0.1585062299807539
-0.1590537218885248
-0.15960075562208548
-0.16014732960563688
-0.16069344226470392
-0.1612390920261404
-0.16178427731813394
-0.16232899657020977
-0.16287324821323557
-0.16341703067942642
-0.16396034240234855
-0.16450318181692422
-0.1650455473594366
-0.16558743746753357
-0.1661288505802325
-0.16666978513792524
-0.16721023958238176
-0.16775021235675505
-0.16828970190558606
-0.16882870667480723
-0.16936722511174762
-0.16990525566513748
-0.17044279678511215
-0.17097984692321685
-0.1715164045324115
-0.17205246806707442
-0.17258803598300718
-0.17312310673743944
-0.1736576787890326
-0.17419175059788464
-0.17472532062553497
-0.17525838733496796
-0.17579094919061794
-0.17632300465837392
-0.1768545522055832
-0.1773855903010562
-0.1779161174150713
-0.17844613201937842
-0.1789756325872039
-0.17950461759325506
-0.18003308551372416
-0.18056103482629277
-0.18108846401013698
-0.1816153715459307
-0.18214175591585044
-0.18266761560358025
-0.18319294909431516
-0.18371775487476597
-0.18424203143316406
-0.18476577725926482
-0.18528899084435257
-0.1858116706812451
-0.1863338152642975
-0.1868554230894065
-0.18737649265401568
-0.18789702245711856
-0.18841701099926353
-0.1889364567825587
-0.18945535831067506
-0.18997371408885155
-0.19049152262389954
-0.19100878242420644
-0.19152549199974028
-0.19204164986205455
-0.19255725452429165
-0.1930723045011875
-0.1935867983090762
-0.19410073446589368
-0.19461411149118218
-0.195126927906095
-0.19563918223339993
-0.19615087299748404
-0.19666199872435802
-0.19717255794166
-0.19768254917865988
-0.19819197096626417
-0.19870082183701937
-0.19920910032511652
-0.1997168049663959
-0.20022393429835042
-0.20073048686013029
-0.20123646119254748
-0.20174185583807935
-0.20224666934087301
-0.2027509002467501
-0.2032545471032101
-0.20375760845943477
-0.2042600828662931
-0.2047619688763443
-0.20526326504384265
-0.20576396992474186
-0.20626408207669847
-0.20676360005907665
-0.20726252243295232
-0.20776084776111683
-0.20825857460808145
-0.20875570154008177
-0.2092522271250811
-0.20974814993277505
-0.210243468534596
-0.2107381815037164
-0.21123228741505332
-0.2117257848452729
-0.21221867237279377
-0.2127109485777914
-0.21320261204220262
-0.213693661349729
-0.21418409508584124
-0.21467391183778367
-0.2151631101945775
-0.21565168874702537
-0.21613964608771566
-0.21662698081102588
-0.2171136915131271
-0.21759977679198822
-0.21808523524737958
-0.2185700654808769
-0.21905426609586617
-0.21953783569754665
-0.22002077289293515
-0.22050307629087088
-0.22098474450201813
-0.221465776138871
-0.22194616981575785
-0.2224259241488442
-0.22290503775613738
-0.22338350925749073
-0.22386133727460686
-0.2243385204310422
-0.2248150573522109
-0.2252909466653885
-0.2257661869997159
-0.22624077698620396
-0.22671471525773657
-0.2271880004490748
-0.22766063119686164
-0.2281326061396247
-0.2286039239177808
-0.22907458317364016
-0.22954458255140964
-0.23001392069719687
-0.23048259625901465
-0.2309506078867841
-0.23141795423233882
-0.23188463394942935
-0.23235064569372596
-0.23281598812282323
-0.23328065989624414
-0.2337446596754432
-0.23420798612381066
-0.2346706379066768
-0.235132613691315
-0.23559391214694583
-0.23605453194474146
-0.23651447175782866
-0.2369737302612929
-0.23743230613218266
-0.2378901980495125
-0.23834740469426713
-0.23880392474940565
-0.2392597568998646
-0.23971489983256225
-0.24016935223640237
-0.24062311280227772
-0.24107618022307384
-0.24152855319367347
-0.24198023041095934
-0.24243121057381842
-0.24288149238314596
-0.2433310745418486
-0.24377995575484837
-0.24422813472908683
-0.24467561017352804
-0.24512238079916276
-0.2455684453190123
-0.24601380244813179
-0.2464584509036139
-0.24690238940459325
-0.24734561667224908
-0.24778813142980957
-0.24822993240255561
-0.24867101831782393
-0.24911138790501108
-0.24955103989557742
-0.24998997302305007
-0.25042818602302697
-0.2508656776331808
-0.25130244659326195
-0.2517384916451024
-0.25217381153262003
-0.2526084050018211
-0.2530422708008044
-0.25347540767976534
-0.25390781439099863
-0.2543394896889023
-0.25477043232998176
-0.25520064107285245
-0.2556301146782441
-0.25605885190900424
-0.25648685153010137
-0.2569141123086287
-0.25734063301380816
-0.2577664124169932
-0.2581914492916728
-0.258615742413475
-0.2590392905601702
-0.25946209251167457
-0.2598841470500543
-0.2603054529595282
-0.26072600902647164
-0.2611458140394203
-0.26156486678907287
-0.26198316606829547
-0.2624007106721245
-0.2628174993977704
-0.26323353104462066
-0.26364880441424426
-0.2640633183103939
-0.2644770715390103
-0.2648900629082254
-0.26530229122836585
-0.26571375531195585
-0.26612445397372186
-0.26653438603059465
-0.2669435503017134
-0.26735194560842934
-0.26775957077430834
-0.2681664246251348
-0.2685725059889154
-0.26897781369588175
-0.26938234657849397
-0.2697861034714445
-0.27018908321166085
-0.27059128463830917
-0.27099270659279806
-0.271393347918781
-0.27179320746216035
-0.27219228407109064
-0.2725905765959813
-0.2729880838895011
-0.27338480480658023
-0.2737807382044143
-0.27417588294246736
-0.2745702378824756
-0.2749638018884497
-0.27535657382667966
-0.27574855256573644
-0.276139736976476
-0.2765301259320425
-0.2769197183078717
-0.2773085129816936
-0.2776965088335367
-0.2780837047457301
-0.2784700996029073
-0.2788556922920095
-0.2792404817022885
-0.27962446672530994
-0.28000764625495717
-0.2803900191874332
-0.2807715844212649
-0.2811523408573056
-0.2815322873987387
-0.2819114229510803
-0.28228974642218313
-0.2826672567222389
-0.2830439527637817
-0.2834198334616913
-0.2837948977331962
-0.28416914449787656
-0.2845425726776679
-0.28491518119686327
-0.28528696898211714
-0.285657934962448
-0.286028078069242
-0.286397397236255
-0.2867658913996174
-0.2871335594978352
-0.28750040047179426
-0.2878664132647632
-0.2882315968223962
-0.288595950092736
-0.2889594720262176
-0.2893221615756703
-0.2896840176963213
-0.29004503934579867
-0.29040522548413417
-0.2907645750737663
-0.2911230870795438
-0.2914807604687277
-0.29183759421099476
-0.2921935872784408
-0.2925487386455829
-0.29290304728936295
-0.2932565121891508
-0.29360913232674607
-0.2939609066863824
-0.2943118342547295
-0.2946619140208964
-0.2950111449764343
-0.29535952611534
-0.29570705643405765
-0.2960537349314825
-0.2963995606089638
-0.296744532470307
-0.29708864952177744
-0.29743191077210296
-0.2977743152324764
-0.29811586191655853
-0.2984565498404814
-0.2987963780228507
-0.29913534548474846
-0.29947345124973673
-0.2998106943438592
-0.3001470737956449
-0.30048258863611055
-0.3008172378987635
-0.3011510206196044
-0.30148393583713057
-0.3018159825923378
-0.3021471599287237
-0.3024774668922904
-0.3028069025315472
-0.30313546589751317
-0.30346315604372076
-0.3037899720262172
-0.30411591290356793
-0.3044409777368594
-0.3047651655897015
-0.3050884755282304
-0.3054109066211114
-0.30573245793954124
-0.30605312855725086
-0.30637291755050844
-0.3066918239981215
-0.3070098469814399
-0.3073269855843589
-0.3076432388933206
-0.30795860599731795
-0.3082730859878961
-0.3085866779591562
-0.3088993810077569
-0.3092111942329182
-0.3095221167364228
-0.30983214762261946
-0.3101412859984252
-0.3104495309733282
-0.31075688165938997
-0.3110633371712485
-0.3113688966261202
-0.3116735591438026
-0.3119773238466771
-0.31228018985971134
-0.31258215631046166
-0.31288322232907606
-0.31318338704829585
-0.313482649603459
-0.3137810091325022
-0.3140784647759632
-0.3143750156769836
-0.31467066098131175
-0.31496539983730387
-0.3152592313959278
-0.315552154810765
-0.3158441692380125
-0.31613527383648615
-0.3164254677676228
-0.3167147501954824
-0.31700312028675054
-0.3172905772107409
-0.31757712013939776
-0.31786274824729815
-0.3181474607116548
-0.3184312567123174
-0.3187141354317762
-0.3189960960551632
-0.31927713777025574
-0.31955725976747756
-0.3198364612399025
-0.32011474138325546
-0.32039209939591556
-0.32066853447891824
-0.3209440458359575
-0.32121863267338824
-0.3214922942002288
-0.3217650296281628
-0.3220368381715414
-0.32230771904738614
-0.3225776714753906
-0.3228466946779228
-0.32311478788002795
-0.32338195030942973
-0.3236481811965332
-0.32391347977442697
-0.3241778452788851
-0.3244412769483695
-0.32470377402403244
-0.324965335749718
-0.32522596137196474
-0.3254856501400079
-0.3257444013057814
-0.3260022141239199
-0.3262590878517615
-0.32651502174934893
-0.3267700150794326
-0.32702406710747217
-0.3272771771016389
-0.32752934433281755
-0.327780568074609
-0.32803084760333157
-0.32828018219802374
-0.32852857114044587
-0.3287760137150824
-0.3290225092091439
-0.3292680569125694
-0.32951265611802766
-0.3297563061209201
-0.3299990062193823
-0.33024075571428607
-0.3304815539092416
-0.3307214001105997
-0.3309602936274531
-0.33119823377163915
-0.3314352198577413
-0.3316712512030915
-0.33190632712777157
-0.33214044695461614
-0.33237361000921345
-0.33260581561990815
-0.3328370631178028
-0.33306735183676
-0.33329668111340394
-0.33352505028712326
-0.3337524587000716
-0.33397890569717065
-0.3342043906261113
-0.33442891283735593
-0.33465247168414003
-0.33487506652247445
-0.33509669671114684
-0.3353173616117235
-0.33553706058855154
-0.33575579300876046
-0.335973558242264
-0.33619035566176225
-0.3364061846427429
-0.3366210445634836
-0.33683493480505317
-0.3370478547513141
-0.33725980378892356
-0.33747078130733604
-0.33768078669880414
-0.33788981935838097
-0.33809787868392177
-0.3383049640760855
-0.3385110749383366
-0.33871621067694707
-0.33892037070099756
-0.33912355442237946
-0.3393257612557966
-0.33952699061876684
-0.33972724193162357
-0.339926514617518
-0.3401248081024201
-0.34032212181512045
-0.3405184551872322
-0.3407138076531925
-0.3409081786502638
-0.34110156761853644
-0.341293974000929
-0.3414853972431907
-0.34167583679390295
-0.34186529210448074
-0.34205376262917414
-0.3422412478250703
-0.34242774715209456
-0.3426132600730121
-0.3427977860534297
-0.3429813245617972
-0.3431638750694087
-0.3433454370504048
-0.34352600998177324
-0.3437055933433511
-0.343884186617826
-0.3440617892907375
-0.34423840085047874
-0.3444140207882982
-0.3445886485983004
-0.34476228377744816
-0.3449349258255635
-0.34510657424532926
-0.34527722854229054
-0.34544688822485653
-0.345615552804301
-0.34578322179476445
-0.3459498947132554
-0.3461155710796515
-0.3462802504167012
-0.34644393225002507
-0.346606616108117
-0.3467683015223457
-0.3469289880269561
-0.34708867515907044
-0.3472473624586899
-0.34740504946869594
-0.3475617357348513
-0.34771742080580137
-0.34787210423307596
-0.34802578557108993
-0.3481784643771448
-0.3483301402114303
-0.3484808126370251
-0.34863048121989826
-0.34877914552891076
-0.3489268051358164
-0.3490734596152629
-0.34921910854479404
-0.34936375150484955
-0.3495073880787672
-0.34965001785278393
-0.34979164041603666
-0.3499322553605638
-0.3500718622813066
-0.35021046077610957
-0.3503480504457224
-0.3504846308938008
-0.35062020172690755
-0.35075476255451393
-0.3508883129890007
-0.35102085264565885
-0.3511523811426914
-0.35128289810121405
-0.3514124031452562
-0.35154089590176224
-0.35166837600059286
-0.3517948430745256
-0.35192029675925607
-0.35204473669339925
-0.3521681625184903
-0.35229057387898555
-0.3524119704222638
-0.35253235179862713
-0.35265171766130177
-0.3527700676664394
-0.3528874014731179
-0.35300371874334263
-0.3531190191420471
-0.35323330233709394
-0.35334656799927605
-0.35345881580231764
-0.3535700454228747
-0.35368025654053625
-0.35378944883782554
-0.35389762200020036
-0.35400477571605427
-0.3541109096767177
-0.3542160235764583
-0.35432011711248235
-0.3544231899849353
-0.354525241896903
-0.35462627255441187
-0.3547262816664305
-0.35482526894487015
-0.3549232341045855
-0.35502017686337556
-0.3551160969419846
-0.35521099406410284
-0.35530486795636707
-0.3553977183483619
-0.35548954497262
-0.35558034756462337
-0.35567012586280367
-0.3557588796085433
-0.3558466085461759
-0.3559333124229873
-0.356018990989216
-0.3561036439980543
-0.35618727120564847
-0.3562698723710998
-0.3563514472564654
-0.35643199562675854
-0.35651151724994934
-0.3565900118969661
-0.35666747934169485
-0.3567439193609811
-0.35681933173462965
-0.3568937162454058
-0.3569670726790355
-0.3570394008242064
-0.3571107004725682
-0.35718097141873334
-0.3572502134602775
-0.3573184263977403
-0.3573856100346258
-0.35745176417740315
-0.357516888635507
-0.3575809832213382
-0.3576440477502642
-0.3577060820406197
-0.3577670859137072
-0.35782705919379737
-0.3578860017081297
-0.3579439132869127
-0.358000793763325
-0.3580566429735152
-0.3581114607566025
-0.35816524695467755
-0.3582180014128024
-0.35826972397901125
-0.35832041450431074
-0.35837007284268035
-0.35841869885107314
-0.35846629238941574
-0.358512853320609
-0.35855838151052827
-0.35860287682802394
-0.35864633914492167
-0.3586887683360227
-0.3587301642791045
-0.35877052685492083
-0.35880985594720227
-0.3588481514426564
-0.3588854132309683
-0.3589216412048006
-0.3589568352597941
-0.35899099529456796
-0.3590241212107199
-0.3590562129128266
-0.35908727030844373
-0.3591172933081067
-0.3591462818253305
-0.35917423577660995
-0.3592011550814203
-0.3592270396622171
-0.3592518894444365
-0.35927570435649564
-0.35929848432979267
-0.359320229298707
-0.3593409392005995
-0.3593606139758127
-0.35937925356767103
-0.3593968579224807
-0.3594134269895302
-0.35942896072109026
-0.359443459072414
-0.3594569220017371
-0.3594693494702779
-0.3594807414422375
-0.35949109788479994
-0.3595004187681322
-0.35950870406538427
-0.3595159537526893
-0.35952216780916363
-0.3595273462169069
-0.3595314889610021
-0.3595345960295156
-0.359536667413497
-0.35953770310697936
-0.35953770310697936
-0.359536667413497
-0.3595345960295156
-0.3595314889610021
-0.3595273462169069
-0.35952216780916363
-0.3595159537526893
-0.35950870406538427
-0.3595004187681322
-0.3594910978848
-0.3594807414422375
-0.3594693494702779
-0.3594569220017371
-0.359443459072414
-0.35942896072109026
-0.3594134269895302
-0.3593968579224807
-0.35937925356767103
-0.35936061397581276
-0.3593409392005995
-0.359320229298707
-0.35929848432979267
-0.35927570435649564
-0.3592518894444365
-0.3592270396622171
-0.3592011550814203
-0.35917423577660995
-0.3591462818253305
-0.3591172933081067
-0.35908727030844373
-0.3590562129128266
-0.3590241212107199
-0.358990995294568
-0.3589568352597941
-0.3589216412048006
-0.3588854132309683
-0.3588481514426564
-0.3588098559472023
-0.3587705268549209
-0.35873016427910454
-0.3586887683360227
-0.35864633914492167
-0.35860287682802394
-0.3585583815105283
-0.35851285332060906
-0.3584662923894158
-0.3584186988510732
-0.35837007284268035
-0.35832041450431074
-0.3582697239790113
-0.35821800141280247
-0.3581652469546776
-0.35811146075660255
-0.3580566429735152
-0.358000793763325
-0.3579439132869128
-0.35788600170812973
-0.3578270591937974
-0.35776708591370726
-0.35770608204061977
-0.3576440477502642
-0.35758098322133824
-0.35751688863550707
-0.3574517641774032
-0.3573856100346259
-0.35731842639774036
-0.3572502134602775
-0.3571809714187334
-0.35711070047256827
-0.35703940082420643
-0.3569670726790355
-0.35689371624540583
-0.3568193317346297
-0.35674391936098115
-0.35666747934169496
-0.3565900118969661
-0.35651151724994945
-0.35643199562675854
-0.35635144725646545
-0.3562698723710999
-0.3561872712056485
-0.35610364399805433
-0.3560189909892161
-0.3559333124229873
-0.35584660854617595
-0.35575887960854335
-0.3556701258628038
-0.3555803475646234
-0.3554895449726201
-0.3553977183483619
-0.35530486795636707
-0.35521099406410284
-0.35511609694198465
-0.3550201768633756
-0.35492323410458554
-0.3548252689448702
-0.35472628166643055
-0.3546262725544119
-0.35452524189690304
-0.35442318998493544
-0.3543201171124824
-0.35421602357645837
-0.3541109096767177
-0.3540047757160544
-0.3538976220002004
-0.3537894488378256
-0.3536802565405363
-0.35357004542287473
-0.3534588158023177
-0.35334656799927616
-0.353233302337094
-0.3531190191420472
-0.35300371874334274
-0.352887401473118
-0.3527700676664394
-0.3526517176613019
-0.3525323517986272
-0.3524119704222639
-0.35229057387898566
-0.3521681625184903
-0.3520447366933993
-0.3519202967592562
-0.3517948430745257
-0.351668376000593
-0.35154089590176235
-0.3514124031452562
-0.35128289810121405
-0.35115238114269154
-0.35102085264565897
-0.35088831298900075
-0.35075476255451404
-0.3506202017269076
-0.3504846308938008
-0.3503480504457225
-0.3502104607761097
-0.3500718622813067
-0.349932255360564
-0.3497916404160367
-0.34965001785278393
-0.34950738807876736
-0.34936375150484966
-0.34921910854479415
-0.3490734596152631
-0.3489268051358164
-0.3487791455289108
-0.34863048121989837
-0.3484808126370252
-0.34833014021143044
-0.3481784643771449
-0.34802578557108993
-0.34787210423307596
-0.34771742080580154
-0.3475617357348514
-0.3474050494686961
-0.34724736245869003
-0.3470886751590705
-0.3469289880269561
-0.34676830152234583
-0.3466066161081171
-0.34644393225002523
-0.3462802504167013
-0.3461155710796516
-0.34594989471325543
-0.34578322179476456
-0.3456155528043011
-0.34544688822485664
-0.3452772285422907
-0.3451065742453293
-0.3449349258255635
-0.34476228377744833
-0.3445886485983006
-0.3444140207882983
-0.34423840085047885
-0.34406178929073755
-0.34388418661782605
-0.3437055933433512
-0.3435260099817734
-0.34334543705040493
-0.3431638750694089
-0.34298132456179725
-0.34279778605342975
-0.34261326007301224
-0.3424277471520947
-0.3422412478250704
-0.34205376262917425
-0.3418652921044808
-0.341675836793903
-0.3414853972431908
-0.3412939740009291
-0.34110156761853655
-0.34090817865026396
-0.3407138076531925
-0.3405184551872322
-0.34032212181512056
-0.34012480810242024
-0.33992651461751816
-0.33972724193162374
-0.3395269906187669
-0.33932576125579667
-0.3391235544223796
-0.33892037070099773
-0.33871621067694724
-0.33851107493833676
-0.33830496407608557
-0.3380978786839218
-0.33788981935838114
-0.3376807866988043
-0.3374707813073362
-0.33725980378892373
-0.33704785475131416
-0.3368349348050532
-0.33662104456348374
-0.3364061846427431
-0.3361903556617624
-0.33597355824226416
-0.3357557930087605
-0.3355370605885516
-0.33531736161172365
-0.335096696711147
-0.3348750665224746
-0.33465247168414014
-0.33442891283735593
-0.3342043906261113
-0.33397890569717076
-0.33375245870007175
-0.3335250502871234
-0.3332966811134041
-0.33306735183676
-0.33283706311780287
-0.3326058156199084
-0.33237361000921367
-0.3321404469546163
-0.33190632712777174
-0.33167125120309154
-0.3314352198577414
-0.3311982337716393
-0.33096029362745333
-0.33072140011059986
-0.3304815539092418
-0.3302407557142861
-0.32999900621938233
-0.3297563061209203
-0.3295126561180278
-0.32926805691256955
-0.3290225092091441
-0.32877601371508247
-0.3285285711404459
-0.3282801821980239
-0.3280308476033318
-0.32778056807460915
-0.3275293443328177
-0.32727717710163895
-0.3270240671074722
-0.3267700150794328
-0.32651502174934915
-0.32625908785176166
-0.3260022141239201
-0.3257444013057815
-0.32548565014000796
-0.3252259613719649
-0.32496533574971814
-0.3247037740240326
-0.3244412769483697
-0.32417784527888516
-0.323913479774427
-0.3236481811965334
-0.3233819503094299
-0.3231147878800281
-0.32284669467792304
-0.3225776714753907
-0.3223077190473862
-0.3220368381715416
-0.32176502962816295
-0.321492294200229
-0.32121863267338846
-0.3209440458359576
-0.3206685344789183
-0.32039209939591573
-0.3201147413832557
-0.3198364612399027
-0.31955725976747784
-0.3192771377702558
-0.31899609605516327
-0.31871413543177635
-0.31843125671231765
-0.318147460711655
-0.31786274824729843
-0.3175771201393979
-0.31729057721074094
-0.3170031202867507
-0.3167147501954826
-0.31642546776762304
-0.3161352738364864
-0.31584416923801256
-0.315552154810765
-0.3152592313959281
-0.3149653998373041
-0.3146706609813119
-0.31437501567698384
-0.31407846477596324
-0.31378100913250223
-0.3134826496034591
-0.3131833870482961
-0.3128832223290762
-0.3125821563104619
-0.3122801898597114
-0.31197732384667715
-0.3116735591438026
-0.31136889662612044
-0.3110633371712488
-0.31075688165939025
-0.31044953097332834
-0.31014128599842533
-0.30983214762261957
-0.3095221167364231
-0.3092111942329185
-0.3088993810077571
-0.30858667795915623
-0.3082730859878962
-0.30795860599731795
-0.3076432388933209
-0.3073269855843591
-0.3070098469814401
-0.30669182399812156
-0.30637291755050844
-0.306053128557251
-0.30573245793954146
-0.30541090662111164
-0.3050884755282306
-0.3047651655897016
-0.30444097773685946
-0.30411591290356804
-0.30378997202621744
-0.30346315604372104
-0.30313546589751345
-0.30280690253154724
-0.30247746689229044
-0.30214715992872376
-0.30181598259233805
-0.30148393583713085
-0.30115102061960464
-0.3008172378987636
-0.3004825886361106
-0.30014707379564504
-0.2998106943438595
-0.299473451249737
-0.29913534548474874
-0.2987963780228508
-0.29845654984048153
-0.2981158619165586
-0.2977743152324766
-0.29743191077210324
-0.2970886495217777
-0.2967445324703071
-0.29639956060896383
-0.2960537349314826
-0.2957070564340579
-0.2953595261153403
-0.2950111449764346
-0.2946619140208965
-0.2943118342547295
-0.2939609066863824
-0.29360913232674635
-0.293256512189151
-0.2929030472893632
-0.292548738645583
-0.29219358727844086
-0.29183759421099487
-0.2914807604687279
-0.29112308707954404
-0.2907645750737666
-0.2904052254841343
-0.2900450393457987
-0.2896840176963214
-0.2893221615756706
-0.28895947202621786
-0.28859595009273625
-0.28823159682239624
-0.2878664132647633
-0.28750040047179437
-0.2871335594978355
-0.28676589139961767
-0.2863973972362553
-0.286028078069242
-0.2856579349624481
-0.2852869689821172
-0.28491518119686354
-0.2845425726776682
-0.28416914449787684
-0.2837948977331963
-0.2834198334616914
-0.28304395276378175
-0.2826672567222392
-0.28228974642218346
-0.28191142295108057
-0.2815322873987388
-0.2811523408573057
-0.280771584421265
-0.2803900191874335
-0.28000764625495744
-0.2796244667253102
-0.27924048170228855
-0.27885569229200957
-0.27847009960290736
-0.27808370474573035
-0.27769650883353697
-0.2773085129816939
-0.2769197183078718
-0.2765301259320426
-0.27613973697647604
-0.2757485525657367
-0.27535657382667994
-0.27496380188845
-0.27457023788247564
-0.2741758829424675
-0.27378073820441434
-0.2733848048065805
-0.27298808388950135
-0.27259057659598157
-0.27219228407109075
-0.27179320746216046
-0.2713933479187811
-0.27099270659279834
-0.2705912846383095
-0.2701890832116611
-0.2697861034714447
-0.26938234657849414
-0.2689778136958818
-0.26857250598891574
-0.2681664246251351
-0.26775957077430845
-0.2673519456084295
-0.26694355030171363
-0.26653438603059476
-0.26612445397372214
-0.2657137553119562
-0.265302291228366
-0.26489006290822564
-0.2644770715390105
-0.26406331831039404
-0.26364880441424454
-0.263233531044621
-0.26281749939777055
-0.2624007106721247
-0.26198316606829564
-0.261564866789073
-0.26114581403942055
-0.2607260090264719
-0.26030545295952845
-0.2598841470500545
-0.2594620925116748
-0.2590392905601703
-0.25861574241347535
-0.25819144929167315
-0.25776641241699344
-0.2573406330138084
-0.2569141123086289
-0.2564868515301014
-0.2560588519090045
-0.2556301146782444
-0.2552006410728527
-0.2547704323299819
-0.25433948968890246
-0.2539078143909987
-0.2534754076797657
-0.2530422708008047
-0.2526084050018213
-0.25217381153262025
-0.25173849164510265
-0.251302446593262
-0.25086567763318113
-0.2504281860230273
-0.24998997302305026
-0.24955103989557761
-0.24911138790501128
-0.24867101831782404
-0.24822993240255592
-0.24778813142980993
-0.24734561667224933
-0.24690238940459344
-0.24645845090361412
-0.24601380244813187
-0.24556844531901267
-0.2451223807991631
-0.24467561017352826
-0.24422813472908703
-0.2437799557548486
-0.24333107454184869
-0.2428814923831463
-0.24243121057381872
-0.24198023041095956
-0.24152855319367367
-0.24107618022307406
-0.2406231128022778
-0.24016935223640268
-0.23971489983256256
-0.23925975689986484
-0.23880392474940584
-0.23834740469426732
-0.23789019804951259
-0.237432306132183
-0.2369737302612932
-0.23651447175782886
-0.2360545319447417
-0.23559391214694606
-0.23513261369131508
-0.23467063790667717
-0.23420798612381102
-0.23374465967544342
-0.23328065989624436
-0.23281598812282348
-0.23235064569372604
-0.23188463394942968
-0.23141795423233918
-0.23095060788678434
-0.23048259625901485
-0.23001392069719706
-0.22954458255140972
-0.22907458317364052
-0.22860392391778117
-0.22813260613962494
-0.22766063119686186
-0.22718800044907503
-0.22671471525773665
-0.22624077698620432
-0.22576618699971623
-0.22529094666538868
-0.22481505735221116
-0.22433852043104244
-0.223861337274607
-0.22338350925749106
-0.22290503775613774
-0.22242592414884446
-0.2219461698157581
-0.22146577613887125
-0.22098474450201822
-0.22050307629087124
-0.2200207728929355
-0.21953783569754684
-0.21905426609586642
-0.21857006548087712
-0.21808523524737966
-0.21759977679198858
-0.21711369151312745
-0.21662698081102613
-0.2161396460877159
-0.21565168874702562
-0.2151631101945776
-0.21467391183778403
-0.2141840950858416
-0.21369366134972925
-0.21320261204220287
-0.21271094857779163
-0.21221867237279388
-0.21172578484527327
-0.21123228741505368
-0.21073818150371665
-0.21024346853459625
-0.2097481499327753
-0.20925222712508118
-0.20875570154008213
-0.20825857460808186
-0.20776084776111708
-0.20726252243295257
-0.2067636000590769
-0.2062640820766986
-0.20576396992474222
-0.205263265043843
-0.20476196887634454
-0.20426008286629332
-0.203757608459435
-0.2032545471032102
-0.20275090024675052
-0.20224666934087343
-0.2017418558380796
-0.20123646119254773
-0.2007304868601305
-0.20022393429835053
-0.19971680496639627
-0.1992091003251169
-0.19870082183701962
-0.1981919709662644
-0.19768254917866013
-0.19717255794166008
-0.19666199872435838
-0.1961508729974844
-0.19563918223340018
-0.19512692790609526
-0.19461411149118243
-0.19410073446589382
-0.1935867983090766
-0.19307230450118787
-0.19255725452429193
-0.19204164986205483
-0.19152549199974053
-0.19100878242420655
-0.19049152262389996
-0.18997371408885197
-0.1894553583106753
-0.18893645678255896
-0.18841701099926378
-0.18789702245711867
-0.18737649265401604
-0.1868554230894069
-0.18633381526429774
-0.18581167068124538
-0.18528899084435282
-0.18476577725926496
-0.18424203143316445
-0.18371775487476638
-0.18319294909431538
-0.1826676156035805
-0.18214175591585066
-0.1816153715459308
-0.1810884640101374
-0.18056103482629315
-0.1800330855137244
-0.17950461759325534
-0.17897563258720414
-0.17844613201937856
-0.17791611741507168
-0.17738559030105658
-0.17685455220558344
-0.17632300465837417
-0.1757909491906182
-0.17525838733496807
-0.17472532062553536
-0.17419175059788505
-0.17365767878903288
-0.1731231067374397
-0.17258803598300743
-0.17205246806707453
-0.1715164045324119
-0.17097984692321724
-0.17044279678511243
-0.16990525566513776
-0.16936722511174787
-0.16882870667480737
-0.16828970190558645
-0.16775021235675544
-0.16721023958238201
-0.1666697851379255
-0.16612885058023275
-0.16558743746753368
-0.165045547359437
-0.1645031818169246
-0.1639603424023488
-0.16341703067942667
-0.16287324821323582
-0.1623289965702099
-0.16178427731813436
-0.1612390920261408
-0.1606934422647042
-0.16014732960563716
-0.15960075562208573
-0.15905372188852493
-0.1585062299807543
-0.1579582814758925
-0.1574098779523742
-0.15686102098994467
-0.1563117121696552
-0.15576195307385884
-0.15521174528620593
-0.1546610903916385
-0.1541099899763874
-0.1535584456279665
-0.15300645893516857
-0.15245403148806053
-0.1519011648779793
-0.15134786069752595
-0.15079412054056293
-0.15023994600220822
-0.14968533867883121
-0.14913030016804785
-0.14857483206871652
-0.14801893598093227
-0.1474626135060238
-0.1469058662465479
-0.14634869580628485
-0.14579110379023408
-0.14523309180460964
-0.14467466145683455
-0.1441158143555378
-0.14355655211054863
-0.14299687633289207
-0.1424367886347845
-0.14187629062962914
-0.14131538393201024
-0.1407540701576902
-0.14019235092360388
-0.13963022784785398
-0.13906770254970663
-0.1385047766495868
-0.1379414517690726
-0.13737772953089242
-0.13681361155891889
-0.13624909947816463
-0.13568419491477754
-0.13511889949603645
-0.13455321485034513
-0.13398714260722955
-0.1334206843973318
-0.13285384185240592
-0.13228661660531296
-0.13171901029001676
-0.13115102454157795
-0.1305826609961511
-0.13001392129097872
-0.1294448070643869
-0.12887531995578064
-0.1283054616056393
-0.12773523365551082
-0.12716463774800865
-0.12659367552680595
-0.12602234863663106
-0.1254506587232628
-0.12487860743352601
-0.12430619641528565
-0.12373342731744379
-0.12316030178993372
-0.12258682148371544
-0.122012988050771
-0.12143880314409987
-0.12086426841771321
-0.12028938552663065
-0.11971415612687455
-0.11913858187546542
-0.11856266443041708
-0.11798640545073236
-0.11740980659639697
-0.11683286952837658
-0.11625559590861083
-0.11567798740000887
-0.11510004566644445
-0.11452177237275164
-0.1139431691847186
-0.11336423776908476
-0.11278497979353473
-0.11220539692669382
-0.1116254908381232
-0.11104526319831548
-0.11046471567868858
-0.1098838499515828
-0.1093026676902548
-0.10872117056887302
-0.10813936026251292
-0.10755723844715237
-0.10697480679966578
-0.10639206699782089
-0.10580902072027282
-0.10522566964655962
-0.10464201545709723
-0.1040580598331751
-0.10347380445695013
-0.10288925101144356
-0.10230440118053495
-0.10171925664895763
-0.10113381910229392
-0.10054809022697041
-0.09996207171025208
-0.0993757652402391
-0.09878917250586083
-0.09820229519687132
-0.09761513500384429
-0.0970276936181687
-0.09643997273204255
-0.09585197403846997
-0.09526369923125498
-0.094675150004997
-0.09408632805508596
-0.0934972350776977
-0.09290787276978785
-0.09231824282908885
-0.09172834695410373
-0.09113818684410163
-0.09054776419911278
-0.08995708071992405
-0.08936613810807274
-0.08877493806584351
-0.08818348229626229
-0.08759177250309165
-0.08699981039082595
-0.08640759766468664
-0.0858151360306162
-0.08522242719527505
-0.08462947286603538
-0.08403627475097655
-0.08344283455888021
-0.08284915399922563
-0.08225523478218352
-0.08166107861861309
-0.08106668722005572
-0.08047206229873045
-0.07987720556752902
-0.07928211874001119
-0.07868680353039864
-0.07809126165357189
-0.07749549482506404
-0.07689950476105625
-0.07630329317837269
-0.07570686179447597
-0.07511021232746093
-0.07451334649605157
-0.07391626601959482
-0.07331897261805595
-0.07272146801201357
-0.072123753922655
-0.0715258320717701
-0.07092770418174811
-0.07032937197557149
-0.06973083717681125
-0.06913210150962201
-0.06853316669873735
-0.06793403446946351
-0.06733470654767643
-0.06673518465981537
-0.06613547053287841
-0.06553556589441736
-0.06493547247253315
-0.06433519199586957
-0.06373472619361017
-0.06313407679547212
-0.06253324553170135
-0.06193223413306776
-0.061331044330860424
-0.060729677856881395
-0.06012813644344262
-0.05952642182335961
-0.0589245357299469
-0.058322479897012884
-0.05772025605885531
-0.05711786595025487
-0.05651531130647223
-0.055912593863241655
-0.05530971535676639
-0.05470667752371365
-0.05410348210120994
-0.05350013082683472
-0.0528966254386174
-0.05229296767503101
-0.0516891592749875
-0.051085201977832756
-0.05048109752334189
-0.049876847651713
-0.04927245410356398
-0.04866791861992631
-0.048063242942240327
-0.04745842881235024
-0.04685347797249936
-0.046248392165323886
-0.04564317313384975
-0.04503782262148636
-0.04443234237202182
-0.043826734129618
-0.043220999638805775
-0.042615140644478744
-0.0420091588918901
-0.04140305612664635
-0.04079683409470257
-0.04019049454235743
-0.03958403921624843
-0.038977469863345625
-0.03837078823094849
-0.037763996066679614
-0.037157095118479984
-0.03655008713460397
-0.03594297386361457
-0.03533575705437713
-0.034728438456056214
-0.03412101981810926
-0.033513502890281904
-0.03290588942260292
-0.03229818116537946
-0.031690379869190835
-0.03108248728488526
-0.03047450516357364
-0.029866435256624777
-0.029258279315660378
-0.028650039092550268
-0.02804171633940613
-0.027433312808578324
-0.026824830252649586
-0.026216270424430296
-0.02560763507695342
-0.0249989259634698
-0.02439014483744179
-0.023781293452540167
-0.02317237356263776
-0.02256338692180475
-0.021954335284303586
-0.021345220404584284
-0.02073604403727807
-0.020126807937194253
-0.01951751385931388
-0.018908163558785034
-0.018298758790917732
-0.01768930131117922
-0.01707979287518763
-0.016470235238708834
-0.015860630157650112
-0.01525097938805542
-0.014641284686100325
-0.014031547808087257
-0.013421770510439192
-0.012811954549696492
-0.012202101682510576
-0.011592213665639175
-0.010982292255941271
-0.010372339210372365
-0.009762356285978123
-0.009152345239891245
-0.008542307829325116
-0.007932245811569068
-0.0073221609439833146
-0.006712054983994216
-0.00610192968908793
-0.0054917868168072705
-0.004881628124745364
-0.004271455370540911
-0.003661270311873116
-0.0030510747064569506
-0.002440870312036807
-0.0018306588863833558
-0.001220442187287201
-0.0006102219725541375
-8.803721640582296e-17
