1.1139571601514089
1.119049347449516
1.124101245307951
1.1291190426847755
1.1340958050040086
1.1390391335016856
1.143941696944166
1.148810312804081
1.1536398139598578
1.1584340496567478
1.1631910822214109
1.1679112861059815
1.172596459478951
1.1772429950634429
1.1818566483698503
1.1864301785882572
1.190970685854467
1.1954738662010138
1.199941625155512
1.2043751132307208
1.2087705344202972
1.2131335835558297
1.2174585053222893
1.2217498031034524
1.2260066514895165
1.2302266372259907
1.2344146483047544
1.238565230586008
1.242682555215762
1.2467667461465515
1.2508138487584166
1.2548294021168669
1.258809717899354
1.2627557090545454
1.2666704092371703
1.2705482815034097
1.2743940974085133
1.2782083445452948
1.2819857736588065
1.2857323750031222
1.2894466816844543
1.293125601036946
1.2967739708862618
1.3003898264110372
1.303971233083803
1.3075223748438007
1.3110412850800552
1.3145261950806622
1.3179811305304407
1.32140461511604
1.3247940614631633
1.3281538288591157
1.3314834185200142
1.334778449398621
1.3380441016486775
1.3412804602411912
1.3444830126208025
1.3476556155288386
1.3507992305881802
1.3539114355206179
1.3569920661006434
1.3600440182598594
1.3630673796811186
1.366057172350078
1.3690185513828017
1.3719516532384206
1.3748546713118597
1.3777265746027574
1.3805705168891456
1.3833865879164773
1.3861718440624962
1.3889277325138178
1.39165606877981
1.3943569435153669
1.3970270673316527
1.3996687806290695
1.4022833537303583
1.4048708780234882
1.407428494220026
1.4099578813813736
1.4124605427250776
1.414936570205532
1.4173842937004208
1.4198032096642115
1.4221958158424302
1.4245622045987352
1.4269024683914004
1.4292129383766403
1.4314973480064066
1.4337559574694665
1.4359888594540744
1.4381952249118986
1.4403732956756494
1.4425259837016216
1.444653381771002
1.4467555826925311
1.4488317844406646
1.4508804045868435
1.4529041517445553
1.4549031186598
1.4568773980731056
1.4588270827138552
1.460749238347538
1.4626468156496313
1.464520120926017
1.4663692466751108
1.4681942853541596
1.4699946746709194
1.4717688381548661
1.4735192354133688
1.4752459585430016
1.4769490995715786
1.4786287504534137
1.4802849545270094
1.4819151767752152
1.4835222268896862
1.485106196324921
1.486667176437047
1.4882052584795453
1.4897205335990436
1.4912125847328943
1.4926800822356252
1.4941250868226237
1.4955476889979482
1.4969479791368694
1.4983260474820959
1.4996819841400657
1.5010158790772987
1.502326554006588
1.5036145131205358
1.5048807391212498
1.5061253211922312
1.5073483483582046
1.50854990948187
1.5097300932607138
1.5108889882238778
1.5120266827290818
1.5131417400930993
1.5142355135364154
1.5153083881584348
1.5163604514014213
1.517391790520491
1.5184024925809023
1.5193926444553947
1.5203623328215825
1.5213116441593972
1.5222406647485829
1.5231490131750132
1.5240362783314676
1.5249035457149398
1.5257509005704841
1.5265784279303447
1.5273862126117745
1.5281743392148994
1.5289428921206296
1.5296919554886168
1.530421613255255
1.531131949131728
1.5318230466020983
1.5324949889214434
1.5331478591140306
1.5337813100458022
1.5343953102694596
1.534990518195726
1.5355670156899917
1.5361248843779174
1.5366642056438846
1.537185060629485
1.5376875302320487
1.5381716951032118
1.5386376356475204
1.5390854320210738
1.5395151641302027
1.539926911630186
1.5403207539240014
1.5406967701611147
1.5410550392363016
1.541395639788504
1.5417186501997242
1.542024148593948
1.5423122128361066
1.542582920531066
1.542836349022653
1.5430725753927124
1.5432916764601947
1.5434937287802761
1.5436788086435105
1.543846992075009
1.5439983548336527
1.5441329724113333
1.5442507840013209
1.5443519825510892
1.54443668634803
1.544504969587917
1.5445569061963236
1.544592569828052
1.544612033866584
1.5446153714235618
1.544602655338293
1.544573958177281
1.5445293522337822
1.5444689095273865
1.544392701803622
1.5443008005335863
1.5441932769135993
1.5440700653541852
1.5439313033003037
1.5437771085666125
1.5436075514646694
1.5434227020295093
1.54322263001942
1.5430074049157452
1.5427770959227007
1.5425317719672191
1.5422715016988102
1.541996353489444
1.5417063954334542
1.5414016953474594
1.5410823207703057
1.5407483389630272
1.5403998169088269
1.540036821313074
1.5396594186033208
1.5392676749293386
1.538861656163168
1.5384414278991898
1.5380070554542116
1.5375586038675717
1.5370961379012589
1.5366197220400486
1.5361294204916562
1.5356252971869049
1.5351074157799087
1.5345758396482725
1.5340306318933041
1.5334718001237322
1.5328987058437298
1.5323121515144205
1.5317121993377292
1.5310989112399505
1.530472348872042
1.5298325736099303
1.5291796465548284
1.5285136285335694
1.5278345800989488
1.5271425615300833
1.526437632832779
1.5257198537399124
1.524989283711823
1.5242459819367185
1.5234900073310893
1.5227212274326183
1.5219390062116043
1.5211442742684609
1.5203370896309698
1.5195175100567406
1.5186855930336862
1.517841395780507
1.5169849752471882
1.5161163881155035
1.5152356907995301
1.514342939446172
1.5134381899356923
1.5125214978822552
1.511592087823464
1.5106504121381181
1.5096969485033194
1.5087317516597882
1.5077548760842414
1.5067663759899814
1.5057663053274923
1.5047547177850442
1.5037316667893033
1.502697205505951
1.5016513868403099
1.5005929902140303
1.499523208437772
1.4984422176814975
1.4973500699934923
1.4962468171641503
1.4951325107266369
1.4940072019575588
1.4928709418776378
1.491723781252393
1.4905653275252257
1.489395003214049
1.4882139218551391
1.4870221333721003
1.4858196874360496
1.4846066334663288
1.483383020631221
1.482148897848672
1.4809043137870161
1.4796485427615453
1.4783815717683377
1.4771042781711659
1.4758167098131176
1.4745189142905906
1.473210938954043
1.4718928309087491
1.4705646370155565
1.4692259284295062
1.4678760141265161
1.466516148485378
1.465146377557337
1.463766747152282
1.462377302839526
1.4609780899485874
1.4595691535699742
1.4581495457823987
1.4567195385182972
1.4552799381857202
1.4538307890820592
1.4523721352688885
1.4509040205727655
1.449426488586034
1.4479391399627586
1.4464410862948907
1.4449337422892947
1.4434171507599067
1.4418913542897291
1.4403563952316454
1.4388123157092383
1.4372586859920005
1.4356946217485116
1.4341215605880033
1.4325395438708037
1.43094861273129
1.4293488080787147
1.4277401705980344
1.4261217021367651
1.4244936048435453
1.4228567949267716
1.4212113123236645
1.419557196750553
1.4178944877037085
1.416223076257118
1.41454134229134
1.412851132293506
1.4111524850253572
1.40944543903202
1.4077300326428448
1.4060063039722472
1.404272653195514
1.4025304028686822
1.4007799444790354
1.39902131542247
1.3972545528834186
1.3954796938356928
1.3936952422086069
1.3919022785108608
1.3901013298621874
1.388292432531419
1.3864756225802568
1.3846509358641128
1.382816641315357
1.3809742589915528
1.379124108847162
1.37726622604626
1.3754006455501318
1.3735271598152947
1.3716442128223503
1.3697536749915618
1.367855580603926
1.3659499637411543
1.3640368582865137
1.3621152293762442
1.3601851523853226
1.3582476911335208
1.3563028788375695
1.3543507485192554
1.3523912757225514
1.350422491748463
1.3484464920665418
1.3464633090431497
1.3444729748532034
1.3424755214810065
1.3404695741479657
1.3384558484346765
1.3364351034152446
1.3344073704323245
1.332372680641442
1.3303302120520435
1.3282795569250476
1.3262220429209262
1.324157700564664
1.3220865601975904
1.320008150389614
1.3179213469403468
1.3158278414977178
1.3137276637836048
1.3116208433396848
1.3095070676136495
1.3073848816625582
1.3052561471176254
1.3031208929121392
1.3009791478026231
1.2988305767671706
1.29667375911905
1.2945105428532684
1.2923409561289836
1.2901650269320057
1.2879822265507217
1.2857915132498943
1.2835945479449877
1.2813913580354221
1.2791819707506613
1.2769655023902475
1.2747416149753514
1.2725116188678907
1.2702755407218584
1.2680334070246575
1.2657838275043651
1.2635274732625341
1.2612651503978547
1.2589968848331154
1.256722702327853
1.254440563970098
1.2521524361903245
1.249858476675589
1.2475587106315982
1.2452525129313416
1.242939013786197
1.2406197920116966
1.2382948722679141
1.2359642790574925
1.2336264784196291
1.2312824199332482
1.2289327702126465
1.2265775532254826
1.2242164051435922
1.2218479294356017
1.219473967429817
1.2170945425670037
1.2147096781362203
1.21231786968849
1.2099200071421807
1.2075167843839465
1.2051082241864486
1.2026937703062082
1.2002724131011153
1.1978457965907572
1.1954139430393727
1.1929768745651108
1.1905326898557473
1.1880830779832299
1.1856283277632544
1.183168460815875
1.1807023230212288
1.178230108506423
1.1757528526587153
1.1732705766079115
1.1707827795460695
1.1682883495216088
1.1657889735252966
1.163284672204481
1.1607754660682832
1.1582592440721882
1.155738127926963
1.153212179715404
1.1506814194742425
1.1481442171484881
1.1456017354564652
1.1430545133609868
1.1405025704340446
1.137944675951378
1.135381197998511
1.132813069734736
1.1302403102748948
1.127662010154645
1.1250778999916655
1.1224892280647865
1.1198960130392255
1.1172975921660597
1.1146932086889378
1.1120843504739983
1.109471035744299
1.1068527773870849
1.1042284744169895
1.101599782238665
1.0989667186404084
1.0963289044711761
1.0936850308339214
1.0910368520457823
1.0883843854676283
1.085727295580625
1.0830641951855924
1.0803968722488388
1.077725343711075
1.0750492566418992
1.0723672685604257
1.069681139122086
1.0669908848546334
1.0642960775994517
1.0615955361426683
1.058890933113246
1.0561822846331155
1.0534690326679477
1.0507502674640647
1.048027519094629
1.0453008032828168
1.0425693805828877
1.0398327166539174
1.037092146612631
1.0343476857904481
1.0315983648495972
1.028844122687504
1.026086050135574
1.0233241621404021
1.0205572139905477
1.017785709632823
1.015010449299878
1.0122314475603458
1.009447141790998
1.0066586868956515
1.0038665491545327
1.0010707427651093
0.9982693475429255
0.9954642494628924
0.9926555404038601
0.989842900500821
0.9870250162872358
0.9842035781441908
0.9813785996485378
0.9785493141284306
0.9757153190542331
0.9728778398118131
0.970036889624885
0.9671912229559757
0.9643414131023386
0.961488187638769
0.9586315594423885
0.9557697747420899
0.9529044421550471
0.9500357613351704
0.9471633767987795
0.9442861038740329
0.941405536636114
0.9385216873828223
0.9356336203956704
0.9327413316017036
0.9298458139029674
0.9269470792680343
0.9240435894416013
0.9211365662698676
0.918226378478338
0.9153127503554556
0.9123943833798704
0.9094729035486083
0.9065483222801126
0.9036197011722772
0.9006870891383171
0.8977514266619898
0.8948127248494003
0.8918693670025113
0.8889227813568009
0.8859732066149435
0.8830201660280006
0.8800628140109051
0.8771025226129024
0.8741393024183729
0.8711719494544614
0.8682010964559905
0.8652273636458458
0.8622506097372259
0.8592693489924074
0.8562852569128274
0.8532983435786522
0.8503076983414033
0.8473133991597251
0.8443163264939795
0.8413164901385307
0.8383122046491013
0.8353051231647283
0.8322953250687319
0.8292820850008492
0.8262651440700687
0.8232455331242051
0.820223261480561
0.8171967970970254
0.8141675210735042
0.811135630279726
0.808100487575267
0.805061693143216
0.8020203294032069
0.7989764052122221
0.7959284510525183
0.7928777594890677
0.7898245522910036
0.7867681940475846
0.7837083187175677
0.7806459721201571
0.7775811626684695
0.7745124028453377
0.771441059412086
0.7683672968685754
0.7652904052394048
0.7622102065046037
0.7591276319702719
0.7560426896218349
0.7529538033947304
0.7498625569627755
0.7467689854266384
0.7436722377723419
0.7405724585429877
0.7374703965017121
0.7343658950536686
0.7312577211489208
0.7281473063132324
0.7250346579527743
0.7219187269929755
0.7188000961164125
0.7156792730263437
0.7125558560950702
0.70942914498856
0.7063002825838476
0.7031692758973601
0.7000348298619921
0.6968980626357589
0.6937591914949481
0.690617525556803
0.687472987094728
0.6843263847044181
0.6811776048134905
0.6780254278081396
0.6748712264862193
0.6717150073375437
0.6685557545905272
0.6653940857821771
0.662230438240648
0.6590643352558451
0.6558953295477002
0.6527243838400884
0.6495515042695303
0.6463753227838482
0.6431972082985342
0.6400171981867663
0.636834428569262
0.6336492738702282
0.6304622614359858
0.6272730080919564
0.6240809409327202
0.6208870535902518
0.6176913517250688
0.614492568018458
0.6112919323913623
0.6080895193253216
0.6048845118462539
0.6016772537812464
0.5984682550361404
0.5952571273526173
0.5920433719332375
0.5888279122735578
0.5856107535868696
0.5823906392832121
0.5791688427297643
0.5759453831493585
0.572719406560603
0.5694913964040634
0.5662617589156481
0.5630300228192912
0.5597959216336974
0.5565602285121186
0.5533228354683667
0.5500827651245545
0.5468411379471979
0.543597958612163
0.5403522719817526
0.5371048316418958
0.5338558738430759
0.5306047857401069
0.5273516524602059
0.5240970361403771
0.5208406483944725
0.5175819417394
0.5143217861894016
0.5110601860368785
0.5077960393202015
0.5045304631920894
0.5012634762300223
0.49799428357684766
0.49472340489699446
0.49145114889125785
0.4881770114470416
0.48490094762917746
0.48162353973856664
0.47834455846178947
0.47506342631999965
0.4717809831091953
0.46849723266498955
0.4652111745367984
0.46192381198928645
0.4586351748702828
0.45534452451246554
0.4520523580434007
0.44875894942861294
0.44546380717491924
0.4421669516439449
0.43886888616232267
0.43556935217647574
0.43226792190049024
0.428965313643669
0.42566148792311537
0.4223555966889982
0.41904855922399886
0.4157403788628401
0.41243030268094594
0.4091189490628261
0.4058064839981806
0.4024923653723602
0.39917680815682616
0.3958601707374918
0.3925421091127554
0.38922246036872327
0.38590176246204344
0.3825798571339814
0.37925622845610285
0.3759315814604641
0.37260591912159985
0.3692784341001258
0.3659499489574213
0.3626204790491764
0.35928939793416215
0.3559571851422076
0.3526240179788624
0.3492894395723355
0.34595360919725304
0.34261685466663583
0.33927887763799475
0.3359395393265518
0.3325993069023647
0.32925802979209806
0.32591529278401166
0.3225716915381155
0.3192272127615211
0.31588118590172654
0.3125343245163893
0.3091866311302835
0.3058375341181731
0.3024875208982892
0.29913670516985935
0.2957846520063399
0.2924315948916073
0.28907776461033124
0.28572285330177855
0.2823668598788508
0.2790101224862939
0.27565245093059354
0.2722936284451933
0.2689340910471144
0.2655737570373624
0.2622122124063691
0.25884998178478696
0.2554870673853831
0.2521229228364964
0.24875810546173407
0.24539263305020861
0.2420260700958474
0.23865877213854506
0.23529084776292214
0.23192196385855393
0.22855229120165238
0.22518202062732023
0.22181091314025841
0.2184389713909635
0.21506646011261887
0.21169322632571275
0.20831912082742418
0.2049444740809986
0.20156921119632185
0.1981930470405483
0.19481636981510272
0.19143917495764076
0.18806105699588205
0.1846824540454873
0.1813033679892973
0.177923457122435
0.1745430329780228
0.17116215368033963
0.1677805533400572
0.16439841232125804
0.1610158440163112
0.1576326510867786
0.15424889731373373
0.15086474404124786
0.14748005534610958
0.14409479275126802
0.140709158368248
0.1373230706742971
0.13393640301419624
0.13054939120669753
0.1271620012275544
0.12377403209457968
0.1203857463894669
0.11699714579956337
0.11360798362338491
0.11021852740006884
0.10682878378348669
0.1034385608976243
0.10004803739979225
0.09665725394659978
0.09326606690747931
0.08987457925480645
0.0864828590359993
0.08309080436338999
0.07969845556324562
0.07630590154244003
0.0729130757231271
0.06951996868226225
0.06612668372738548
0.0627331832188339
0.05933942075507003
0.05594550765003996
0.05255142888406142
0.049157113737962777
0.045762675194356554
0.04236811458077691
0.038973349427316666
0.03557848809603922
0.032183532142220084
0.02878842948658674
0.025393247969525145
0.021997999024091826
0.018602655473282152
0.015207256334963882
0.011811816950191548
0.00841632886594123
0.005020814645182134
0.0016252873525464168
-0.0017702489089074513
-0.005165775687351519
-0.008561288365530724
-0.011956776449781041
-0.015352213263570617
-0.01874760880247877
-0.022142952353288295
-0.02553819667085028
-0.02893337253153426
-0.03232847518716824
-0.035723424456050624
-0.03911827807376923
-0.042513034484973435
-0.04590759509855369
-0.0493020238711247
-0.05269632821731682
-0.05609040698329536
-0.05948430825944431
-0.06287805786523859
-0.06627155837379045
-0.06966482944148819
-0.07305792156583299
-0.07645074738514576
-0.07984328545994847
-0.08323561728445525
-0.08662767195706471
-0.0900193741704373
-0.0934108427877084
-0.09680202982682903
-0.10019279321447164
-0.10358329561641477
-0.10697351850227702
-0.11036323999243113
-0.11375267305856943
-0.1171418160362851
-0.12053041163650412
-0.12391867212226988
-0.12730661500445692
-0.1306940049836002
-0.13408098950862282
-0.13746762885430053
-0.14085371654825063
-0.14423932158463001
-0.14762455380033415
-0.15100924249547323
-0.15439336435603707
-0.15777708568407753
-0.1611602786136095
-0.16454281344016003
-0.1679249199468531
-0.17130652028713506
-0.17468736403867516
-0.178067751602569
-0.18144766246943114
-0.18482671091037967
-0.18820527521045322
-0.19158335348644379
-0.19496054834390533
-0.19833718484775797
-0.2017133072457279
-0.2050885701304048
-0.20846317408241935
-0.2118372357492817
-0.21521046953618816
-0.21858293594567615
-0.22195483178825895
-0.22532593927532085
-0.22869616290464856
-0.2320657875778061
-0.23543467148217434
-0.23880254683485935
-0.24216979472956535
-0.24553635768392623
-0.24890177899272012
-0.2522665442241301
-0.25563065121616185
-0.2589935499879533
-0.2623557263834484
-0.2657172157462202
-0.2690775497559719
-0.272437030843169
-0.27579579597449366
-0.27915346753019465
-0.2825101465249374
-0.2858660805057583
-0.2892209918143115
-0.2925747616086243
-0.29592775719096265
-0.2992798103544824
-0.3026305635045031
-0.30598051309937047
-0.3093296101114806
-0.31267723882535725
-0.31602403449063876
-0.3193699945819293
-0.32271447335852343
-0.3260580067868332
-0.32940067492760644
-0.33274195203787377
-0.33608211454436815
-0.3394213818870771
-0.3427593589157182
-0.3460960414258858
-0.3494317987281203
-0.3527663771346469
-0.3560994701720536
-0.3594316077842757
-0.36276268889928975
-0.3660920825732959
-0.3694204904265321
-0.3727479095599631
-0.37607355944144
-0.3793981270349437
-0.3827216752532299
-0.38604358058129173
-0.3893641969701603
-0.39268376313738834
-0.39600182476212553
-0.39931837854488134
-0.402633851063271
-0.4059479696890912
-0.40926034899522334
-0.4125716157926473
-0.4158816919745415
-0.4191897844520008
-0.4224967329694653
-0.4258025341913684
-0.429106359911923
-0.4324088770909995
-0.4357102152228476
-0.4390097492086944
-0.44230772147891445
-0.4456044827303388
-0.4488996249840321
-0.45219293825022966
-0.4554850083007624
-0.4587756586585801
-0.46206419828819656
-0.46535146227454444
-0.4686374468790093
-0.4719211712130688
-0.4752035137163479
-0.47848454407600816
-0.48176352535278527
-0.48504083038569995
-0.48831679026932723
-0.49159092771354346
-0.49486307870752105
-0.4981338512971011
-0.5014030439502751
-0.5046699237425513
-0.5079353916203407
-0.511199443398244
-0.5144610291576647
-0.5177210742932008
-0.5209796694501806
-0.5242360571960849
-0.5274905609331376
-0.5307435805445162
-0.5339946686474851
-0.5372435116909627
-0.5404908361875735
-0.543736522817984
-0.5469795852207758
-0.5502210943757881
-0.5534610456060409
-0.556698438649793
-0.5599340115654737
-0.5631679914516964
-0.5663997275480542
-0.5696292426424806
-0.5728571293092599
-0.5760831058980149
-0.5793064408917241
-0.5825281117603631
-0.5857481134159996
-0.5889652579666039
-0.5921805897416882
-0.5953942161747751
-0.5986053438582986
-0.6018142125141996
-0.6050213393858657
-0.6082263468649329
-0.6114286276322572
-0.6146291298540174
-0.6178278480033329
-0.6210234809125998
-0.6242172326327144
-0.6274091630591785
-0.6305984164032082
-0.6337852909929725
-0.6369703067345255
-0.6401530763520299
-0.6433329463920071
-0.6465109196899029
-0.6496869902512881
-0.65285983844177
-0.6560306407267149
-0.6591995018925522
-0.6623656048773543
-0.6655291067555761
-0.6686906287782495
-0.6718498815252664
-0.6750059527645177
-0.6781600050518776
-0.6813120318961309
-0.684460811787059
-0.6876072628883253
-0.6907516489319914
-0.6938933148701362
-0.6970320324617414
-0.7001686450065318
-0.7033030910419003
-0.7064339419132569
-0.7095626473676898
-0.7126892003872994
-0.7158126173185729
-0.7189332811836386
-0.7220517516956045
-0.7251676826554033
-0.7282801695101675
-0.7313904216975519
-0.7344984318098627
-0.7376029332579069
-0.7407048303610797
-0.7438044435051213
-0.7469011911594179
-0.7499945954614787
-0.7530856735090289
-0.7561744174890559
-0.7592593325482633
-0.7623417363928
-0.7654217632827224
-0.7684986549118933
-0.7715722444538362
-0.7746434137272155
-0.7777121544979079
-0.7807768076822299
-0.7838389777982676
-0.7868986754836961
-0.7899550337271153
-0.7930080621157177
-0.7960585737031651
-0.7991065278628692
-0.8021502709096314
-0.8051914523355103
-0.8082300632818235
-0.8112652059862824
-0.8142969121210063
-0.8173260023104371
-0.8203524666939729
-0.8233745513267595
-0.8263939740832589
-0.8294107256444166
-0.8324239657122995
-0.8354335732566536
-0.838440463005593
-0.841444625364172
-0.8444443919294635
-0.8474412704868356
-0.8504353743709712
-0.8534260196082197
-0.8564127364538701
-0.859396630852118
-0.8623776927209643
-0.865354446629584
-0.8683279793672717
-0.8712986310949449
-0.8742659840588561
-0.8772290017823821
-0.8801890895073003
-0.8831462366473433
-0.886099277234286
-0.8890486458932261
-0.8919950242482481
-0.8949383820951368
-0.8978768754073485
-0.9008123281716812
-0.9037447292800912
-0.9066733503879266
-0.9095977195153683
-0.9125189859881137
-0.9154371383857485
-0.918350766508631
-0.9212607385007977
-0.9241675446497658
-0.9270710344761985
-0.9299695508629617
-0.9328648490861129
-0.9357569171750586
-0.9386449841622101
-0.9415286114790116
-0.9444089555469288
-0.9472860040661102
-0.9501583886025006
-0.9530268437791845
-0.9558919494833332
-0.9587536930794728
-0.9616101342553334
-0.9644631303503451
-0.9673127095894402
-0.9701583762583494
-0.9729990945826361
-0.9758363407121897
-0.9786701014211598
-0.9814993869412669
-0.9843241298171859
-0.9871453310838324
-0.9899629771621887
-0.9927756170652277
-0.9955840867280229
-0.9983889441486223
-1.0011901753882262
-1.003985903835402
-1.0067777983840909
-1.0095660088171852
-1.0123503145865327
-1.0151290705917624
-1.0179040839161155
-1.020675339988708
-1.0234422881385625
-1.026203926569802
-1.0289617482767297
-1.031715738310469
-1.03446505925132
-1.037209266659507
-1.0399495819988542
-1.04268598993563
-1.0454174126355593
-1.0481438711626005
-1.0508663609523565
-1.0535848662793086
-1.056298118244476
-1.0590065055480717
-1.0617108460989926
-1.0644111237729352
-1.0671059310281172
-1.0697959202060054
-1.0724817832456646
-1.0751635036169382
-1.0778395906861138
-1.0805108501997436
-1.0831779027960051
-1.085840731531754
-1.088497821418757
-1.0911500150163913
-1.09379791950032
-1.0964415175072098
-1.0990793316764411
-1.1017121183157033
-1.104340532203918
-1.1069645555502943
-1.1095828139075083
-1.1121958476773754
-1.114804423593853
-1.1174085234313595
-1.120006944304525
-1.1225998743467822
-1.125188259944124
-1.1277720824287776
-1.1303503825490273
-1.1329228529791888
-1.1354906908593565
-1.1380538770721036
-1.1406117715547701
-1.1431634213824846
-1.1457103490170235
-1.1482525348837804
-1.1507897372095353
-1.15332020025848
-1.1558458499082382
-1.1583666661194345
-1.1608826287167928
-1.1633917929428157
-1.165895791577175
-1.1683948635068118
-1.1708889880816957
-1.1733767851435377
-1.1758587543591712
-1.1783357019834118
-1.1808076068837428
-1.1832737446783892
-1.1857333006175643
-1.1881877384328747
-1.1906370365015262
-1.19308117305703
-1.195517974479334
-1.19794951142019
-1.2003758099125388
-1.202796847689364
-1.2052113015696042
-1.2076195409257875
-1.2100224414268623
-1.212419980297361
-1.2148117887450913
-1.2171963280785967
-1.2195754264198384
-1.2219490604769243
-1.224317206806244
-1.2266783548881346
-1.2290332410638025
-1.2313825585372216
-1.2337262833378606
-1.236064083975724
-1.2383943420589643
-1.2407189252312363
-1.2430378089869978
-1.2453509686632684
-1.247657166363525
-1.249956591485589
-1.25225020862242
-1.2545379925653768
-1.256819917945091
-1.2590939681297215
-1.2613618869309802
-1.2636238615644102
-1.2658798661042532
-1.2681294456245458
-1.2703712281460422
-1.272606953639667
-1.27483659561502
-1.2770601274151065
-1.2792765957755208
-1.2814856259597565
-1.2836884572800598
-1.2858850625039389
-1.2880754142289361
-1.2902582146102204
-1.2924337807335173
-1.2946030028832185
-1.29676585307045
-1.2989223031329842
-1.3010708741684363
-1.303212250182251
-1.3053471337788338
-1.3074754961985662
-1.3095973085050578
-1.311711084231093
-1.3138175295079044
-1.3159173305292808
-1.3180104577504193
-1.3200968814463077
-1.322175291254284
-1.3242460503329505
-1.3263100098626273
-1.3283671394988288
-1.3304174087134073
-1.3324598773028058
-1.3344941796336012
-1.3365215236055854
-1.3385418780600487
-1.3405552116511423
-1.3425611589841835
-1.3445582186737568
-1.3465481576174465
-1.348530943827734
-1.3505065451264815
-1.352474929144098
-1.3544344019408023
-1.3563861307261136
-1.3583305399092895
-1.3602675964652946
-1.362197267174145
-1.3641188960844144
-1.3660315936674476
-1.3679368010658082
-1.3698344843929557
-1.3717246095639002
-1.3736071422943585
-1.3754806280291958
-1.3773457926569033
-1.3792032579801532
-1.381052989034356
-1.3828949506521273
-1.3847291074624448
-1.3865535095918335
-1.3883698955953214
-1.3901783673526087
-1.3919788887986622
-1.3937714236613128
-1.3955558752883988
-1.3973303038652116
-1.3990966342941842
-1.4008548295981544
-1.4026048525893313
-1.404346665868456
-1.4060802318239602
-1.4078036066154769
-1.4095185726483674
-1.41122517662607
-1.4129233802158527
-1.4146131448692063
-1.416294431821
-1.4179658432675906
-1.4196281036275535
-1.4212817688374906
-1.4229267993977295
-1.4245631555885367
-1.4261907974692845
-1.4278092659305537
-1.429417446308845
-1.4310167921656989
-1.4326072628127413
-1.4341888173372983
-1.43576141460157
-1.4373250132418007
-1.4388786429590388
-1.440422255167736
-1.441956745198227
-1.4434820709234937
-1.444998189987216
-1.4465050598029519
-1.4480026375533248
-1.4494899861766
-1.4509670405147579
-1.4524346758277844
-1.4538928485198892
-1.4553415147610667
-1.4567806304862934
-1.4582101513947274
-1.4596297591823026
-1.4610382074534796
-1.4624369304817615
-1.4638258831731865
-1.4652050201947826
-1.4665742959737837
-1.4679336646968457
-1.4692830803092698
-1.4706217888953204
-1.4719494823220023
-1.473267088121388
-1.4745745594291753
-1.4758718491366374
-1.477158909889864
-1.4784356940890064
-1.4797021538875264
-1.4809579249129967
-1.4822019959798585
-1.4834356039640593
-1.4846587001938194
-1.4858712357477488
-1.4870731614541237
-1.4882644278901624
-1.4894449853813112
-1.4906147840005306
-1.4917732377276982
-1.492919870833359
-1.4940556015626407
-1.4951803791465992
-1.4962941525610902
-1.4973968705260894
-1.4984884815050172
-1.4995689337040696
-1.5006381750715547
-1.5016961532972373
-1.5027418480997505
-1.5037757652610289
-1.5047982702729554
-1.505809309966463
-1.506808830911503
-1.5077967794164309
-1.5087731015273924
-1.5097377430277223
-1.5106906494373462
-1.5116317660121938
-1.5125610377436174
-1.5134773071252554
-1.5143814937445648
-1.515273680311419
-1.5161538109422334
-1.5170218294867905
-1.517877679527707
-1.5187213043799115
-1.5195526470901313
-1.5203716504363844
-1.5211782569274885
-1.5219724088025728
-1.5227540480306037
-1.5235228279290745
-1.5242782186135548
-1.5250209345361139
-1.52575091677704
-1.5264681061449163
-1.5271724431762044
-1.5278638681348398
-1.5285423210118416
-1.5292077415249297
-1.529860069118157
-1.5304992429615518
-1.5311252019507757
-1.53173788470679
-1.532337229575538
-1.5329231746276404
-1.5334956576581018
-1.5340544894276738
-1.5345990839577108
-1.5351300448859846
-1.535647309108161
-1.536150813243625
-1.5366404936352678
-1.5371162863492882
-1.5375781271750093
-1.538025951624711
-1.5384596949334766
-1.5388792920590586
-1.539284677681758
-1.53967578620432
-1.5400525517518493
-1.5404149081717402
-1.540762789033624
-1.5410961276293353
-1.5414148569728956
-1.5417189098005157
-1.5420082185706152
-1.5422827154638632
-1.5425423323832355
-1.5427870009540934
-1.543016652524281
-1.5432312181642436
-1.5434306286671655
-1.5436148145491289
-1.543783706049294
-1.5439372331301
-1.5440753254774882
-1.544197912501147
-1.5443049233347799
-1.5443962868363939
-1.544471931588614
-1.5445317858990188
-1.544575777800501
-1.5446038350516504
-1.5446158851371645
-1.5446118552682802
-1.5445916723832316
-1.5445552631477357
-1.5445025539555015
-1.5444334709287655
-1.5443479399188542
-1.5442458865067745
-1.5441272360038296
-1.543991913452264
-1.5438398436259364
-1.5436709510310207
-1.5434851599067363
-1.5432823942261074
-1.5430625776967515
-1.5428256337617001
-1.542571485600247
-1.54230005612883
-1.5420112680019418
-1.5417050436130741
-1.5413813050956944
-1.5410399743242533
-1.540680972915226
-1.5403042222281877
-1.5399096433669233
-1.5394971571805678
-1.5390666842647873
-1.5386181449629894
-1.5381514593675738
-1.5376665473212168
-1.5371633284181914
-1.5366417220057267
-1.5361016471854037
-1.535543022814589
-1.5349657675079065
-1.5343697996387484
-1.5337547030600773
-1.5331200558630633
-1.5324664171972007
-1.5317937042701146
-1.5311018340568916
-1.530390723301862
-1.5296602885204234
-1.5289104460009062
-1.528141111806485
-1.5273522017771326
-1.5265436315316188
-1.5257153164695534
-1.524867171773478
-1.523999112411
-1.5231107243720394
-1.5222011100596553
-1.5212712889372695
-1.5203211749279348
-1.5193506817521223
-1.5183597229301786
-1.5173482117848311
-1.5163160614437468
-1.5152631848421394
-1.514189494725431
-1.5130949036519623
-1.5119782046240087
-1.5108396860865718
-1.509679964958816
-1.5084989528839707
-1.5072965613339182
-1.5060727016122666
-1.5048272848574842
-1.503560222046088
-1.5022714239958936
-1.500959064823066
-1.4996243245815566
-1.4982675404997783
-1.4968886226129152
-1.4954874808163126
-1.4940640248691255
-1.4926181643980285
-1.4911494568968695
-1.4896560354564352
-1.4881398960250125
-1.4866009475693354
-1.4850390989452285
-1.4834542589017516
-1.4818463360854073
-1.4802144107011683
-1.4785572791238355
-1.476876747193695
-1.475172723037688
-1.47344511470468
-1.4716938301701308
-1.4699185406328241
-1.468116603139452
-1.4662906689283535
-1.46444064559237
-1.4625664406781185
-1.46066796169115
-1.4587439965630664
-1.4567934041212385
-1.4548182148767435
-1.4528183361046867
-1.4507936750691361
-1.4487441159788332
-1.4466660994627347
-1.4445629766273989
-1.4424346546478095
-1.4402810407204878
-1.43810203399546
-1.4358938149023475
-1.4336599791067373
-1.4314004338695763
-1.4291150865085709
-1.426802735213895
-1.4244615278555643
-1.4220941936015223
-1.4197006400000696
-1.4172807746942497
-1.414831146786355
-1.4123541642489639
-1.4098505459576085
-1.4073201999652398
-1.4047606604865932
-1.4021721717577293
-1.3995566323680457
-1.3969139509375894
-1.3942418853540357
-1.391540037000972
-1.3888107253062691
-1.3860538596237457
-1.383266643643409
-1.380449590031101
-1.377604663393526
-1.3747317739946663
-1.3718267784734537
-1.3688926852976355
-1.3659303132271636
-1.3629385293709466
-1.3599141698210062
-1.3568612178572175
-1.3537795858075314
-1.3506653729845022
-1.3475207515266252
-1.3443471405997574
-1.3411425673681558
-1.3379051959661694
-1.334638529333721
-1.3313420473801636
-1.32801085633291
-1.3246500683871123
-1.3212595999801777
-1.3178340667976232
-1.3143781048374161
-1.3108921668698426
-1.3073711963853845
-1.3038190223722614
-1.3002365820460577
-1.2966186550716463
-1.2929692474556715
-1.2892892889952883
-1.2855729001355585
-1.2818252557517356
-1.2780462807381052
-1.2742304427715623
-1.2703835788065472
-1.2665036067944373
-1.2625878549594738
-1.2586408109884104
-1.2546583861529328
-1.2506417765925248
-1.2465936166854903
-1.2425073079571978
-1.238388922861834
-1.2342362166089438
-1.2300471420620651
-1.2258260918948893
-1.221567111837693
-1.217274746855622
-1.2129476880569807
-1.2085835691309168
-1.204187077328684
-1.199751445645524
-1.1952826137381132
-1.1907772852953882
-1.186235702929541
-1.181660020519405
-1.1770452901657875
-1.1723976769301299
-1.1677103465350447
-1.1629890633260953
-1.158229870604046
-1.153434554121991
-1.1486028901041505
-1.1437331922164566
-1.1388284636493409
-1.133884052105211
-1.1289056824849195
-1.1238862416402042
-1.1188332597354382
-1.1137389038176306
-1.108610495159324
-1.1034412185932951
-1.0982371110589555
-1.0929924047237856
-1.0877123453269297
-1.0823917216316874
-1.0770354772846145
-1.0716384712930118
-1.0662058295762478
-1.060732000144802
-1.0552227700824173
-1.049671701010825
-1.0440857138506472
-1.0384570150430186
-1.0327932317572717
-1.0270874336763123
-1.021345405417966
-1.015562500594221
-1.00974190809273
-1.0038818137025283
-0.997982368031392
-0.9920450271081639
-0.9860664708771486
-0.9800517573673269
-0.973993961649216
-0.9678997337770376
-0.9617646467225379
-0.9555907321049903
-0.9493783958012499
-0.9431246578806711
-0.9368341559553272
-0.9305014831100209
-0.9241309465264844
-0.9177212482173707
-0.9112706365065549
-0.9047829586276949
-0.898253376706061
-0.8916855651732726
-0.8850793913189052
-0.8784315095862483
-0.8717463971088008
-0.8650211342878673
-0.8582560582663952
-0.8514536988367508
-0.8446099952319267
-0.8377278847221414
-0.8308084946215969
-0.8238471388737116
-0.8168483203233758
-0.8098121376529357
-0.8027342106902401
-0.7956191839656129
-0.7884669763331773
-0.7812733545252787
-0.7740427993753534
-0.7667753403258802
-0.7594672292927054
-0.7521220114558375
-0.7447401442336111
-0.7373190246357488
-0.7298602015372261
-0.7223650517873315
-0.7148324754051889
-0.707261301393801
-0.6996541935760994
-0.6920112602507658
-0.6843298058905483
-0.6766122678055281
-0.6688593939835906
-0.6610707841222839
-0.6532445508530456
-0.6453835454241006
-0.6374879356784638
-0.629556906130812
-0.621589789725987
-0.613588733775842
-0.6055539413469769
-0.5974847984829954
-0.5893806072165847
-0.5812434470391656
-0.5730735567917505
-0.5648710446146432
-0.5566341206265518
-0.5483653378101885
-0.5400649710606233
-0.5317333044836776
-0.5233694934691235
-0.5149741068786188
-0.5065484223080975
-0.4980927598757472
-0.48960744886474006
-0.4810914980554842
-0.4725461884674125
-0.4639723613548712
-0.45537038147510833
-0.4467406225696544
-0.4380825619633752
-0.4293969253245966
-0.4206847667435871
-0.411946494377765
-0.40318252504807284
-0.3943932275199273
-0.38557788695838185
-0.37673822753188685
-0.3678746988870572
-0.3589877588712704
-0.3500778734236566
-0.341145462799545
-0.33219010529336024
-0.3232133172146134
-0.31421559471197436
-0.30519744139376576
-0.2961593681841351
-0.28710189317339024
-0.27802510228741906
-0.26892966516779554
-0.25981648437611254
-0.2506861042010322
-0.24153907527823454
-0.23237595440900455
-0.223197304373729
-0.2140033989710787
-0.2047948791131285
-0.19557260857152126
-0.18633717137298994
-0.17708915653995144
-0.16782915787720667
-0.15855777375456717
-0.1492756068855087
-0.1399829339876662
-0.13068072944688858
-0.12136962494397364
-0.11205023780179002
-0.10272318855582042
-0.09338910071384067
-0.0840486005129958
-0.07470231667443972
-0.06535073528487435
-0.05599467088252989
-0.04663476912585769
-0.03727166597053355
-0.027905998633060147
-0.018538405335843198
-0.009169525051381529
0.00020000275421865315
0.009569612482321188
0.018939222210423722
0.028308831938523682
0.03767844166662621
0.04704805139472875
0.05641766112283128
0.06578727085093383
0.07515688057903377
0.0845264903071363
0.09389610003523885
0.10326570976334137
0.11263531949144134
0.12200492921954387
0.13137453894764642
0.14074414867574894
0.1501137584038489
0.15948336813195144
0.168852977860054
0.1782225875881565
0.18759219731625645
0.196961807044359
0.20633141677246153
0.21570102650056408
0.22507063622866402
0.23444024595676657
0.2438098556848691
0.25317946541297165
0.26254907514107156
0.27191868486917414
0.28128829459727667
0.2906579043253792
0.3000275140534817
0.3093971237815817
0.3187667335096842
0.32813634323778673
0.3375059529658893
0.3468755626939892
0.3562451724220918
0.36561478215019433
0.37498439187829685
0.3843540016063968
0.39372361133449935
0.40309322106260187
0.4124628307907044
0.42183244051880436
0.4312020502469069
0.44057165997500947
0.449941269703112
0.4593108794312119
0.4686804891593145
0.478050098887417
0.48741970861551953
0.49678931834361945
0.506158928071722
0.5155285377998245
0.5248981475279271
0.534267757256027
0.5436373669841296
0.5530069767122321
0.5623765864403346
0.5717461961684371
0.5811158058965371
0.5904854156246396
0.5998550253527422
0.6092246350808447
0.6185942448089446
0.6279638545370472
0.6373334642651497
0.6467030739932522
0.6560726837213522
0.6654422934494547
0.6748119031775572
0.6841815129056599
0.6935511226337597
0.7029207323618624
0.7122903420899649
0.7216599518180674
0.7310295615461674
0.7403991712742699
0.7497687810023724
0.759138390730475
0.7685080004585749
0.7778776101866774
0.78724721991478
0.7966168296428825
0.805986439370985
0.815356049099085
0.8247256588271875
0.83409526855529
0.8434648782833926
0.8528344880114925
0.862204097739595
0.8715737074676976
0.8809433171958002
0.8903129269239001
0.8996825366520027
0.9090521463801052
0.9184217561082078
0.9277913658363077
0.9371609755644102
0.9465305852925128
0.9559001950206153
0.9652698047487153
0.9746394144768178
0.9840090242049203
0.9933786339330228
1.0027482436611228
1.0121178533892254
1.0214874631173279
1.0308570728454305
1.0402266825735305
1.0495962923016329
1.0589659020297355
1.068335511757838
1.0777051214859406
1.0870747312140405
1.096444340942143
1.1058139506702456
1.115183560398348
1.124553170126448
1.1339227798545506
1.143292389582653
1.1526619993107556
1.1620316090388556
1.171401218766958
1.1807708284950607
1.1901404382231633
1.199510047951263
1.2088796576793657
1.2182492674074683
1.2276188771355707
1.2369884868636707
1.2463580965917733
1.2557277063198757
1.2650973160479784
1.2744669257760783
1.2838365355041808
1.2932061452322834
1.3025757549603858
1.3119453646884884
1.3213149744165884
1.3306845841446908
1.3400541938727935
1.3494238036008959
1.3587934133289958
