0.0
0.0009210196246693838
0.0018416533009196169
0.0027618961956573738
0.003681743496991079
0.0046011904141792315
0.005520232177577892
0.006438864038587346
0.007357081269597926
0.008274879163935054
0.009192253035803455
0.01010919822023063
0.011025710073009487
0.01194178397064028
0.012857415310271736
0.013772599509641485
0.014687332007015717
0.015601608261128155
0.01651542375111829
0.017428773976468945
0.018341654456943107
0.019254060732520145
0.02016598836333128
0.021077432929594478
0.02198839003154865
0.022898855289387218
0.023808824343191082
0.024718292852860934
0.02562725649804901
0.026535710978090186
0.027443652011932603
0.028351075338067563
0.02925797671445899
0.030164351918472283
0.03107019674680261
0.03197550701540272
0.03288027855941018
0.033784507233074114
0.03468818890968148
0.03559131948148274
0.03649389485961719
0.03739591097403771
0.03829736377343507
0.039198249225161824
0.04009856331515569
0.04099830204786255
0.04189746144615896
0.04279603755127431
0.04369402642271253
0.0445914241381734
0.04548822679347348
0.04638443050246665
0.047280031396964246
0.04817502562665491
0.04906940935902399
0.049963178779272664
0.050856330090236684
0.05174885951230475
0.052640763283336715
0.05353203765858133
0.05442267891059365
0.05531268332915233
0.05620204722117646
0.05709076691064219
0.05797883873849908
0.05886625906258616
0.059753024257547825
0.06063913071474923
0.061524574842191856
0.06240935306442838
0.06329346182247773
0.06417689493806171
0.06505963410188217
0.06594169271914141
0.06682306729279795
0.06770375434189019
0.06858375040144975
0.06946305202241494
0.07034165577154397
0.07121955823132788
0.07209675599990346
0.072973245690966
0.07384902393368184
0.07472408737260079
0.07559843266756852
0.07647205649363874
0.07734495554098515
0.07821712651481365
0.07908856613527399
0.07995927113737167
0.08082923827087958
0.08169846430024967
0.08256694600452437
0.0834346801772481
0.08430166362637874
0.08516789317419876
0.08603336565722675
0.08689807792612848
0.0877620268456281
0.08862520929441944
0.08948762216507695
0.09034926236396695
0.09121010375442153
0.09207015670278562
0.09292942719107035
0.09378791217810363
0.09464560863609794
0.09550251355056129
0.09635862392020798
0.09721393675686966
0.09806844908540614
0.09892215794361636
0.09977506038214934
0.10062715346441523
0.10147843426649636
0.10232889987705834
0.10317854739726122
0.10402737394067064
0.10487537663316913
0.1057225526128675
0.10656889903001612
0.10741441304691648
0.10825909183783265
0.10910293258890298
0.1099459324980518
0.11078808877490116
0.11162936436665727
0.11246978181317764
0.11330934669324148
0.11414805626142954
0.11498590778361345
0.11582289853686809
0.11665902580938366
0.11749428690037834
0.11832867912001066
0.11916219978929227
0.11999484624000069
0.1208266158145922
0.12165750586611505
0.12248751375812252
0.12331663686458637
0.1241448725698103
0.1249722182683435
0.12579867136489462
0.12662422927424558
0.12744888942116578
0.12827263953187665
0.1290954442807439
0.12991734294618387
0.13073833299174817
0.13155841189057751
0.13237757712531634
0.13319582618802814
0.13401315658011048
0.13482956581221056
0.1356450514041407
0.13645961088479422
0.13727324179206132
0.13808594167274538
0.1388977080824792
0.1397085385856415
0.1405184307552739
0.14132738217299767
0.14213539042893095
0.14294245312160608
0.14374852978661132
0.14455363323168507
0.14535778329466142
0.14616097760713379
0.1469632138087243
0.1477644895470023
0.1485648024774029
0.14936415026314587
0.15016253057515458
0.15095994109197539
0.15175637949969706
0.15255184349187054
0.15334633076942883
0.15413983904060724
0.15493236602086372
0.15572390943279946
0.15651446700607985
0.15730400266505676
0.1580925131576727
0.15888003037719753
0.1596665520814202
0.16045207603482273
0.1612366000085027
0.1620201217800954
0.16280263913369636
0.1635841498597842
0.1643646517551436
0.16514414262278868
0.16592262027188642
0.16670008251768048
0.1674765271814152
0.1682519520902598
0.16902635507723301
0.1697997033102895
0.170571980267573
0.1713432281767632
0.17211344489453737
0.17288262828306686
0.17365077620994324
0.1744178865481042
0.17518395717575988
0.1759489859763196
0.17671297083831858
0.17747590965534496
0.1782378003259673
0.17899864075366217
0.179758428846742
0.18051716251828295
0.18127483016614487
0.18203136663103664
0.18278684179185192
0.1835412535813189
0.1842945999365901
0.1850468787991721
0.18579808811485515
0.1865482258336435
0.1872972899096853
0.18804527830120332
0.1887921889704258
0.1895380198835173
0.19028276901051017
0.19102643432523614
0.19176901380525807
0.1925104659002968
0.1932507792132815
0.1939900000110409
0.19472812628696148
0.19546515603783784
0.1962010872638061
0.1969359179682773
0.19766964615787133
0.19840226984235082
0.1991337870345554
0.1998641957503363
0.2005934940084912
0.2013216798306993
0.20204875124145646
0.20277468023070097
0.20349942291613754
0.20422304466213187
0.2049455435056051
0.20566691748598787
0.20638716464515727
0.20710628302737383
0.2078242706792186
0.2085411256495309
0.20925684598934596
0.20997142975183308
0.2106848749922338
0.21139717976780042
0.21210834213773502
0.2128183102594645
0.21352708266206888
0.21423470625062224
0.21494117909351998
0.2156464992608158
0.21635066482416226
0.2170536738567509
0.21775552443325327
0.21845621462976175
0.21915574252373093
0.21985410619391904
0.2205513037203297
0.22124733318415385
0.2219421874840269
0.22263577118976455
0.22332818050751554
0.22401941352482035
0.22470946833013075
0.2253983430127528
0.22608603566279076
0.22677254437109098
0.227457867229186
0.22814200232923906
0.22882494776398865
0.22950670162669354
0.23018726201107778
0.23086662701127633
0.231544702755377
0.23222156253468762
0.2328972206651119
0.23357167524423061
0.23424492436977495
0.23491696613957344
0.23558779865149887
0.23625742000341568
0.2369258282931273
0.2375930216183242
0.23825899807653178
0.2389237557650586
0.23958729278094476
0.24024951192443728
0.2409104891432939
0.24157023945618003
0.24222876096104468
0.242886051755323
0.2435421099358862
0.24419693359899186
0.24485052084023393
0.24550286975449365
0.2461539784358902
0.2468038449777319
0.24745246747246738
0.2480998440116372
0.24874585678336436
0.24939061924389805
0.250034129524164
0.2506763857142233
0.25131738590299824
0.25195712817822546
0.2525956106264089
0.253232831332773
0.25386878838121685
0.2545034798542675
0.25513690383303456
0.25576905839716385
0.25639991079122215
0.2570294014296157
0.25765761641797763
0.2582845538324075
0.2589102117473247
0.25953458823542386
0.26015768136763073
0.26077948921305866
0.26140000983896455
0.26201924131070586
0.26263718169169725
0.2632538290433675
0.2638691814251173
0.2644831652283754
0.2650957994926493
0.26570713252046624
0.2663171623655814
0.2669258870795192
0.26753330471153236
0.2681394133085607
0.2687442109151903
0.2693476955736127
0.2699498653235848
0.2705507182023883
0.27115025224479006
0.2717484654830023
0.27234523794443416
0.2729406786927405
0.2735347923205468
0.27412757685247363
0.2747190303103999
0.27530915071342443
0.2758979360778279
0.2764853844170351
0.2770714937415768
0.277656262059053
0.27823968737409527
0.2788217676883299
0.27940246281191455
0.27998172031860785
0.2805596264474416
0.2811361791907965
0.28171137653787515
0.28228521647466664
0.2828576969839108
0.28342881604506337
0.2839985716342611
0.2845669617242873
0.28513398428453723
0.28569963728098396
0.2862639186761444
0.28682674762500443
0.2873881511123434
0.2879481765399232
0.28850682185937254
0.28906408501870656
0.2896199639622947
0.29017445663082847
0.2907275609612894
0.2912792748869171
0.291829596337178
0.292378523237734
0.2929260535104114
0.29347218507316986
0.2940168061352432
0.29456000413437794
0.2951017968694517
0.2956421822460572
0.2961811581657799
0.29671872252616815
0.2972548732207048
0.29778960813877803
0.2983229251656527
0.29885482218244225
0.29938529706608064
0.2999143476892943
0.30044197192057487
0.30096804266044197
0.3014926770132447
0.30201587831165483
0.3025376444104892
0.3030579731602055
0.30357686240687637
0.30409430999216347
0.3046103137532923
0.3051248715230268
0.3056379811296445
0.3061496403969116
0.3066598471440588
0.3071685991857571
0.3076757760134441
0.3081814811127549
0.30868572472486117
0.30918850464963005
0.3096898186822626
0.3101896646132711
0.31068804022845675
0.31118494330888813
0.31168037163087914
0.31217432296596764
0.3126667950808944
0.3131577857375826
0.3136472926931164
0.3141352305112544
0.31462163263558
0.3151065441484716
0.3155899627912694
0.3160718863003868
0.3165523124072928
0.31703123883849266
0.31750866331551003
0.317984583554869
0.31845899726807664
0.3189319021616053
0.319403295936876
0.3198731762902415
0.3203415282231132
0.3208082449705357
0.32127344124986795
0.3217371147409768
0.3221992631185933
0.32265988405229795
0.3231189752065058
0.3235765342404527
0.32403255880818127
0.32448704655852745
0.32493999513510713
0.3253914021763034
0.3258412653152542
0.32628958217983955
0.32673632235032735
0.32718141108756327
0.3276249463511597
0.3280669257519478
0.3285073468954567
0.32894620738190306
0.3293835048061815
0.329819236757855
0.3302534008211458
0.3306859945749264
0.3311170155927118
0.33154646144265076
0.3319743296875184
0.3324006178847089
0.3328253235862286
0.3332483286925617
0.3336697357114001
0.33408955286651776
0.3345077776925616
0.334924407718773
0.33533944046898273
0.3357528734616069
0.3361647042096431
0.3365749302206666
0.33698354899682736
0.3373905580348472
0.3377959548260174
0.33819973685619675
0.33860190160580994
0.3390024362911667
0.3394012354871094
0.3397984098767318
0.34019395692310966
0.3405878740838941
0.34098015881131255
0.3413708085521701
0.34175982074785155
0.34214719283432293
0.3425329222421346
0.34291700639642414
0.3432994427169198
0.3436802286179443
0.34405936150841926
0.3444368387918699
0.34481265786643067
0.3451867464926581
0.34555912184511073
0.34592983128430277
0.346298872191411
0.3466662419422647
0.34703193790735387
0.34739595745183743
0.34775829793555213
0.3481189567130218
0.34847793113346764
0.3488352185408182
0.3491908162737203
0.3495447216655501
0.34989693204442557
0.35024744473321795
0.3505962570495652
0.3509433408680273
0.351288629873832
0.3516322106321444
0.3519740804444832
0.3523142366072149
0.3526526764115696
0.3529893971436572
0.3533243960844841
0.3536576705099711
0.35398921769097064
0.35431903489328587
0.35464711937768933
0.35497346839994265
0.35529807921081646
0.3556209490561113
0.3559420751766786
0.3562614548084425
0.35657908518242243
0.35689488518794166
0.3572089008202223
0.3575211591426486
0.3578316573716499
0.3581403927188787
0.3584473623912358
0.35875256359089686
0.3590559935153392
0.35935764935736936
0.3596575283051508
0.35995562754223304
0.3602519442475805
0.3605464755956026
0.36083921875618413
0.36113017089471644
0.36141932917212916
0.3617066907449222
0.3619922527651995
0.36227601238070184
0.362557901276171
0.36283794795543634
0.3631161840181061
0.36339260659968864
0.36366721283151154
0.3639399998407592
0.36421096475051074
0.36448010467977854
0.3647474167435477
0.36501289805281595
0.36527654571463425
0.3655383568321482
0.36579832850464
0.3660564578275712
0.3663127418926259
0.36656717778775516
0.36681976259722127
0.3670704934016439
0.3673193672780455
0.36756638129989877
0.3678115325371741
0.36805479495497184
0.36829612308491116
0.36853558008692494
0.36877316302233754
0.3690088689492199
0.36924269492244105
0.3694746379937204
0.3697046952116811
0.36993286362190403
0.3701591402669825
0.37038352218657705
0.3706060064174724
0.37082658999363405
0.3710452699462659
0.3712620433038687
0.3714769070922993
0.37168985833483065
0.37190089405221255
0.372110011262733
0.37231720698228105
0.372522478224409
0.3727258220003971
0.3729272353193178
0.37312671518810137
0.3733242586116021
0.37351986259266545
0.3737134526681327
0.373905095588677
0.37409479064946954
0.37428253485073765
0.3744683251910401
0.3746521586673383
0.37483403227506873
0.37501394300821633
0.3751918878593884
0.37536786381988996
0.37554186787979893
0.37571389702804286
0.37588394825247673
0.3760520185399606
0.37621810487643925
0.3763822042470218
0.3765443136360625
0.3767044300272426
0.37686255040365246
0.37701867174787546
0.37717279104207174
0.3773249052680633
0.37747501140742
0.37762310644154684
0.3777691873517706
0.37791325111942936
0.37805529472596133
0.3781953151529953
0.3783333093824419
0.3784692743965854
0.37860320717817675
0.3787351047105276
0.3788649639776045
0.37899277655046154
0.37911850038675854
0.37924217764078866
0.3793638053043404
0.3794833803703243
0.3796008998328726
0.37971636068743947
0.3798297599309025
0.3799410945616651
0.3800503615797595
0.3801575579869509
0.3802626807868423
0.3803657269849805
0.38046669358896285
0.3805655776085449
0.3806623760557489
0.38075708594497315
0.3808497042931027
0.38094022811962036
0.3810286544467188
0.3811149802994139
0.38119920270565844
0.3812813186964572
0.38136132530598255
0.38143921957169136
0.3815149985344423
0.3815886592386145
0.3816601987322271
0.3817296140670592
0.38179690229877117
0.3818620604870271
0.3819250856956172
0.3819859749925822
0.3820447254503379
0.3821013341458009
0.38215579816051526
0.38220811458077997
0.3822582804977772
0.3823062930077019
0.38235214921189165
0.3823958462169577
0.3824373811349173
0.3824767510833262
0.38251395318541226
0.38254898457021064
0.3825818423726985
0.38261252373393206
0.3826410258011833
0.38266734572807853
0.3826914806747369
0.38271342780791073
0.38273318430112585
0.3827507473348234
0.382766114096502
0.38277928178086157
0.38279024758994684
0.38279900873329276
0.3828055624280703
0.382809905899233
0.3828120363796645
0.3828119511103271
0.3828096473404107
0.38280512232748287
0.38279837333763994
0.38278939764565834
0.38277819253514717
0.3827647552987015
0.3827490832380566
0.3827311736642425
0.38271102389773987
0.3826886312686365
0.38266399311678445
0.3826371067919582
0.38260796965401334
0.38257657907304604
0.3825429324295537
0.3825070271145956
0.38246886052995516
0.3824284300883023
0.3823857332133565
0.3823407673400513
0.3822935299146989
0.38224401839515526
0.38219223025098686
0.38213816296363723
0.38208181402659463
0.38202318094556015
0.3819622612386169
0.3818990524363995
0.3818335520822643
0.38176575773246046
0.3816956669563014
0.381623277336337
0.3815485864685265
0.38147159196241204
0.3813922914412926
0.38131068254239886
0.3812267629170681
0.38114053023092065
0.3810519821640359
0.38096111641112934
0.3808679306817302
0.38077242270035977
0.38067459020670963
0.38057443095582116
0.380471942718265
0.3803671232803216
0.3802599704441613
0.38015048202802637
0.38003865586641183
0.3799244898102479
0.3798079817270829
0.37968912950126577
0.37956793103412956
0.3794443842441757
0.3793184870672577
0.37919023745676633
0.37905963338381415
0.3789266510649776
0.3787912758792344
0.3786535392905952
0.3785134393443411
0.3783709741044812
0.3782261416539399
0.3780789400947449
0.3779293675482149
0.3777774221551478
0.37762310207600946
0.3774664054911222
0.3773073306008538
0.37714587562580654
0.3769820388070067
0.37681581840609385
0.37664721270551077
0.3764762200086929
0.37630283864025865
0.37612706694619924
0.37594890329406894
0.37576834607317516
0.37558539369476907
0.3754000445922356
0.3752122972212842
0.37502215006013895
0.3748296016097294
0.3746346503938804
0.3744372949595031
0.37423753387678516
0.37403536573938073
0.37383078916460116
0.3736238027936048
0.3734143598046311
0.3732024635068959
0.3729881525871342
0.372771425787747
0.3725522818760151
0.37233071964428793
0.37210673791017324
0.3718803355167256
0.3716515113326352
0.37142026425241637
0.37118659319659525
0.37095049711189804
0.370711974971438
0.3704710257749029
0.37022764854874146
0.36998184234635006
0.36973360624825824
0.3694829393623145
0.3692298408238715
0.36897430979597007
0.36871634546952425
0.3684559470635042
0.3681931138251196
0.36792781948917985
0.36766000774874025
0.3673897582895401
0.3671170704794477
0.3668419437155626
0.3665643774243949
0.3662843710620439
0.36600192411437676
0.3657170360972055
0.365429706556464
0.3651399350683838
0.36484772123966946
0.36455306470767285
0.36425596514056696
0.3639564222375185
0.36365443572886014
0.36335000537626133
0.3630431309728986
0.3627338123436249
0.36242204934513783
0.3621077387235425
0.36179096390923604
0.3614717438051895
0.3611500784046749
0.3608259677337169
0.36049941185125445
0.3601704108493019
0.35983896485310884
0.3595050740213188
0.3591687385461269
0.3588299586534364
0.35848873460301345
0.3581450666886416
0.3577989552382743
0.35745040061418676
0.3570994032131258
0.3567459634664592
0.35638997755248625
0.3560315195813956
0.3556706202057621
0.3553072800057493
0.35494149959693977
0.3545732796304757
0.3542026207931974
0.35382952380778104
0.3534539894328741
0.35307601846323006
0.3526956117298412
0.3523127701000697
0.3519274944777779
0.3515397858034558
0.35114964505434826
0.35075703317163603
0.3503618869543718
0.3499643113762567
0.34956430757268636
0.3491618767164836
0.3487570200180139
0.3483497387253001
0.3479400341241339
0.3475279075381865
0.347113360329118
0.3466963938966833
0.3462770096788378
0.3458552091518403
0.34543099383035425
0.3450043652675472
0.3445751856662165
0.34414358324444544
0.3437095721708531
0.3432731541643809
0.342834330982995
0.3423931044237729
0.341949476322988
0.34150344855619236
0.34105502303829727
0.34060420172365186
0.3401509866061192
0.33969537971915076
0.33923738313585866
0.33877693323885616
0.3383140058456389
0.3378486950392678
0.3373810030636127
0.3369109322025732
0.3364384847801365
0.33596366316043313
0.33548646974779034
0.3350069069867836
0.3345249773622854
0.33404068339951215
0.33355402766406855
0.33306501276198897
0.3325735466814998
0.33207965945817397
0.3315834210892171
0.3310848343546673
0.33058390207519467
0.33008062711212816
0.32957501236747977
0.3290670607839664
0.3285567753450293
0.32804415907485085
0.3275292150383695
0.3270119463412914
0.3264923097323287
0.32597023648893464
0.3254458482346616
0.3249191482505428
0.32439013985841525
0.32385882642091596
0.3233252113414746
0.32278929806430495
0.32225109007439295
0.32171059089748194
0.3211678041000564
0.32062273328932206
0.32007531523361626
0.3195255212485384
0.31897345453452347
0.31841911887370883
0.3178625180888153
0.31730365604311184
0.3167425366403759
0.3161791638248521
0.31561354158120886
0.3150456739344909
0.3144755649500704
0.31390321873359495
0.3133284957438981
0.31275152132074435
0.3121723225737389
0.31159090378128207
0.31100726926173416
0.3104214233733462
0.30983337051418897
0.3092431151220783
0.30865066167449895
0.3080560146885244
0.30745917872073547
0.306860059686355
0.30625869414796025
0.30565515400199417
0.3050494439741952
0.3044415688293281
0.30383153337108604
0.30321934244198856
0.3026050009232776
0.3019885137348106
0.30136988583495133
0.30074912222045824
0.3001261390319676
0.2995009555624804
0.29887365218160755
0.29824423405014305
0.2976127063666326
0.29697907436724547
0.2963433433256435
0.2957055185528474
0.2950656053971012
0.2944236092437336
0.2937795355150169
0.2931332842923639
0.29248491117141834
0.2918344776570293
0.29118198932889006
0.29052745180283784
0.2898708707306974
0.28921225180012083
0.28855160073442704
0.2878889232924372
0.2872242252683087
0.2865575124913663
0.2858886513162663
0.28521776991978426
0.28454489226780294
0.2838700243390218
0.2831931721463588
0.2825143417367669
0.28183353919104814
0.28115077062366567
0.2804660421825537
0.27977936004892484
0.279090700042248
0.27839997641871883
0.27770731873212545
0.27701273330454745
0.27631622649026694
0.2756178046755627
0.27491747427850205
0.27421524174873063
0.2735111135672602
0.2728050962462542
0.2720971963288115
0.2713873386210669
0.270675546096741
0.2699618917666692
0.26924638230430153
0.26852902441282156
0.2678098248249183
0.26708879030255545
0.2663659276367398
0.26564124364728725
0.26491474518258706
0.2641864391193647
0.26345620297198297
0.26272416167412516
0.2619903346334624
0.2612547288454499
0.2605173513325667
0.25977820914406746
0.2590373093557333
0.2582946590696207
0.257550265413809
0.25680413554214704
0.2560562439729126
0.2553065283852516
0.254555099315437
0.25380196402461913
0.25304712979831856
0.2522906039461643
0.25153239380162923
0.2507725067217646
0.25001095008693414
0.24924773130054584
0.24848285778878393
0.2477162728648156
0.24694798496811915
0.24617806593694133
0.24540652329147852
0.2446333645732283
0.24385859734471385
0.2430822291892073
0.24230426771045202
0.24152472053238408
0.24074359529885292
0.23996089967334136
0.23917656299755677
0.2383906303386593
0.23760315161747034
0.23681413457758432
0.23602358698069822
0.2352315166063272
0.23443793125151804
0.2336428387305632
0.23284624687471434
0.23204816353189428
0.23124859656641003
0.2304474809963025
0.2296448594231316
0.22884077917289164
0.22803524817567933
0.22722827437640927
0.22641986573452327
0.22561003022369916
0.22479877583155983
0.22398611055938186
0.22317204242180386
0.22235657944653456
0.2215396831192723
0.22072135206163163
0.21990165160213576
0.21908058981973547
0.2182581748048711
0.21743441465918026
0.21660931749520515
0.21578289143610055
0.21495514461534132
0.21412608517643036
0.21329572127260651
0.21246406106655255
0.21163101915518345
0.21079669813958918
0.20996110664834305
0.20912425287950598
0.20828614503900916
0.2074467913403644
0.20660620000437396
0.20576437925884092
0.20492133733828027
0.2040770824836306
0.20323162294196534
0.20238494809794264
0.20153701965761872
0.20068791258319404
0.19983763514271533
0.19898619560881783
0.1981336022584409
0.19727986337254397
0.1964249872358234
0.1955689821364301
0.1947118563656875
0.19385361821781044
0.19299427598962504
0.1921338341542733
0.19127223385617234
0.1904095556377868
0.1895458078016383
0.18868099865136329
0.18781513649143836
0.18694822962690624
0.18608028636310317
0.18521131500538704
0.18434132385886648
0.1834703212281312
0.18259831541698338
0.18172531472816936
0.18085130239613956
0.1799762723460506
0.17910027353617736
0.17822331425914553
0.17734540280510439
0.17646654746146737
0.17558675651265254
0.17470603823982517
0.1738244009206411
0.17294185282899138
0.1720584022347487
0.17117405740351455
0.17028882659636776
0.16940271294335993
0.16851568009406773
0.16762778718815988
0.16673904246173415
0.16584945414504065
0.16495903046223978
0.16406777963116168
0.16317570986306695
0.16228282936240854
0.16138914632659562
0.16049466894575878
0.1595994054025168
0.15870336387174447
0.15780655252034295
0.15690897934094483
0.15601060790315913
0.15511149218944179
0.15421164032702353
0.15331106043395684
0.15240976061889674
0.15150774898088237
0.15060503360912078
0.14970162258277175
0.1487975239707354
0.14789274583144
0.14698729621263293
0.14608118315117233
0.14517441467282075
0.1442669987920409
0.14335894351179257
0.14245022637005234
0.1415408821771292
0.14063092351913972
0.13972035834448782
0.13880919458902513
0.1378974401758598
0.13698510301516786
0.13607219100400417
0.13515871202611768
0.13424467395176726
0.13333008463753931
0.13241495192616773
0.13149928364635513
0.13058308761259646
0.12966637162500422
0.12874914346913527
0.12783140294576903
0.12691314883749186
0.1259944067139021
0.12507518429328798
0.12415548927849894
0.12323532935678574
0.12231471219964077
0.12139364546264195
0.12047213678529711
0.11955019379089112
0.11862782408633443
0.11770503526201377
0.11678183489164458
0.11585823053212592
0.11493422972339616
0.11400983998829148
0.11308506883240606
0.1121599237439545
0.11123441219363478
0.11030853051656989
0.10938229306249865
0.10845571219280713
0.10752879529880471
0.1066015497536051
0.10567398291200213
0.10474610211034834
0.10381791466643532
0.10288942787937477
0.101960649029484
0.10103158537817013
0.10010224416781847
0.09917263262168217
0.09824275794377339
0.09731262731875696
0.09638224791184552
0.09545162686869632
0.09452077131531025
0.09358968835793326
0.09265838508295812
0.09172686855682981
0.0907951458259514
0.0898632182149462
0.08893109736433473
0.08799879189008691
0.08706630874919268
0.08613365487815096
0.08520083719288861
0.08426786258867985
0.08333473794006861
0.08240147010079199
0.08146806590370585
0.08053453216071219
0.07960087566268824
0.07866710317941711
0.0777332214595207
0.07679923723039399
0.07586515719814102
0.07493098804751322
0.07399673644184869
0.07306240902301372
0.07212801241134591
0.07119355320559917
0.07025903798289017
0.06932447329864623
0.06838986568655592
0.06745522165852029
0.06652054770460687
0.0655858502930032
0.06465113586997508
0.06371641081872156
0.06278168174449197
0.06184695519992565
0.060912237534966475
0.05997753507745611
0.05904285413310189
0.058108200985444475
0.05717358189582932
0.0562390031033778
0.055304470824961
0.05436999125517443
0.053435570566315045
0.05250121490835918
0.05156693040894183
0.05063272317333836
0.04969859928444694
0.04876456480277255
0.04783062576641276
0.04689678819104489
0.04596305806991443
0.045029441373825446
0.044095944051131646
0.04316257202772954
0.042229331207052745
0.04129622747006756
0.04036326667527063
0.039430454658686914
0.03849779723387004
0.037565300191903434
0.03663296930140287
0.03570081030852067
0.03476882893695121
0.03383703088793732
0.03290542184027817
0.03197400745033875
0.031042793352060893
0.03011178515697427
0.029180988454210167
0.028250408810515694
0.02732005177026924
0.026389922855497728
0.02546002756589454
0.024530371378838744
0.023600959749415833
0.022671798110439387
0.021742891872473538
0.020814246423857864
0.01988586713073164
0.01895775933706121
0.01802992836466648
0.01710237951325034
0.016175118060427866
0.015248149261757717
0.014321478350773052
0.013395110539015799
0.012469051016069727
0.01154330494959577
0.01061787748536853
0.009692773747312883
0.0087679988375429
0.007843557836400434
0.006919455802495465
0.005995697772747429
0.005072288762426961
0.004149233765199928
0.0032265377531703393
0.00230420567692619
0.0013822424655850242
0.00046065302684053
-0.0004605577529889622
-0.0013813850089124903
-0.002301823897216941
-0.003221869595416188
-0.004141517302199914
-0.005060762237382298
-0.005979599641848033
-0.006898024777499597
-0.007816032927201524
-0.008733619394725958
-0.009650779504696078
-0.010567508602529302
-0.011483802054379728
-0.01239965524707905
-0.013315063588078055
-0.014230022505386115
-0.015144527447510799
-0.016058573883396796
-0.016972157302362754
-0.01788527321403975
-0.0187979171483069
-0.019710084655227708
-0.020621771304984715
-0.021532972687814893
-0.02244368441394249
-0.023353902113513323
-0.02426362143652647
-0.025172838052767044
-0.026081547651737327
-0.0269897459425875
-0.027897428654046062
-0.028804591534349572
-0.02971123035117148
-0.03061734089155107
-0.03152291896182139
-0.03242796038753679
-0.033332461013399754
-0.034236416703187604
-0.035139823339678314
-0.03604267682457606
-0.0369449730784365
-0.03784670804059114
-0.03874787766907082
-0.0396484779405303
-0.0405485048501712
-0.04144795441166436
-0.042346822657072535
-0.0432451056367723
-0.04414279941937522
-0.045039900091649425
-0.04593640375844008
-0.04683230654258977
-0.04772760458485865
-0.04862229404384373
-0.0495163710958984
-0.05040983193505131
-0.05130267277292484
-0.05219488983865361
-0.05308647937880226
-0.05397743765728296
-0.05486776095527285
-0.05575744557113137
-0.05664648782031652
-0.05753488403530154
-0.05842263056549131
-0.05930972377713805
-0.060196160053257244
-0.06108193579354256
-0.06196704741428196
-0.0628514913482717
-0.0637352640447319
-0.06461834936909638
-0.0655007486977747
-0.0663824657293557
-0.0672634969748488
-0.06814383896129954
-0.06902348823170379
-0.06990244134492074
-0.07078069487558598
-0.07165824541402437
-0.07253508956616246
-0.07341122395344231
-0.07428664521273294
-0.07516134999624306
-0.07603533497143324
-0.07690859682092825
-0.07778113224242894
-0.07865293794862405
-0.0795240106671023
-0.080394347140264
-0.0812639441252325
-0.08213279839376611
-0.08300090673216941
-0.0838682659412045
-0.0847348728360027
-0.08560072424597559
-0.08646581701472648
-0.08733014799996139
-0.08819371407340057
-0.08905651212068906
-0.08991853904130849
-0.09077978481175762
-0.09164022784551483
-0.0924998899448258
-0.09335876806179264
-0.09421685916194686
-0.09507416022415961
-0.09593066824055345
-0.09678638021641238
-0.0976412931700932
-0.09849540413293638
-0.09934871014917718
-0.10020120827585627
-0.10105289558273096
-0.10190376915218637
-0.10275382607914635
-0.10360306347098487
-0.10445147844743738
-0.1052990681405111
-0.10614582969439801
-0.10699176026538514
-0.10783685702176617
-0.10868111714375339
-0.10952453782338924
-0.11036711626445785
-0.11120883679202823
-0.1120496794886922
-0.11288967099587095
-0.11372880856246646
-0.11456708944871631
-0.11540451092610439
-0.11624107027727444
-0.11707676479594152
-0.11791159178680478
-0.1187455485654604
-0.11957863245831375
-0.12041084080249265
-0.12124217094576019
-0.12207262024642797
-0.12290218607326939
-0.12373086580543294
-0.12455865683235592
-0.12538555655367783
-0.12621156237915496
-0.12703667172857355
-0.1278608820316644
-0.12868415500783362
-0.12950650703264588
-0.13032795170460276
-0.13114848649206098
-0.13196810887292382
-0.13278681633455586
-0.1336046063736981
-0.13442147649638364
-0.13523742421785268
-0.13605244706246866
-0.13686654256363368
-0.13767970826370507
-0.13849194171391135
-0.13930324047426865
-0.14011360211349766
-0.1409230242089401
-0.14173150434647597
-0.14253904012044108
-0.14334562128813047
-0.14415120053356897
-0.14495582758414985
-0.1457595000674213
-0.14656221561900143
-0.14736397188249598
-0.14816476650941737
-0.14896459715910335
-0.14976346149863543
-0.15056135720275854
-0.15135828195380047
-0.15215423344159096
-0.1529492093633819
-0.1537432074237676
-0.15453622533460448
-0.15532826081493206
-0.15611931159089348
-0.15690937539565675
-0.15769838193009916
-0.15848639606686737
-0.15927341580859733
-0.16005943891643437
-0.16084446315817802
-0.16162848630820437
-0.16241150614738847
-0.16319352046302707
-0.16397452704876145
-0.16475452370450064
-0.16553350823634463
-0.16631147845650834
-0.16708843218324512
-0.16786436724077128
-0.16863928145919024
-0.16941317267441708
-0.17018597028576848
-0.170957732987267
-0.17172846556831936
-0.17249816588835934
-0.17326683181227745
-0.1740344612103476
-0.17480105195815304
-0.1755666019365125
-0.1763311090314074
-0.17709457113390858
-0.1778569861401034
-0.17861835195102355
-0.17937866647257247
-0.1801379276154533
-0.1808961332950976
-0.18165323093222094
-0.18240923700376274
-0.1831641807370347
-0.18391806006698588
-0.18467087293295475
-0.18542261727859846
-0.18617329105182306
-0.1869228922047134
-0.18767141869346352
-0.18841886847830755
-0.18916523952345055
-0.18991052979699968
-0.1906547372708953
-0.1913978599208434
-0.1921398957262468
-0.1928807589956438
-0.19362052630205823
-0.1943592000895103
-0.19509677835309916
-0.19583325909129823
-0.19656864030588944
-0.19730292000189661
-0.19803609618751922
-0.1987681668740665
-0.19949913007589212
-0.20022898381032872
-0.20095772609762286
-0.20168535496086995
-0.20241186842595024
-0.20313719156805726
-0.20386137402931684
-0.20458443456927722
-0.20530637122612194
-0.20602718204051293
-0.2067468650555269
-0.20746541831659235
-0.20818283987142727
-0.20889912776997674
-0.20961428006435073
-0.21032829480876225
-0.21104117005946607
-0.21175290387469695
-0.21246349385698768
-0.2131728399417312
-0.2138810381788667
-0.21458808663593776
-0.21529398338217645
-0.21599872648844345
-0.21670231402716816
-0.21740474407228952
-0.21810601469919688
-0.21880612398467109
-0.2195050700068257
-0.22020285084504906
-0.22089946457994566
-0.22159490929327869
-0.22228912601582812
-0.22298212276668908
-0.22367394417321615
-0.22436458832341252
-0.22505405330616426
-0.22574233721118353
-0.22642943812895266
-0.227115354150668
-0.22780008336818436
-0.22848362387395962
-0.22916597376099915
-0.22984713112280122
-0.23052709405330224
-0.23120582284194954
-0.2318832827322345
-0.23255954192491576
-0.23323459851747907
-0.2339084506075869
-0.23458109629302568
-0.23525253367165286
-0.23592276084134353
-0.23659177589993813
-0.23725957694519015
-0.23792616207471406
-0.2385915293859333
-0.23925567697602845
-0.2399185638195327
-0.2405801537782523
-0.24124051778184993
-0.24189965392851256
-0.24255756031593873
-0.24321423504128778
-0.2438696762011303
-0.24452388189139826
-0.2451768502073355
-0.2458285792434483
-0.24647906709345652
-0.24712831185024478
-0.24777631160581345
-0.24842300658205316
-0.24906839441683667
-0.2497125310259095
-0.2503554144998845
-0.25099704292825936
-0.2516374143993694
-0.2522765270003406
-0.252914378817043
-0.25355096793404425
-0.25418629243456314
-0.2548203504004237
-0.25545313991200935
-0.2560846590482173
-0.2567148154464935
-0.25734366850025553
-0.2579712449422429
-0.2585975428477208
-0.2592225602902516
-0.25984629534165116
-0.26046874607194437
-0.2610899105493219
-0.26170978684009627
-0.26232837300865885
-0.26294566711743683
-0.2635616672268502
-0.26417636074016887
-0.264789644893515
-0.26540162878270324
-0.26601231046258833
-0.26662168798581526
-0.2672297594027777
-0.2678365227615772
-0.26844197610798165
-0.26904611748538493
-0.26964894493476627
-0.27025045649465007
-0.27085065020106575
-0.27144952408750744
-0.27204702051665913
-0.2726431240852946
-0.2732379015201036
-0.27383135084706295
-0.2744234700894275
-0.27501425726769074
-0.27560371039954734
-0.2761918274998546
-0.276778606580595
-0.2773640456508386
-0.2779481427167058
-0.2785308957813301
-0.2791123028448217
-0.27969226036214057
-0.2802708424306592
-0.28084807211790375
-0.28142394741467025
-0.281998466308559
-0.28257162678393877
-0.2831434268219118
-0.28371386440027857
-0.28428293749350353
-0.28485064407268024
-0.2854169821054971
-0.28598194955620343
-0.28654552974806147
-0.2871076214982607
-0.287668336211542
-0.288227671841328
-0.28878562633744487
-0.28934219764608893
-0.2898973837097947
-0.29045118246740237
-0.2910035918540267
-0.2915546098010248
-0.29210423423596454
-0.2926524630825938
-0.29319929426080965
-0.2937446808150666
-0.2942885806620734
-0.29483107629072924
-0.2953721656086195
-0.29591184651933694
-0.29645011692245227
-0.2969869747134847
-0.2975224177838731
-0.2980564440209478
-0.29858905130790125
-0.29912023752376077
-0.29965000054336005
-0.30017833823731144
-0.3007051887578276
-0.3012305388347378
-0.3017544569282207
-0.3022769408952628
-0.3027979885885046
-0.3033175978562141
-0.30383576654226196
-0.304352492486095
-0.304867773522711
-0.3053816074826338
-0.30589399219188834
-0.3064049254719761
-0.306914405139851
-0.30742237609235823
-0.3079288111116734
-0.30843378574210784
-0.30893729778585305
-0.3094393450404462
-0.30993992529874653
-0.31043903634891373
-0.31093667597438535
-0.3114328419538553
-0.3119275320612521
-0.31242074406571785
-0.3129124757315869
-0.3134027248183657
-0.3138914711742929
-0.3143786177588721
-0.3148642748595061
-0.3153484402199907
-0.3158311115792052
-0.31631228667109307
-0.3167919632246437
-0.31727013896387396
-0.3177468116078098
-0.31822197887046894
-0.3186956384608433
-0.31916778808288176
-0.31963842543547316
-0.32010754821243004
-0.32057507651052763
-0.3210410333136012
-0.32150546848915906
-0.3219683797145019
-0.3224297646617874
-0.32288962099801516
-0.3233479463850123
-0.3238047384794198
-0.32425999493267854
-0.3247137133910162
-0.3251658914954339
-0.3256165268816936
-0.3260656171803057
-0.3265131600165171
-0.32695906075403386
-0.32740337305276523
-0.3278461306839347
-0.3282873312557238
-0.3287269723710068
-0.3291650516273404
-0.3296015666169546
-0.3300365149267431
-0.3304698941382544
-0.3309017018276833
-0.33133193556586255
-0.3317605929182551
-0.33218767144494643
-0.33261316870063773
-0.3330370297531931
-0.33345923078107237
-0.3338798431758818
-0.3342988644749695
-0.33471629221028004
-0.33513212390835007
-0.33554635709030356
-0.3359589892718478
-0.3363700179632697
-0.33677944066943233
-0.33718725488977175
-0.3375934581182948
-0.337998047843577
-0.33840102154875984
-0.33880237671155083
-0.3392020388315822
-0.33960002594114136
-0.33999638697659607
-0.34039111939830974
-0.34078422066122166
-0.34117568821484784
-0.34156551950328295
-0.34195371196520213
-0.3423402630338632
-0.34272517013710985
-0.3431084306973744
-0.3434900421316818
-0.3438700018516537
-0.34424830726351296
-0.3446249557680886
-0.34499993491587727
-0.3453731422445746
-0.34574468496741534
-0.3461145604682528
-0.34648276612558887
-0.34684929931258257
-0.3472141573970569
-0.3475773377415087
-0.347938837703117
-0.3482986546337532
-0.34865678587999066
-0.3490132287831158
-0.34936798067913877
-0.3497210388988048
-0.3500724007676072
-0.35042206360579886
-0.35077002472840596
-0.35111619873341277
-0.35146063395245886
-0.351803359575417
-0.35214437290122785
-0.35248367122368773
-0.3528212518314645
-0.35315711200811417
-0.3534912490320982
-0.35382366017680095
-0.3541543427105478
-0.35448329389662425
-0.35481051099329486
-0.35513599125382317
-0.35545973192649216
-0.3557817302546253
-0.3561019834766075
-0.3564204888259077
-0.35673721924915924
-0.3570521124940279
-0.357365249819028
-0.35767662844298737
-0.3579862455799435
-0.3582940984391697
-0.3586001842252011
-0.3589045001378608
-0.35920704337228704
-0.35950781111896146
-0.3598068005637369
-0.36010400888786653
-0.36039943326803364
-0.3606930708763814
-0.36098491888054407
-0.36127497444367795
-0.36156323472449386
-0.36184969687728963
-0.3621343580519832
-0.3624171998493165
-0.36269815076401163
-0.3629772924927779
-0.3632546221732276
-0.36353013693877423
-0.36380383391866905
-0.3640757102380389
-0.3643457630179246
-0.36461398937532014
-0.36488038642321174
-0.3651449512706187
-0.3654076810226341
-0.3656685727804665
-0.3659276236414824
-0.3661848306992492
-0.36644019104357883
-0.3666937017605725
-0.36694535993266536
-0.36719516263867263
-0.36744310695383603
-0.367689189949871
-0.3679334086950149
-0.3681756927273934
-0.36841608566049905
-0.3686546059967512
-0.36889125079584123
-0.3691260171142325
-0.36935890200521254
-0.369589902518946
-0.36981901570252834
-0.3700462386000395
-0.37027156825259944
-0.37049500169842386
-0.3707165359728806
-0.3709361681085472
-0.37115389513526853
-0.371369714080216
-0.37158362196794703
-0.3717956158204653
-0.3720056926572819
-0.37221384949547753
-0.372420083349765
-0.3726243912325525
-0.3728267701540082
-0.37302721712212544
-0.37322572914278795
-0.37342230321983727
-0.3736169016974087
-0.37380951742345514
-0.37400018678898805
-0.37418890679509587
-0.3743756744411628
-0.37456048672494
-0.3747433406426173
-0.374924233188896
-0.37510316135706306
-0.37528012213906525
-0.37545511252558444
-0.3756281295061138
-0.37579917006903485
-0.37596823120169526
-0.3761353098904876
-0.3763004031209286
-0.3764635078777399
-0.376624621144929
-0.37678373990587144
-0.3769408611433934
-0.3770959818398561
-0.37724909897724
-0.3774002095372303
-0.3775493105013034
-0.37769639885081424
-0.37784147156708414
-0.3779845256314899
-0.37812555802555375
-0.37826456573103406
-0.37840154573001655
-0.3785364950050073
-0.37866941053902575
-0.37880028931569915
-0.3789291283193574
-0.379055894103339
-0.37918059502459533
-0.3793032478593448
-0.3794238495999248
-0.3795423972398442
-0.3796588877738834
-0.3797733181981957
-0.3798856855104087
-0.37999598670972734
-0.3801042187970372
-0.38021037877500924
-0.38031446364820504
-0.3804164704231833
-0.380516396108607
-0.38061423771535124
-0.38070999225661273
-0.3808036567480193
-0.3808952282077408
-0.380984703656601
-0.3810720801181899
-0.38115735461897754
-0.38124052418842835
-0.38132158585911635
-0.3814005366668415
-0.38147737365074674
-0.38155209385343625
-0.38162469432109414
-0.3816951721036043
-0.3817635242546714
-0.3818297478319424
-0.3818938398971289
-0.38195579751613085
-0.3820156177591609
-0.3820732977008694
-0.3821288344204709
-0.3821822250018709
-0.38223346653379386
-0.38228255610991213
-0.3823294908289756
-0.3823742677949423
-0.38241688411711
-0.38245733691024836
-0.3824956232947326
-0.38253174039667726
-0.38256568534807145
-0.3825974552869149
-0.38262704735735437
-0.3826544587098218
-0.3826796865011724
-0.38270272789482446
-0.3827235800608993
-0.3827422401763627
-0.38275870542516677
-0.38277297299839275
-0.3827850400943948
-0.3827949039189447
-0.38280256168537713
-0.3828080106147359
-0.38281124793592114
-0.38281227088583714
-0.38281107670954134
-0.3828076626603938
-0.38280202600020746
-0.3827941639993997
-0.38278407393714414
-0.3827717531015237
-0.3827571987896843
-0.382740408307989
-0.38272137897217373
-0.3827001081075032
-0.3826765930489276
-0.3826508311412403
-0.3826228197392365
-0.382592556207872
-0.3825600379224237
-0.38252526226864964
-0.38248822664295085
-0.3824489284525337
-0.3824073651155724
-0.3823635340613729
-0.3823174327305375
-0.38226905857512944
-0.38221840905883925
-0.382165481657151
-0.38211027385750945
-0.3820527831594883
-0.3819930070749586
-0.38193094312825787
-0.3818665888563602
-0.3817999418090471
-0.38173099954907824
-0.3816597596523637
-0.3815862197081365
-0.3815103773191255
-0.3814322301017296
-0.38135177568619166
-0.38126901171677363
-0.3811839358519325
-0.38109654576449586
-0.381006839141839
-0.3809148136860622
-0.38082046711416834
-0.38072379715824145
-0.3806248015656256
-0.38052347809910436
-0.3804198245370806
-0.38031383867375723
-0.38020551831931787
-0.3800948613001083
-0.3799818654588184
-0.37986652865466464
-0.3797488487635728
-0.37962882367836076
-0.3795064513089228
-0.37938172958241345
-0.37925465644343165
-0.37912522985420594
-0.3789934477947796
-0.3788592585245716
-0.37872270288288346
-0.37858378485861055
-0.3784425025063747
-0.378298853899619
-0.3781528371307961
-0.3780044503115557
-0.3778536915729325
-0.377700559065535
-0.3775450509597335
-0.3773871654458495
-0.37722690073434434
-0.3770642550560086
-0.3768992266621516
-0.37673181382479065
-0.3765620148368412
-0.3763898280123065
-0.37621525168646763
-0.3760382842160734
-0.3758589239795309
-0.37567716937709567
-0.37549301883106195
-0.37530647078595314
-0.3751175237087122
-0.374926176088892
-0.37473242643884624
-0.37453627329391886
-0.3743377152126356
-0.3741367507768935
-0.37393337859215164
-0.373727597287621
-0.37351940286999485
-0.37330871340395033
-0.3730956099539492
-0.3728800912500241
-0.37266215604699204
-0.3724418031246446
-0.37221903128793676
-0.37199383936717595
-0.3717662262182111
-0.37153619072262084
-0.371303731787902
-0.37106884834765724
-0.37083153936178287
-0.3705918038166562
-0.37034964072532195
-0.3701050491276795
-0.36985802809066864
-0.3696085767084552
-0.36935669410261657
-0.36910237942232643
-0.3688456318445394
-0.36858645057417444
-0.3683248348442988
-0.36806078391631036
-0.36779421829316
-0.36752518777417653
-0.3672537192167239
-0.36697981200326385
-0.36670346554557853
-0.36642467928495037
-0.3661434526923405
-0.36585978526856633
-0.36557367654447875
-0.3652851260811385
-0.3649941334699918
-0.364700698333045
-0.364404820323039
-0.36410649912362225
-0.36380573444952274
-0.36350252604672023
-0.3631968736926166
-0.36288877719620544
-0.3625782363982409
-0.3622652091580614
-0.3619496569759115
-0.36163165951961657
-0.36131121676613376
-0.360988328725091
-0.36066299543895
-0.36033521698316723
-0.36000499346635484
-0.35967232503043944
-0.35933721185082107
-0.3589996541365292
-0.3586596521303792
-0.3583172061091268
-0.3579723163836215
-0.35762498329895864
-0.35727520723463063
-0.35692298860467636
-0.35656829083967695
-0.3562110537773894
-0.35585137503371506
-0.3554892551711611
-0.35512469478758285
-0.35475769451632544
-0.3543882550263627
-0.35401637702243577
-0.35364206124518976
-0.35326530847130827
-0.3528861195136476
-0.35250449522136895
-0.3521204364800683
-0.3517339442119058
-0.35134501937573337
-0.35095366296721986
-0.3505597638026139
-0.35016340276533436
-0.34976461293023065
-0.34936339545139744
-0.3489597515204146
-0.34855368236646217
-0.3481451892564332
-0.34773427349504565
-0.3473209364249519
-0.3469051794268457
-0.3464870039195696
-0.3460664113602178
-0.345643403244239
-0.34521798110553603
-0.34479008310614884
-0.34435968564272046
-0.34392687868260663
-0.3434916639252697
-0.3430540431091525
-0.34261401801176605
-0.34217159044977535
-0.341726762279083
-0.3412795353949107
-0.340829911731879
-0.3403778932640844
-0.3399234820051753
-0.3394666800084246
-0.3390074893668008
-0.33854576760757166
-0.3380816482297933
-0.33761514655579583
-0.337146264849457
-0.3366750054147129
-0.33620137059561556
-0.3357253627763872
-0.335246984381473
-0.334766237875591
-0.33428312576378
-0.3337976505914451
-0.33330981494440076
-0.33281960775589237
-0.3323268971352069
-0.33183183399409916
-0.3313344210923023
-0.33083466123016675
-0.3303325572486889
-0.32982811202953627
-0.329321328495071
-0.3288122096083696
-0.328300758373242
-0.32778697783424715
-0.3272708710767057
-0.3267524412267117
-0.3262315626904623
-0.3257083315340499
-0.3251827870021745
-0.3246549323962716
-0.3241247710585788
-0.32359230637213054
-0.32305754176074974
-0.3225204806890379
-0.3219811266623617
-0.3214394832268373
-0.32089555396931246
-0.3203493425173454
-0.31980070256699183
-0.31924977174721625
-0.31869657008449703
-0.31814110138126767
-0.31758336948052784
-0.3170233782658057
-0.31646113166111767
-0.31589663363092607
-0.31532988818009317
-0.314760899353834
-0.314189671237665
-0.3136161475079736
-0.3130402868386401
-0.31246219972126044
-0.31188189041423015
-0.31129936321593793
-0.3107146224646982
-0.31012767253868095
-0.30953851785583886
-0.30894716287383217
-0.3083536120899498
-0.3077578700410296
-0.3071599255116153
-0.30655964903693544
-0.3059571956064808
-0.30535256992643955
-0.3047457767420755
-0.30413682083763033
-0.30352570703622295
-0.3029124401997474
-0.3022970252287671
-0.30167946706240617
-0.30105977067824014
-0.3004379341975474
-0.2998138126072187
-0.2991875685393038
-0.29855920713567335
-0.2979287335760133
-0.297296153077697
-0.29666147089565653
-0.2960246923222503
-0.2953858226871276
-0.2947448673570922
-0.2941018317359628
-0.2934566964715623
-0.29280935562838634
-0.29215995161552233
-0.29150848999453394
-0.29085497636320573
-0.2901994163553884
-0.28954181564084036
-0.2888821799250676
-0.28822051494916073
-0.28755682648963
-0.2868911203582374
-0.2862233415597529
-0.28555346052228997
-0.28488158025286653
-0.284207706713005
-0.28353184589853675
-0.2828540038394202
-0.2821741865995564
-0.28149240027660133
-0.28080865100177804
-0.2801229449396837
-0.2794352882880975
-0.2787455803822329
-0.27805388893893246
-0.2773602665895694
-0.27666471967235035
-0.27596725455758137
-0.2752678776474618
-0.27456659537587486
-0.27386341420817545
-0.2731583406409782
-0.2724513812019413
-0.2717425346288084
-0.27103167550054535
-0.2703189512410324
-0.2696043685087677
-0.26888793399209643
-0.26816965440898366
-0.2674495365067846
-0.2667275870620133
-0.26600381288011077
-0.26527822079520935
-0.2645508176698958
-0.2638215517887304
-0.2630904059770586
-0.2623574709350648
-0.26162275364460047
-0.26088626111466334
-0.2601480003811516
-0.2594079785066142
-0.25866620258000134
-0.2579226797164127
-0.25717741705684427
-0.25643042176793346
-0.255681600817214
-0.25493102758236585
-0.25417874449287653
-0.2534247588221143
-0.252669077867687
-0.25191170895117837
-0.2511526594178837
-0.250391936636544
-0.24962954799907897
-0.24886550092031776
-0.24809980279356397
-0.24733233327745036
-0.2465632288748308
-0.24579249709514797
-0.24502014546928366
-0.24424618154928257
-0.24347061290807712
-0.24269344713920982
-0.24191469185655506
-0.2411343546940407
-0.24035244330536773
-0.2395689471387928
-0.23878379040915423
-0.23799708375230413
-0.2372088349026793
-0.23641905161296092
-0.23562774165379052
-0.23483491281348498
-0.23404057289774974
-0.2332447297293928
-0.23244739114803728
-0.23164856500983425
-0.23084824230495524
-0.2300463530393953
-0.2292430011373651
-0.22843819452144395
-0.22763194112917357
-0.2268242489127688
-0.22601512583882566
-0.22520457988803091
-0.2243926190548708
-0.22357925134733916
-0.2227644847866465
-0.22194832740692658
-0.22113068927016172
-0.22031167250245404
-0.2194912903709122
-0.2186695509602681
-0.2178464623665975
-0.2170220326970265
-0.21619627006944048
-0.2153691826121906
-0.2145407784638024
-0.21371106577268306
-0.21288005269683
-0.21204770067494094
-0.21121401796890643
-0.210379060691232
-0.209542837035934
-0.208705355205045
-0.20786662340832282
-0.2070266498629606
-0.2061854427932971
-0.2053430104305277
-0.20449936101241512
-0.20365450278300148
-0.2028084439923195
-0.20196113172360927
-0.2011126129330269
-0.20026291964177587
-0.19941206012023274
-0.19856004264322039
-0.19770687548972324
-0.1968525669426049
-0.1959971252883242
-0.19514055881665351
-0.194282875820397
-0.19342408459511026
-0.19256419343882003
-0.19170316926411488
-0.19084102896813704
-0.1899778149029784
-0.1891135353717532
-0.18824819867855203
-0.1873818131281684
-0.18651438702582596
-0.18564592867690594
-0.1847764463866751
-0.1839059484600165
-0.18303444320115955
-0.1821619389134116
-0.18128844389889165
-0.18041390898444667
-0.179538393517743
-0.17866191343786095
-0.17778447703622058
-0.17690609260163612
-0.1760267684200552
-0.17514651277430174
-0.1742653339438184
-0.17338324020441045
-0.1725002398279911
-0.1716163410823293
-0.17073155223079645
-0.1698458815321164
-0.1689593045407687
-0.1680718406333005
-0.16718352078798154
-0.1662943532380155
-0.16540434621063835
-0.16451350792687508
-0.16362184660130094
-0.1627293704418024
-0.16183608764934007
-0.16094200641771303
-0.16004713493332495
-0.15915148137495133
-0.15825505391350903
-0.15735786071182647
-0.15645988716484807
-0.1555611425726276
-0.15466165776922453
-0.1537614408773076
-0.1528605000102583
-0.15195884327195056
-0.15105647875653475
-0.1501534145482207
-0.14924965872106508
-0.14834521933875836
-0.14744010445441433
-0.14653432211036202
-0.14562788033793708
-0.14472078715727774
-0.14381305057712046
-0.14290466555485332
-0.1419956315789846
-0.14108597915920087
-0.14017571625010966
-0.13926485079386283
-0.1383533907199643
-0.13744134394507931
-0.13652871837284694
-0.13561552189369222
-0.13470176238464127
-0.13378744770914025
-0.13287258571687166
-0.13195718424357555
-0.13104125111087295
-0.13012479412608904
-0.12920782108208023
-0.12829033975706158
-0.12737233737653628
-0.12645383829485818
-0.12553485505893125
-0.12461539537934484
-0.12369546695116847
-0.12277507745379374
-0.12185423455077544
-0.12093294588967551
-0.12001121910190941
-0.11908906180259345
-0.11816648159039486
-0.11724348604738326
-0.1163200827388838
-0.11539627921333266
-0.1144720830021353
-0.11354750161952415
-0.11262254256242045
-0.11169721331029735
-0.11077151814801921
-0.10984545517915098
-0.1089190450922237
-0.10799229528759736
-0.10706521314749916
-0.10613780603589851
-0.10521008129838327
-0.10428204626204055
-0.10335370823533697
-0.10242507450800109
-0.10149615235090903
-0.10056694901597116
-0.09963747173602065
-0.0987077277247034
-0.0977777241763709
-0.09684746826597525
-0.09591696714896394
-0.09498622796117867
-0.09405525781875496
-0.09312406381802431
-0.09219265303541735
-0.0912610325273697
-0.09032920722674657
-0.0893971813032051
-0.08846496726987442
-0.08753257209395839
-0.08660000272221187
-0.08566726608085794
-0.08473436907550701
-0.0838013185910777
-0.08286812149172007
-0.08193478462073954
-0.08100131480052414
-0.08006771883247248
-0.07913400349692305
-0.07820017555308673
-0.07726624173898011
-0.07633220877136042
-0.07539808334566296
-0.07446387213594008
-0.07352958179480124
-0.07259521895335544
-0.07166079022115522
-0.07072630218614205
-0.0697917614145947
-0.06885717445107717
-0.06792254781839024
-0.06698788801752374
-0.06605320152761063
-0.06511849480588347
-0.06418377428763032
-0.06324904636313297
-0.062314317758611876
-0.06137959486148672
-0.060444884010654475
-0.05951019152289343
-0.058575523692831526
-0.0576408867929155
-0.05670628707338203
-0.05577173076223058
-0.05483722406519748
-0.053902773165731964
-0.052968384224973186
-0.0520340633817292
-0.0510998167524577
-0.05016565043124726
-0.049231570489801334
-0.048297582977423
-0.04736369392100116
-0.046429909324998755
-0.045496235171441454
-0.044562677419909213
-0.04362924200752801
-0.042695934848963384
-0.04176276183641588
-0.04082972883961733
-0.03989684170582849
-0.03896410625983846
-0.03803152830396544
-0.03709911361805888
-0.03616686795950219
-0.035234797063217985
-0.03430290664167404
-0.033371202384890074
-0.032439689960446945
-0.03150837501349653
-0.030577263166773415
-0.029646360020605958
-0.028715671152931617
-0.027785202119311188
-0.02685495845294512
-0.025924945664691237
-0.02499516924308338
-0.024065634654350746
-0.02313634734244053
-0.02220731272903839
-0.021278536213593477
-0.020350023173341437
-0.019421778963332116
-0.018493808916455082
-0.01756611834346805
-0.01663871253302624
-0.01571159675171223
-0.014784776244068626
-0.013858256232628194
-0.012932041917949447
-0.012006138478650504
-0.011080551071444556
-0.010155284831176566
-0.009230344870861133
-0.008305736281721487
-0.007381464133228317
-0.006457533473140644
-0.005533949327548911
-0.004610716700915762
-0.003687840576120256
-0.0027653259145028527
-0.0018431776559104326
-0.0009214007187430625
-9.376202055971923e-17
